1.41       0.5       0.902509      0.0564868     0.00234473      0.0564868
1.49       0.5       0.975574       0.041246     0.00117237      0.0320802
1.57       0.5        1.03502      0.0375157     0.00138552      0.0227013
1.65       0.5        1.06376      0.0510513     0.00117237      0.0139618
1.73       0.5        1.02477      0.0403934     0.00117237     0.00319736
1.81       0.5       0.997682      0.0424184     0.00181184     0.00426315
1.89       0.5        1.04425       0.053396      0.0050092     0.00916578
1.97       0.5       0.983083      0.0509447     0.00809999     0.00575526
2.05       0.5        1.04946      0.0548881     0.00778025     0.00575526
2.13       0.5        1.03116      0.0570197     0.00820657      0.0158802
2.93       0.5        1.38213        0.15731      0.0186513     0.00298421
3.01       0.5        1.32085       0.151235      0.0174789     0.00373026
3.09       0.5         1.4157        0.14953      0.0163066     0.00479605
3.17       0.5        1.37982       0.141217      0.0158802     0.00639473
3.25       0.5        1.37147       0.136421      0.0140684     0.00671447
3.33       0.5        1.50066      0.0253658     0.00660789    0.000426315
3.41       0.5        1.51294      0.0280302     0.00522236    0.000213158
3.49       0.5        1.50568      0.0757775     0.00831315     0.00628815
3.57       0.5        1.53713        0.11777      0.0109776      0.0140684
3.65       0.5        1.49205       0.142602      0.0166263      0.0180118
3.73       0.5        1.54457       0.108391      0.0125763      0.0175855
3.81       0.5         1.5676       0.119475      0.0132158      0.0124697
3.89       0.5        1.65155      0.0749249     0.00586184      0.0114039
3.97       0.5        1.62436       0.114572        0.01215      0.0180118
4.05       0.5        1.59543        0.11276      0.0132158        0.02025
0.61       0.8       0.157737      0.0110842     0.00873946     0.00106579
0.69       0.8       0.237577      0.0150276     0.00991183     0.00106579
0.77       0.8       0.356864      0.0197171      0.0090592     0.00522236
0.85       0.8       0.444474      0.0225947     0.00778025     0.00458289
0.93       0.8       0.472259      0.0240868     0.00532894     0.00181184
1.01       0.8       0.484294      0.0170526     0.00319736     0.00490263
1.09       0.8        0.45817      0.0152408     0.00266447     0.00330394
1.17       0.8       0.453109      0.0135355     0.00245131     0.00106579
1.25       0.8       0.445606      0.0125763     0.00255789     0.00468947
1.33       0.8       0.520957      0.0138552     0.00277105      0.0112974
1.41       0.8       0.544445      0.0148145     0.00309079      0.0139618
1.49       0.8       0.573377      0.0148145     0.00394342      0.0111908
1.57       0.8       0.594716      0.0175855     0.00330394     0.00991183
2.45       0.8       0.841546      0.0193973     0.00341052              0
2.53       0.8       0.859059      0.0171592     0.00319736              0
2.61       0.8         0.8963      0.0143881     0.00266447              0
2.69       0.8       0.907879        0.01215     0.00245131              0
2.77       0.8       0.945898      0.0151342     0.00277105    0.000106579
2.85       0.8       0.998912      0.0188645     0.00287763              0
2.93       0.8          0.984      0.0175855     0.00245131              0
3.01       0.8        1.00408      0.0158802       0.002025    0.000106579
3.09       0.8        1.04459      0.0190776     0.00234473    0.000106579
3.17       0.8        1.06759      0.0233408     0.00309079              0
3.25       0.8        1.08607      0.0244066     0.00298421    0.000213158
3.33       0.8        1.06733      0.0401802     0.00660789    0.000426315
3.41       0.8        1.10095      0.0383684     0.00671447    0.000426315
3.49       0.8        1.12061       0.035171     0.00532894    0.000852631
3.57       0.8        1.14859      0.0370894     0.00660789    0.000959209
3.65       0.8        1.21219         0.0405     0.00511578     0.00127895
3.73       0.8        1.22477      0.0431644     0.00490263     0.00159868
3.81       0.8        1.27118      0.0438039     0.00468947     0.00223816
3.89       0.8        1.25789      0.0539289     0.00607499              0
3.97       0.8        1.33716      0.0564868     0.00543552              0
4.05       0.8        1.33527      0.0450828     0.00468947    0.000106579
4.13       0.8        1.34006      0.0336789     0.00362368    0.000106579
4.21       0.8        1.36176      0.0332526     0.00341052              0
4.29       0.8        1.38735      0.0329329     0.00277105              0
4.37       0.8        1.40151      0.0343184     0.00213158              0
4.45       0.8        1.39918      0.0352776     0.00223816              0
4.53       0.8        1.46077       0.039221     0.00191842              0
0.61      1.25      0.0954946     0.00426315     0.00106579     0.00106579
0.69      1.25       0.117854     0.00511578    0.000852631    0.000319736
0.77      1.25       0.149213     0.00714078    0.000639473    0.000852631
0.85      1.25       0.178146      0.0100184    0.000319736     0.00138552
0.93      1.25       0.205329       0.012896    0.000213158    0.000532894
1.73      1.25       0.321229      0.0377289     0.00106579    0.000639473
1.81      1.25       0.329009      0.0360236     0.00159868     0.00223816
1.89      1.25       0.341707      0.0393276    0.000959209    0.000959209
1.97      1.25       0.407005      0.0265381     0.00117237    0.000639473
2.05      1.25       0.413639      0.0114039    0.000959209              0
2.13      1.25       0.440085      0.0106579     0.00106579    0.000213158
2.21      1.25       0.450754      0.0103381     0.00117237    0.000106579
2.29      1.25       0.474595      0.0104447     0.00127895    0.000213158
2.37      1.25       0.493034      0.0102316     0.00127895    0.000213158
2.45      1.25       0.506729     0.00927236     0.00117237    0.000213158
2.53      1.25       0.534706     0.00937894     0.00106579    0.000106579
2.61      1.25       0.552637      0.0104447     0.00106579    0.000106579
2.69      1.25       0.565622      0.0124697     0.00127895    0.000106579
2.77      1.25         0.5766       0.012896     0.00159868              0
2.85      1.25       0.605621         0.0162     0.00138552    0.000213158
2.93      1.25       0.642244      0.0229144     0.00213158    0.000426315
3.01      1.25       0.678824      0.0255789     0.00330394     0.00106579
3.09      1.25       0.683961      0.0256855     0.00298421    0.000319736
3.17      1.25       0.707587       0.025046     0.00341052    0.000319736
3.25      1.25       0.705946      0.0267513     0.00394342    0.000426315
3.33      1.25        0.74473      0.0267513        0.00405    0.000106579
3.41      1.25       0.794134        0.02835     0.00373026              0
3.49      1.25       0.762646      0.0260052     0.00330394    0.000426315
3.57      1.25       0.764582        0.02835     0.00383684    0.000426315
3.65      1.25       0.812533      0.0320802     0.00394342    0.000532894
3.73      1.25       0.790979      0.0254723     0.00330394    0.000213158
3.81      1.25       0.817298      0.0223816     0.00298421     0.00223816
3.89      1.25       0.854766      0.0246197     0.00287763    0.000426315
3.97      1.25       0.892065      0.0215289     0.00245131    0.000319736
4.05      1.25       0.898459      0.0200368     0.00223816    0.000319736
4.13      1.25       0.941198      0.0206763       0.002025    0.000426315
4.21      1.25       0.950257      0.0206763     0.00213158    0.000426315
4.29      1.25       0.940168      0.0220618       0.002025    0.000319736
4.37      1.25        0.99396      0.0299486     0.00170526    0.000319736
0.85      1.75      0.0884604      0.0136421    0.000639473    0.000426315
0.93      1.75      0.0930433      0.0142816    0.000426315    0.000746052
1.01      1.75       0.102833     0.00991183    0.000639473    0.000319736
1.09      1.75       0.108261     0.00479605    0.000639473              0
1.17      1.75       0.115958     0.00447631    0.000639473              0
1.25      1.75       0.123322     0.00436973    0.000639473              0
1.33      1.75       0.137285     0.00415657    0.000639473    0.000106579
1.41      1.75       0.151964      0.0107645    0.000639473    0.000532894
1.49      1.75       0.162209      0.0143881     0.00138552    0.000426315
1.57      1.75       0.175971      0.0143881      0.0014921    0.000532894
1.65      1.75       0.166902     0.00447631    0.000426315              0
1.73      1.75       0.181504     0.00426315    0.000426315              0
1.81      1.75       0.193014     0.00362368    0.000426315              0
1.89      1.75       0.210658     0.00373026    0.000426315              0
1.97      1.75       0.220548     0.00383684    0.000532894              0
2.05      1.75       0.237556     0.00468947    0.000426315              0
2.13      1.75       0.244705     0.00532894    0.000639473              0
2.21      1.75       0.265204     0.00618157    0.000532894    0.000106579
2.29      1.75       0.278171      0.0070342    0.000319736    0.000213158
2.37      1.75       0.302871     0.00799341    0.000746052              0
2.45      1.75       0.319248      0.0135355     0.00181184    0.000426315
2.53      1.75       0.325279      0.0140684     0.00170526    0.000426315
2.61      1.75       0.389439      0.0176921     0.00170526    0.000426315
2.69      1.75       0.387759      0.0139618     0.00117237    0.000106579
2.77      1.75       0.418535      0.0142816    0.000852631    0.000213158
2.85      1.75       0.423069      0.0139618    0.000959209              0
2.93      1.75       0.441982      0.0123631     0.00106579              0
3.01      1.75       0.461256      0.0124697    0.000959209              0
3.09      1.75       0.480884      0.0127895    0.000852631              0
3.17      1.75       0.500494      0.0127895    0.000852631              0
3.25      1.75       0.501771      0.0138552    0.000959209              0
3.33      1.75       0.507315        0.01215     0.00127895    0.000106579
3.41      1.75       0.535407      0.0123631     0.00138552    0.000106579
3.49      1.75       0.540355      0.0168395     0.00245131    0.000639473
3.57      1.75       0.558234      0.0139618     0.00159868    0.000426315
3.65      1.75       0.559682      0.0140684     0.00170526    0.000319736
3.73      1.75       0.574528      0.0157737     0.00138552    0.000213158
3.81      1.75       0.588682      0.0165197    0.000852631    0.000213158
3.89      1.75       0.587075      0.0158802     0.00138552     0.00127895
3.97      1.75       0.628841      0.0221684    0.000319736    0.000639473
4.05      1.75       0.658836      0.0239802    0.000106579    0.000532894
4.13      1.75       0.695708      0.0260052    0.000106579    0.000532894
4.21      1.75       0.700037      0.0325065              0    0.000213158
4.29      1.75       0.671161      0.0409263    0.000106579              0
0.37      2.25      0.0117237     0.00234473    0.000213158              0
0.45      2.25      0.0147095     0.00298421    0.000213158              0
0.53      2.25      0.0213637     0.00383684    0.000213158              0
0.77      2.25      0.0377289     0.00234473    0.000213158              0
0.85      2.25      0.0439105     0.00127895    0.000213158              0
0.93      2.25      0.0492394     0.00127895    0.000213158              0
1.01      2.25      0.0549446     0.00138552    0.000213158              0
1.09      2.25       0.058392     0.00159868    0.000213158              0
1.17      2.25      0.0654394     0.00170526    0.000213158              0
1.25      2.25      0.0670381     0.00191842    0.000213158              0
1.33      2.25      0.0751611       0.002025    0.000213158              0
1.41      2.25      0.0781884     0.00223816    0.000213158              0
1.49      2.25      0.0857847     0.00287763    0.000213158              0
1.57      2.25      0.0921775     0.00341052    0.000213158              0
1.65      2.25       0.101657     0.00884604    0.000213158              0
1.73      2.25       0.121463     0.00799341    0.000213158              0
1.81      2.25       0.119795     0.00788683    0.000213158              0
1.89      2.25       0.131625     0.00724736    0.000213158              0
1.97      2.25       0.146138     0.00724736    0.000213158              0
2.05      2.25       0.159335     0.00724736    0.000213158              0
2.13      2.25       0.168075     0.00788683    0.000213158              0
2.21      2.25       0.174691     0.00746052    0.000213158              0
2.29      2.25       0.204881     0.00767368    0.000213158              0
2.37      2.25       0.219604     0.00692762    0.000213158              0
2.45      2.25       0.228543     0.00778025    0.000213158              0
2.53      2.25       0.227141     0.00884604    0.000213158              0
2.61      2.25        0.25451     0.00831315    0.000213158              0
2.69      2.25       0.259445      0.0102316    0.000213158              0
2.77      2.25       0.272379     0.00671447    0.000213158              0
2.85      2.25       0.285844     0.00682104    0.000213158              0
2.93      2.25        0.30311     0.00724736    0.000213158              0
3.01      2.25       0.308333     0.00596841    0.000213158              0
3.09      2.25       0.319523      0.0055421    0.000213158              0
3.17      2.25       0.335998     0.00596841    0.000213158              0
3.25      2.25       0.352407     0.00639473    0.000213158              0
3.33      2.25       0.362777     0.00831315    0.000213158              0
3.41      2.25       0.370148     0.00831315    0.000213158              0
3.49      2.25       0.378628     0.00873946    0.000213158              0
3.57      2.25       0.400415      0.0137487    0.000213158              0
3.65      2.25       0.401819      0.0127895    0.000213158              0
3.73      2.25       0.414312      0.0136421    0.000213158              0
3.81      2.25       0.446985      0.0234473    0.000213158              0
3.89      2.25       0.466299      0.0208894    0.000213158              0
4.45      2.25       0.541469      0.0177987    0.000213158              0
4.53      2.25       0.571062      0.0175855    0.000213158              0
4.61      2.25       0.569937      0.0173723    0.000213158              0
4.69      2.25       0.558686      0.0175855    0.000213158              0
4.77      2.25       0.594625      0.0183316    0.000213158              0
4.85      2.25       0.613894      0.0204631    0.000213158              0
0.45      2.75      0.0106579    0.000639473    0.000213158              0
0.53      2.75      0.0126829    0.000639473    0.000213158              0
0.61      2.75      0.0157737    0.000639473    0.000213158              0
0.69      2.75      0.0196276    0.000746052    0.000213158              0
0.77      2.75      0.0231276    0.000852631    0.000213158              0
0.85      2.75      0.0254723     0.00213158    0.000213158              0
0.93      2.75      0.0331262     0.00223816    0.000213158              0
1.01      2.75      0.0326189     0.00223816    0.000213158              0
1.09      2.75      0.0366631     0.00234473    0.000213158              0
1.17      2.75      0.0420986     0.00234473    0.000213158              0
1.25      2.75      0.0465749     0.00255789    0.000213158              0
1.33      2.75      0.0496199     0.00245131    0.000213158              0
1.41      2.75      0.0555491     0.00266447    0.000213158              0
1.49      2.75      0.0603236     0.00287763    0.000213158              0
1.57      2.75      0.0695821     0.00330394    0.000213158              0
1.65      2.75      0.0701118     0.00522236    0.000213158              0
1.73      2.75      0.0754578     0.00575526    0.000213158              0
1.81      2.75      0.0849608     0.00522236    0.000213158              0
1.97      2.75      0.0979459     0.00362368    0.000213158              0
2.05      2.75       0.108924     0.00362368    0.000213158              0
2.13      2.75       0.119155     0.00362368    0.000213158              0
2.21      2.75       0.126083     0.00319736    0.000213158              0
2.29      2.75       0.133863     0.00319736    0.000213158              0
2.53      2.75       0.167116     0.00341052    0.000213158              0
2.61      2.75       0.176472     0.00383684    0.000213158              0
2.69      2.75       0.179094     0.00436973    0.000213158              0
2.77      2.75       0.189284     0.00532894    0.000213158              0
2.85      2.75       0.206301     0.00511578    0.000213158              0
2.93      2.75        0.21202     0.00522236    0.000213158              0
3.01      2.75       0.223841     0.00778025    0.000213158              0
3.09      2.75       0.231724     0.00852631    0.000213158              0
3.17      2.75       0.241938     0.00959209    0.000213158              0
3.25      2.75       0.262823      0.0147079    0.000213158              0
3.57      2.75       0.289468     0.00809999    0.000213158              0
3.65      2.75       0.307154     0.00820657    0.000213158              0
3.73      2.75       0.310251     0.00788683    0.000213158              0
3.81      2.75       0.332633     0.00852631    0.000213158              0
3.89      2.75       0.342148      0.0103381    0.000213158              0
3.97      2.75       0.355159      0.0103381    0.000213158              0
4.05      2.75       0.336143      0.0105513    0.000213158              0
4.13      2.75       0.365889      0.0106579    0.000213158              0
4.21      2.75       0.379207     0.00873946    0.000213158              0
4.29      2.75       0.389482     0.00884604    0.000213158              0
4.37      2.75       0.400817      0.0104447    0.000213158              0
4.45      2.75       0.414389      0.0159868    0.000213158              0
4.53      2.75       0.445512      0.0177987    0.000213158              0
4.61      2.75       0.451255      0.0198237    0.000213158              0
1.41      3.25      0.0377289     0.00191842    0.000213158              0
1.49      3.25      0.0413973       0.002025    0.000213158              0
1.57      3.25      0.0438039     0.00213158    0.000213158              0
1.65      3.25       0.051371     0.00213158    0.000213158              0
1.73      3.25      0.0579699     0.00245131    0.000213158              0
1.81      3.25      0.0598114     0.00255789    0.000213158              0
1.89      3.25      0.0628772     0.00213158    0.000213158              0
1.97      3.25      0.0670764       0.002025    0.000213158              0
2.05      3.25      0.0755644     0.00191842    0.000213158              0
2.13      3.25      0.0825986     0.00213158    0.000213158              0
2.21      3.25      0.0886736     0.00213158    0.000213158              0
2.29      3.25      0.0910882     0.00245131    0.000213158              0
2.37      3.25       0.100794     0.00266447    0.000213158              0
2.45      3.25       0.106946     0.00287763    0.000213158              0
2.53      3.25       0.114882     0.00490263    0.000213158              0
2.61      3.25       0.125004     0.00543552    0.000213158              0
2.69      3.25       0.130677     0.00586184    0.000213158              0
2.77      3.25       0.144779      0.0050092    0.000213158              0
2.85      3.25       0.148438     0.00607499    0.000213158              0
2.93      3.25       0.158419     0.00607499    0.000213158              0
3.01      3.25       0.167761     0.00607499    0.000213158              0
3.09      3.25       0.174363     0.00660789    0.000213158              0
3.17      3.25       0.174683     0.00660789    0.000213158              0
3.25      3.25       0.184057     0.00671447    0.000213158              0
3.33      3.25       0.199825     0.00671447    0.000213158              0
3.41      3.25       0.210049     0.00639473    0.000213158              0
3.49      3.25       0.215076      0.0055421    0.000213158              0
3.57      3.25       0.221494     0.00596841    0.000213158              0
3.65      3.25       0.230504     0.00628815    0.000213158              0
3.73      3.25       0.229449     0.00650131    0.000213158              0
3.81      3.25       0.245543     0.00692762    0.000213158              0
3.89      3.25       0.264396     0.00714078    0.000213158              0
3.97      3.25       0.264477      0.0075671    0.000213158              0
4.05      3.25       0.280722     0.00820657    0.000213158              0
4.13      3.25       0.287987     0.00991183    0.000213158              0
0.93      3.75      0.0133311     0.00117237    0.000213158              0
1.01      3.75      0.0165984     0.00117237    0.000213158              0
1.09      3.75      0.0174719     0.00117237    0.000213158              0
1.17      3.75       0.020423     0.00138552    0.000213158              0
1.25      3.75       0.022321     0.00127895    0.000213158              0
1.33      3.75      0.0244066     0.00106579    0.000213158              0
1.41      3.75      0.0251036     0.00117237    0.000213158              0
1.49      3.75        0.02835     0.00106579    0.000213158              0
1.57      3.75      0.0310144     0.00106579    0.000213158              0
1.65      3.75      0.0334658     0.00106579    0.000213158              0
1.73      3.75      0.0390078     0.00127895    0.000213158              0
1.81      3.75      0.0420091      0.0014921    0.000213158              0
1.89      3.75      0.0449763     0.00170526    0.000213158              0
1.97      3.75      0.0497672     0.00181184    0.000213158              0
2.05      3.75      0.0560355     0.00181184    0.000213158              0
2.13      3.75      0.0605368     0.00191842    0.000213158              0
2.21      3.75      0.0672487     0.00287763    0.000213158              0
2.29      3.75      0.0707106     0.00277105    0.000213158              0
2.37      3.75       0.073646     0.00298421    0.000213158              0
2.45      3.75      0.0795078     0.00277105    0.000213158              0
2.53      3.75      0.0867552     0.00277105    0.000213158              0
2.61      3.75      0.0897394     0.00298421    0.000213158              0
2.69      3.75      0.0995446     0.00277105    0.000213158              0
2.77      3.75       0.103973     0.00309079    0.000213158              0
2.85      3.75       0.112014     0.00341052    0.000213158              0
2.93      3.75       0.118516     0.00341052    0.000213158              0
3.01      3.75       0.122415     0.00330394    0.000213158              0
3.09      3.75       0.125337     0.00383684    0.000106579              0
