*******************************************************************************************************
Z     A     E(GeV)     Theta(deg)     Energy Loss(GeV)     Sigma(nb/sr/GeV)     ERROR     Citation     
*******************************************************************************************************
6     12     1.3          13.54             0.0065              48.5051                     4.4843
6     12     1.3          13.54             0.0195              709.75                     17.1535
6     12     1.3          13.54             0.0325              2717.11                     33.5625
6     12     1.3          13.54             0.0455              5804.03                     49.053
6     12     1.3          13.54             0.0585              8945.25                     60.8971
6     12     1.3          13.54             0.0715              11675.2                     69.5718
6     12     1.3          13.54             0.0845              14285.8                     76.9578
6     12     1.3          13.54             0.0975              16488                     82.677
6     12     1.3          13.54             0.1105              18436.1                     87.4249
6     12     1.3          13.54             0.1235              20216.3                     91.5485
6     12     1.3          13.54             0.1365              21651.1                     94.7416
6     12     1.3          13.54             0.1495              23816.4                     99.3662
6     12     1.3          13.54             0.1625              25633.5                     103.087
6     12     1.3          13.54             0.1755              27778.1                     107.313
6     12     1.3          13.54             0.1885              30408.5                     112.279
6     12     1.3          13.54             0.2015              32803.1                     116.616
6     12     1.3          13.54             0.2145              35260.3                     120.905
6     12     1.3          13.54             0.2275              37497.3                     124.681
6     12     1.3          13.54             0.2405              38969.1                     127.104
6     12     1.3          13.54             0.2535              38947.5                     127.069
6     12     1.3          13.54             0.2665              37598.5                     124.849
6     12     1.3          13.54             0.2795              35156.2                     120.726
6     12     1.3          13.54             0.2925              31744.3                     114.719
6     12     1.3          13.54             0.3055              27710.5                     107.182
6     12     1.3          13.54             0.3185              23690.4                     99.103
6     12     1.3          13.54             0.3315              19807.1                     90.6172
6     12     1.3          13.54             0.3445              16190.7                     81.9283
6     12     1.3          13.54             0.3575              13176.8                     73.9104
6     12     1.3          13.54             0.3705              10920.7                     67.2862
6     12     1.3          13.54             0.3835              9044.75                     61.2349
6     12     1.3          13.54             0.3965              7766.62                     56.7436
6     12     1.3          13.54             0.4095              6857.87                     53.3206
6     12     1.3          13.54             0.4225              6377.8                     51.4205
6     12     1.3          13.54             0.4355              6236.01                     50.8457
6     12     1.3          13.54             0.4485              6076.4                     50.1908
6     12     1.3          13.54             0.4615              5885.7                     49.3969
6     12     1.3          13.54             0.4745              5965.3                     49.7298
6     12     1.3          13.54             0.4875              5810.66                     49.081
6     12     1.3          13.54             0.5005              5688.36                     48.5617
6     12     1.3          13.54             0.5135              5477.34                     47.6525
6     12     1.3          13.54             0.5265              5294.1                     46.8486
6     12     1.3          13.54             0.5395              4942.54                     45.2664
6     12     1.3          13.54             0.5525              4648.61                     43.8998
6     12     1.3          13.54             0.5655              4175.17                     41.6042
6     12     1.3          13.54             0.5785              3676.85                     39.0426
6     12     1.3          13.54             0.5915              3171.07                     36.258
6     12     1.3          13.54             0.6045              2650.37                     33.1477
6     12     1.3          13.54             0.6175              2228.33                     30.3942
6     12     1.3          13.54             0.6305              1788.05                     27.2265
6     12     1.3          13.54             0.6435              1421.57                     24.2764
6     12     1.3          13.54             0.6565              988.343                     20.242
6     12     1.3          13.54             0.6695              675.34                     16.7325
6     12     1.3          13.54             0.6825              414.573                     13.11
6     12     1.3          13.54             0.6955              231.332                     9.79306
6     12     1.3          13.54             0.7085              100.741                     6.46256
6     12     1.3          13.54             0.7215              36.0679                     3.86688
6     12     1.3          13.54             0.7345              12.4372                     2.27071
6     12     1.3          13.54             0.7475              2.90201                     1.09686
6     12     1.3          13.54             0.7605              0.829147                     0.586295
6     12     1.3          13.54             0.7735              0                     0
6     12     1.3          13.54             0.7865              0                     0
6     12     1.3          13.54             0.7995              0                     0
6     12     1.3          13.54             0.8125              0                     0
6     12     1.3          13.54             0.8255              0                     0
6     12     1.3          13.54             0.8385              0                     0
6     12     1.3          13.54             0.8515              0                     0
6     12     1.3          13.54             0.8645              0                     0
6     12     1.3          13.54             0.8775              0                     0
6     12     1.3          13.54             0.8905              0                     0
6     12     1.3          13.54             0.9035              0                     0
6     12     1.3          13.54             0.9165              0                     0
6     12     1.3          13.54             0.9295              0                     0
6     12     1.3          13.54             0.9425              0                     0
6     12     1.3          13.54             0.9555              0                     0
6     12     1.3          13.54             0.9685              0                     0
6     12     1.3          13.54             0.9815              0                     0
6     12     1.3          13.54             0.9945              0                     0
6     12     1.3          13.54             1.0075              0                     0
6     12     1.3          13.54             1.0205              0                     0
6     12     1.3          13.54             1.0335              0                     0
6     12     1.3          13.54             1.0465              0                     0
6     12     1.3          13.54             1.0595              0                     0
6     12     1.3          13.54             1.0725              0                     0
6     12     1.3          13.54             1.0855              0                     0
6     12     1.3          13.54             1.0985              0                     0
6     12     1.3          13.54             1.1115              0                     0
6     12     1.3          13.54             1.1245              0                     0
6     12     1.3          13.54             1.1375              0                     0
6     12     1.3          13.54             1.1505              0                     0
6     12     1.3          13.54             1.1635              0                     0
6     12     1.3          13.54             1.1765              0                     0
6     12     1.3          13.54             1.1895              0                     0
6     12     1.3          13.54             1.2025              0                     0
6     12     1.3          13.54             1.2155              0                     0
6     12     1.3          13.54             1.2285              0                     0
6     12     1.3          13.54             1.2415              0                     0
6     12     1.3          13.54             1.2545              0                     0
6     12     1.3          13.54             1.2675              0                     0
6     12     1.3          13.54             1.2805              0                     0
*******************************************************************************************************
 Average mean_angle 2.38362e+07 +- 17892.8 deg 
 Average E' 1.8465e+06 +- 1386.09 GeV 
