*******************************************************************************************************
Z     A     E(GeV)     Theta(deg)     Energy Loss(GeV)     Sigma(nb/sr/GeV)     ERROR     Citation     
*******************************************************************************************************
6     12     1.501          37.5             0.007505              0                     0
6     12     1.501          37.5             0.022515              0                     0
6     12     1.501          37.5             0.037525              0                     0
6     12     1.501          37.5             0.052535              0                     0
6     12     1.501          37.5             0.067545              0                     0
6     12     1.501          37.5             0.082555              0                     0
6     12     1.501          37.5             0.097565              0                     0
6     12     1.501          37.5             0.112575              0                     0
6     12     1.501          37.5             0.127585              0.64796                     0.458177
6     12     1.501          37.5             0.142595              0.32398                     0.32398
6     12     1.501          37.5             0.157605              2.59184                     0.916353
6     12     1.501          37.5             0.172615              4.21174                     1.16813
6     12     1.501          37.5             0.187625              6.15562                     1.4122
6     12     1.501          37.5             0.202635              7.12756                     1.5196
6     12     1.501          37.5             0.217645              11.9873                     1.97069
6     12     1.501          37.5             0.232655              16.523                     2.31368
6     12     1.501          37.5             0.247665              13.6072                     2.09963
6     12     1.501          37.5             0.262675              21.7066                     2.65189
6     12     1.501          37.5             0.277685              22.3546                     2.69118
6     12     1.501          37.5             0.292695              27.5383                     2.98695
6     12     1.501          37.5             0.307705              47.625                     3.92805
6     12     1.501          37.5             0.322715              53.7807                     4.17419
6     12     1.501          37.5             0.337725              59.9363                     4.4066
6     12     1.501          37.5             0.352735              67.7118                     4.68372
6     12     1.501          37.5             0.367745              87.1506                     5.31366
6     12     1.501          37.5             0.382755              103.674                     5.79553
6     12     1.501          37.5             0.397765              124.732                     6.35694
6     12     1.501          37.5             0.412775              138.339                     6.69471
6     12     1.501          37.5             0.427785              155.51                     7.09804
6     12     1.501          37.5             0.442795              181.753                     7.6736
6     12     1.501          37.5             0.457805              190.5                     7.85609
6     12     1.501          37.5             0.472815              211.883                     8.28527
6     12     1.501          37.5             0.487825              206.375                     8.17688
6     12     1.501          37.5             0.502835              216.419                     8.37348
6     12     1.501          37.5             0.517845              223.87                     8.51642
6     12     1.501          37.5             0.532855              232.942                     8.68725
6     12     1.501          37.5             0.547865              214.475                     8.33579
6     12     1.501          37.5             0.562875              210.911                     8.26625
6     12     1.501          37.5             0.577885              196.98                     7.98858
6     12     1.501          37.5             0.592895              190.176                     7.84941
6     12     1.501          37.5             0.607905              170.737                     7.43744
6     12     1.501          37.5             0.622915              161.018                     7.22264
6     12     1.501          37.5             0.637925              144.495                     6.84204
6     12     1.501          37.5             0.652935              137.691                     6.67902
6     12     1.501          37.5             0.667945              114.041                     6.0784
6     12     1.501          37.5             0.682955              102.054                     5.75007
6     12     1.501          37.5             0.697965              94.9261                     5.54564
6     12     1.501          37.5             0.712975              85.2067                     5.25407
6     12     1.501          37.5             0.727985              86.8266                     5.30378
6     12     1.501          37.5             0.742995              70.9516                     4.79446
6     12     1.501          37.5             0.758005              74.1914                     4.9027
6     12     1.501          37.5             0.773015              71.5995                     4.81631
6     12     1.501          37.5             0.788025              80.671                     5.11232
6     12     1.501          37.5             0.803035              70.6276                     4.78351
6     12     1.501          37.5             0.818045              74.5154                     4.9134
6     12     1.501          37.5             0.833055              80.671                     5.11232
6     12     1.501          37.5             0.848065              74.5154                     4.9134
6     12     1.501          37.5             0.863075              75.8113                     4.95594
6     12     1.501          37.5             0.878085              74.1914                     4.9027
6     12     1.501          37.5             0.893095              76.1353                     4.96652
6     12     1.501          37.5             0.908105              68.0358                     4.69491
6     12     1.501          37.5             0.923115              73.8674                     4.89199
6     12     1.501          37.5             0.938125              66.4159                     4.63869
6     12     1.501          37.5             0.953135              70.3036                     4.77252
6     12     1.501          37.5             0.968145              69.0077                     4.72833
6     12     1.501          37.5             0.983155              69.6557                     4.75048
6     12     1.501          37.5             0.998165              65.1199                     4.59321
6     12     1.501          37.5             1.01317              75.4873                     4.94534
6     12     1.501          37.5             1.02819              77.7552                     5.01907
6     12     1.501          37.5             1.0432              64.148                     4.5588
6     12     1.501          37.5             1.05821              61.8801                     4.47749
6     12     1.501          37.5             1.07322              79.699                     5.08143
6     12     1.501          37.5             1.08822              70.3036                     4.77252
6     12     1.501          37.5             1.10323              72.8955                     4.8597
6     12     1.501          37.5             1.11824              77.7552                     5.01907
6     12     1.501          37.5             1.13326              83.9108                     5.21396
6     12     1.501          37.5             1.14827              81.3189                     5.13281
6     12     1.501          37.5             1.16328              82.2909                     5.16339
6     12     1.501          37.5             1.17829              80.671                     5.11232
6     12     1.501          37.5             1.19329              76.4592                     4.97707
6     12     1.501          37.5             1.2083              86.5026                     5.29387
6     12     1.501          37.5             1.22331              77.7552                     5.01907
6     12     1.501          37.5             1.23833              94.6021                     5.53617
6     12     1.501          37.5             1.25334              96.546                     5.59276
6     12     1.501          37.5             1.26835              104.969                     5.83164
6     12     1.501          37.5             1.28336              103.026                     5.77739
6     12     1.501          37.5             1.29836              100.11                     5.69505
6     12     1.501          37.5             1.31337              101.082                     5.72262
6     12     1.501          37.5             1.32838              81.9669                     5.15321
6     12     1.501          37.5             1.3434              34.6658                     3.35127
6     12     1.501          37.5             1.35841              5.50766                     1.3358
6     12     1.501          37.5             1.37342              0                     0
6     12     1.501          37.5             1.38843              0                     0
6     12     1.501          37.5             1.40343              0                     0
6     12     1.501          37.5             1.41844              0                     0
6     12     1.501          37.5             1.43345              0                     0
6     12     1.501          37.5             1.44847              0                     0
6     12     1.501          37.5             1.46348              0                     0
6     12     1.501          37.5             1.47849              0                     0
*******************************************************************************************************
 Average mean_angle 868947 +- 5701.97 deg 
 Average E' 17546.4 +- 115.138 GeV 
