*******************************************************************************************************
Z     A     E(GeV)     Theta(deg)     Energy Loss(GeV)     Sigma(nb/sr/GeV)     ERROR     Citation     
*******************************************************************************************************
6     12     4.134          39.01             2.0125              0.457667                     0.0177209
6     12     4.134          39.01             2.0375              0.666258                     0.0213813
6     12     4.134          39.01             2.0625              0.91945                     0.0251175
6     12     4.134          39.01             2.0875              1.23097                     0.0290626
6     12     4.134          39.01             2.1125              1.71539                     0.0343079
6     12     4.134          39.01             2.1375              2.18335                     0.0387056
6     12     4.134          39.01             2.1625              2.77139                     0.0436074
6     12     4.134          39.01             2.1875              3.43422                     0.0485429
6     12     4.134          39.01             2.2125              4.39209                     0.0548968
6     12     4.134          39.01             2.2375              5.31223                     0.060374
6     12     4.134          39.01             2.2625              6.28726                     0.0656814
6     12     4.134          39.01             2.2875              7.42216                     0.0713636
6     12     4.134          39.01             2.3125              8.77114                     0.0775782
6     12     4.134          39.01             2.3375              9.86282                     0.0822645
6     12     4.134          39.01             2.3625              11.288                     0.0880075
6     12     4.134          39.01             2.3875              12.6404                     0.0931305
6     12     4.134          39.01             2.4125              13.846                     0.0974705
6     12     4.134          39.01             2.4375              15.1105                     0.101824
6     12     4.134          39.01             2.4625              16.4369                     0.106199
6     12     4.134          39.01             2.4875              17.6747                     0.110126
6     12     4.134          39.01             2.5125              18.9366                     0.113989
6     12     4.134          39.01             2.5375              20.1785                     0.117667
6     12     4.134          39.01             2.5625              21.2441                     0.120734
6     12     4.134          39.01             2.5875              22.3227                     0.123761
6     12     4.134          39.01             2.6125              23.2449                     0.126292
6     12     4.134          39.01             2.6375              23.9935                     0.12831
6     12     4.134          39.01             2.6625              25.2664                     0.131669
6     12     4.134          39.01             2.6875              26.4095                     0.134614
6     12     4.134          39.01             2.7125              27.4326                     0.137197
6     12     4.134          39.01             2.7375              28.433                     0.139676
6     12     4.134          39.01             2.7625              29.5226                     0.142328
6     12     4.134          39.01             2.7875              30.8208                     0.145423
6     12     4.134          39.01             2.8125              32.0463                     0.148286
6     12     4.134          39.01             2.8375              33.3905                     0.151364
6     12     4.134          39.01             2.8625              34.6283                     0.154144
6     12     4.134          39.01             2.8875              35.7721                     0.156669
6     12     4.134          39.01             2.9125              37.917                     0.161298
6     12     4.134          39.01             2.9375              39.2098                     0.164025
6     12     4.134          39.01             2.9625              40.9636                     0.167653
*******************************************************************************************************
 Average angle 38.949 +- 0.0195547 deg 
 Average E' 0.926066 +- 0.00046494 GeV 
