*******************************************************************************************************
Z     A     E(GeV)     Theta(deg)     Energy Loss(GeV)     Sigma(nb/sr/GeV)     ERROR     Citation     
*******************************************************************************************************
6     12     2.346          20             0.711              126.606                     0.684105
6     12     2.346          20             0.733              97.4438                     0.600169
6     12     2.346          20             0.755              77.5788                     0.53551
6     12     2.346          20             0.777              60.2236                     0.471824
6     12     2.346          20             0.799              47.1269                     0.417379
6     12     2.346          20             0.821              36.7249                     0.368448
6     12     2.346          20             0.843              28.5408                     0.32481
6     12     2.346          20             0.865              22.0201                     0.285303
6     12     2.346          20             0.887              17.2812                     0.252745
6     12     2.346          20             0.909              13.1855                     0.220772
6     12     2.346          20             0.931              10.1543                     0.193741
6     12     2.346          20             0.953              7.38564                     0.16523
6     12     2.346          20             0.975              5.38582                     0.141098
6     12     2.346          20             0.997              3.9257                     0.120463
6     12     2.346          20             1.019              2.73172                     0.100488
6     12     2.346          20             1.041              1.83347                     0.0823253
6     12     2.346          20             1.063              1.10526                     0.0639187
6     12     2.346          20             1.085              0.56187                     0.0455737
6     12     2.346          20             1.107              0.23288                     0.0293402
6     12     2.346          20             1.129              0.00369651                     0.00369651
6     12     2.346          20             1.151              0                     0
6     12     2.346          20             1.173              0                     0
6     12     2.346          20             1.195              0                     0
6     12     2.346          20             1.217              0                     0
6     12     2.346          20             1.239              0                     0
6     12     2.346          20             1.261              0                     0
6     12     2.346          20             1.283              0                     0
6     12     2.346          20             1.305              0                     0
6     12     2.346          20             1.327              0                     0
6     12     2.346          20             1.349              0                     0
6     12     2.346          20             1.371              0                     0
6     12     2.346          20             1.393              0                     0
6     12     2.346          20             1.415              0                     0
6     12     2.346          20             1.437              0                     0
6     12     2.346          20             1.459              0                     0
6     12     2.346          20             1.481              0                     0
6     12     2.346          20             1.503              0                     0
6     12     2.346          20             1.525              0                     0
6     12     2.346          20             1.547              0                     0
6     12     2.346          20             1.569              0                     0
6     12     2.346          20             1.591              0                     0
6     12     2.346          20             1.613              0                     0
6     12     2.346          20             1.635              0                     0
6     12     2.346          20             1.657              0                     0
6     12     2.346          20             1.679              0                     0
6     12     2.346          20             1.701              0                     0
6     12     2.346          20             1.723              0                     0
6     12     2.346          20             1.745              0                     0
6     12     2.346          20             1.767              0                     0
*******************************************************************************************************
 Average mean_angle 3.21326e+08 +- 79796.2 deg 
 Average E' 3.23022e+07 +- 8021.75 GeV 
