*******************************************************************************************************
Z     A     E(GeV)     Theta(deg)     Energy Loss(GeV)     Sigma(nb/sr/GeV)     ERROR     Citation     
*******************************************************************************************************
6     12     1.3          11.95             0.0065              0                     0
6     12     1.3          11.95             0.0195              0                     0
6     12     1.3          11.95             0.0325              0                     0
6     12     1.3          11.95             0.0455              0                     0
6     12     1.3          11.95             0.0585              0                     0
6     12     1.3          11.95             0.0715              0                     0
6     12     1.3          11.95             0.0845              0                     0
6     12     1.3          11.95             0.0975              0                     0
6     12     1.3          11.95             0.1105              0                     0
6     12     1.3          11.95             0.1235              0                     0
6     12     1.3          11.95             0.1365              0                     0
6     12     1.3          11.95             0.1495              0                     0
6     12     1.3          11.95             0.1625              4.68765                     1.48237
6     12     1.3          11.95             0.1755              54.8455                     5.07047
6     12     1.3          11.95             0.1885              185.162                     9.31653
6     12     1.3          11.95             0.2015              492.204                     15.1897
6     12     1.3          11.95             0.2145              1044.41                     22.1265
6     12     1.3          11.95             0.2275              2049.91                     30.9988
6     12     1.3          11.95             0.2405              3468.86                     40.3247
6     12     1.3          11.95             0.2535              5682.37                     51.611
6     12     1.3          11.95             0.2665              9256.71                     65.8728
6     12     1.3          11.95             0.2795              14669.1                     82.9238
6     12     1.3          11.95             0.2925              22343.7                     102.342
6     12     1.3          11.95             0.3055              32563.7                     123.551
6     12     1.3          11.95             0.3185              44255.2                     144.032
6     12     1.3          11.95             0.3315              56080.3                     162.137
6     12     1.3          11.95             0.3445              66055.1                     175.967
6     12     1.3          11.95             0.3575              73465.4                     185.575
6     12     1.3          11.95             0.3705              77631.8                     190.764
6     12     1.3          11.95             0.3835              78433.3                     191.747
6     12     1.3          11.95             0.3965              77056.1                     190.056
6     12     1.3          11.95             0.4095              73766.3                     185.955
6     12     1.3          11.95             0.4225              69008.4                     179.858
6     12     1.3          11.95             0.4355              64213.8                     173.497
6     12     1.3          11.95             0.4485              58738.2                     165.935
6     12     1.3          11.95             0.4615              53207.7                     157.93
6     12     1.3          11.95             0.4745              48496.1                     150.776
6     12     1.3          11.95             0.4875              43756.9                     143.219
6     12     1.3          11.95             0.5005              39651.5                     136.335
6     12     1.3          11.95             0.5135              36012.4                     129.928
6     12     1.3          11.95             0.5265              32632.2                     123.68
6     12     1.3          11.95             0.5395              30152.4                     118.888
6     12     1.3          11.95             0.5525              27918.3                     114.399
6     12     1.3          11.95             0.5655              25945.2                     110.282
6     12     1.3          11.95             0.5785              24397.4                     106.942
6     12     1.3          11.95             0.5915              23398.4                     104.73
6     12     1.3          11.95             0.6045              22470.3                     102.632
6     12     1.3          11.95             0.6175              22007.1                     101.569
6     12     1.3          11.95             0.6305              21919.5                     101.366
6     12     1.3          11.95             0.6435              21924.2                     101.377
6     12     1.3          11.95             0.6565              22252.8                     102.134
6     12     1.3          11.95             0.6695              22884.7                     103.574
6     12     1.3          11.95             0.6825              23662.3                     105.319
6     12     1.3          11.95             0.6955              24331.3                     106.797
6     12     1.3          11.95             0.7085              25349.4                     109.009
6     12     1.3          11.95             0.7215              26017.4                     110.436
6     12     1.3          11.95             0.7345              26809.2                     112.104
6     12     1.3          11.95             0.7475              27319.2                     113.165
6     12     1.3          11.95             0.7605              27809.5                     114.176
6     12     1.3          11.95             0.7735              28213.1                     115.001
6     12     1.3          11.95             0.7865              28225.8                     115.027
6     12     1.3          11.95             0.7995              28229.5                     115.035
6     12     1.3          11.95             0.8125              28170.5                     114.914
6     12     1.3          11.95             0.8255              28105.8                     114.782
6     12     1.3          11.95             0.8385              27320.1                     113.167
6     12     1.3          11.95             0.8515              25477.9                     109.285
6     12     1.3          11.95             0.8645              23526.9                     105.017
6     12     1.3          11.95             0.8775              21426.3                     100.219
6     12     1.3          11.95             0.8905              19585                     95.8164
6     12     1.3          11.95             0.9035              17575.9                     90.7688
6     12     1.3          11.95             0.9165              15449.6                     85.1012
6     12     1.3          11.95             0.9295              13565.1                     79.7425
6     12     1.3          11.95             0.9425              11546.6                     73.5708
6     12     1.3          11.95             0.9555              9399.68                     66.3796
6     12     1.3          11.95             0.9685              7420.56                     58.9788
6     12     1.3          11.95             0.9815              5511.27                     50.8281
6     12     1.3          11.95             0.9945              3556.99                     40.8337
6     12     1.3          11.95             1.0075              1730.68                     28.483
6     12     1.3          11.95             1.0205              178.6                     9.14993
6     12     1.3          11.95             1.0335              0                     0
6     12     1.3          11.95             1.0465              0                     0
6     12     1.3          11.95             1.0595              0                     0
6     12     1.3          11.95             1.0725              0                     0
6     12     1.3          11.95             1.0855              0                     0
6     12     1.3          11.95             1.0985              0                     0
6     12     1.3          11.95             1.1115              0                     0
6     12     1.3          11.95             1.1245              0                     0
6     12     1.3          11.95             1.1375              0                     0
6     12     1.3          11.95             1.1505              0                     0
6     12     1.3          11.95             1.1635              0                     0
6     12     1.3          11.95             1.1765              0                     0
6     12     1.3          11.95             1.1895              0                     0
6     12     1.3          11.95             1.2025              0                     0
6     12     1.3          11.95             1.2155              0                     0
6     12     1.3          11.95             1.2285              0                     0
6     12     1.3          11.95             1.2415              0                     0
6     12     1.3          11.95             1.2545              0                     0
6     12     1.3          11.95             1.2675              0                     0
6     12     1.3          11.95             1.2805              0                     0
*******************************************************************************************************
 Average angle 4.75905e+07 +- 23795.3 deg 
 Average E' 3.02363e+06 +- 1511.82 GeV 
