*******************************************************************************************************
Z     A     E(GeV)     Theta(deg)     Energy Loss(GeV)     Sigma(nb/sr/GeV)     ERROR     Citation     
*******************************************************************************************************
6     12     0.24          36             0.0012              271449                     275.469
6     12     0.24          36             0.0036              369199                     321.262
6     12     0.24          36             0.006              424833                     344.618
6     12     0.24          36             0.0084              447691                     353.767
6     12     0.24          36             0.0108              451493                     355.266
6     12     0.24          36             0.0132              429942                     346.684
6     12     0.24          36             0.0156              397131                     333.192
6     12     0.24          36             0.018              348921                     312.314
6     12     0.24          36             0.0204              297684                     288.473
6     12     0.24          36             0.0228              242612                     260.426
6     12     0.24          36             0.0252              191257                     231.226
6     12     0.24          36             0.0276              143668                     200.405
6     12     0.24          36             0.03              102701                     169.44
6     12     0.24          36             0.0324              67260.2                     137.122
6     12     0.24          36             0.0348              37044.3                     101.763
6     12     0.24          36             0.0372              11252.7                     56.0862
6     12     0.24          36             0.0396              0                     0
6     12     0.24          36             0.042              0                     0
6     12     0.24          36             0.0444              0                     0
6     12     0.24          36             0.0468              0                     0
6     12     0.24          36             0.0492              0                     0
6     12     0.24          36             0.0516              0                     0
6     12     0.24          36             0.054              0                     0
6     12     0.24          36             0.0564              0                     0
6     12     0.24          36             0.0588              0                     0
6     12     0.24          36             0.0612              0                     0
6     12     0.24          36             0.0636              0                     0
6     12     0.24          36             0.066              0                     0
6     12     0.24          36             0.0684              0                     0
6     12     0.24          36             0.0708              0                     0
6     12     0.24          36             0.0732              0                     0
6     12     0.24          36             0.0756              0                     0
6     12     0.24          36             0.078              0                     0
6     12     0.24          36             0.0804              0                     0
6     12     0.24          36             0.0828              0                     0
6     12     0.24          36             0.0852              0                     0
6     12     0.24          36             0.0876              0                     0
6     12     0.24          36             0.09              0                     0
6     12     0.24          36             0.0924              0                     0
6     12     0.24          36             0.0948              0                     0
6     12     0.24          36             0.0972              0                     0
6     12     0.24          36             0.0996              0                     0
6     12     0.24          36             0.102              0                     0
6     12     0.24          36             0.1044              0                     0
6     12     0.24          36             0.1068              0                     0
6     12     0.24          36             0.1092              0                     0
6     12     0.24          36             0.1116              0                     0
6     12     0.24          36             0.114              0                     0
6     12     0.24          36             0.1164              0                     0
6     12     0.24          36             0.1188              0                     0
6     12     0.24          36             0.1212              0                     0
6     12     0.24          36             0.1236              0                     0
6     12     0.24          36             0.126              0                     0
6     12     0.24          36             0.1284              0                     0
6     12     0.24          36             0.1308              0                     0
6     12     0.24          36             0.1332              0                     0
6     12     0.24          36             0.1356              0                     0
6     12     0.24          36             0.138              0                     0
6     12     0.24          36             0.1404              0                     0
6     12     0.24          36             0.1428              0                     0
6     12     0.24          36             0.1452              0                     0
6     12     0.24          36             0.1476              0                     0
6     12     0.24          36             0.15              0                     0
6     12     0.24          36             0.1524              0                     0
6     12     0.24          36             0.1548              0                     0
6     12     0.24          36             0.1572              0                     0
6     12     0.24          36             0.1596              0                     0
6     12     0.24          36             0.162              0                     0
6     12     0.24          36             0.1644              0                     0
6     12     0.24          36             0.1668              0                     0
6     12     0.24          36             0.1692              0                     0
6     12     0.24          36             0.1716              0                     0
6     12     0.24          36             0.174              0                     0
6     12     0.24          36             0.1764              0                     0
6     12     0.24          36             0.1788              0                     0
6     12     0.24          36             0.1812              0                     0
6     12     0.24          36             0.1836              0                     0
6     12     0.24          36             0.186              0                     0
6     12     0.24          36             0.1884              0                     0
6     12     0.24          36             0.1908              0                     0
6     12     0.24          36             0.1932              0                     0
6     12     0.24          36             0.1956              0                     0
6     12     0.24          36             0.198              0                     0
6     12     0.24          36             0.2004              0                     0
6     12     0.24          36             0.2028              0                     0
6     12     0.24          36             0.2052              0                     0
6     12     0.24          36             0.2076              0                     0
6     12     0.24          36             0.21              0                     0
6     12     0.24          36             0.2124              0                     0
6     12     0.24          36             0.2148              0                     0
6     12     0.24          36             0.2172              0                     0
6     12     0.24          36             0.2196              0                     0
6     12     0.24          36             0.222              0                     0
6     12     0.24          36             0.2244              0                     0
6     12     0.24          36             0.2268              0                     0
6     12     0.24          36             0.2292              0                     0
6     12     0.24          36             0.2316              0                     0
6     12     0.24          36             0.234              0                     0
6     12     0.24          36             0.2364              0                     0
*******************************************************************************************************
 Average angle 36.3836 +- 0.00934871 deg 
 Average E' 0.226231 +- 5.81296e-05 GeV 
