*******************************************************************************************************
Z     A     E(GeV)     Theta(deg)     Energy Loss(GeV)     Sigma(nb/sr/GeV)     ERROR     Citation     
*******************************************************************************************************
6     12     5.011          24             0.0125275              0                     0
6     12     5.011          24             0.0375825              0                     0
6     12     5.011          24             0.0626375              0                     0
6     12     5.011          24             0.0876925              0                     0
6     12     5.011          24             0.112748              0                     0
6     12     5.011          24             0.137802              0                     0
6     12     5.011          24             0.162858              0                     0
6     12     5.011          24             0.187913              0                     0
6     12     5.011          24             0.212968              0                     0
6     12     5.011          24             0.238022              0                     0
6     12     5.011          24             0.263078              0                     0
6     12     5.011          24             0.288133              0                     0
6     12     5.011          24             0.313188              0                     0
6     12     5.011          24             0.338243              0                     0
6     12     5.011          24             0.363298              0                     0
6     12     5.011          24             0.388353              0                     0
6     12     5.011          24             0.413408              0                     0
6     12     5.011          24             0.438463              0                     0
6     12     5.011          24             0.463518              0                     0
6     12     5.011          24             0.488573              0                     0
6     12     5.011          24             0.513628              0                     0
6     12     5.011          24             0.538683              0                     0
6     12     5.011          24             0.563738              0                     0
6     12     5.011          24             0.588793              0                     0
6     12     5.011          24             0.613848              0                     0
6     12     5.011          24             0.638903              0                     0
6     12     5.011          24             0.663958              0                     0
6     12     5.011          24             0.689013              0                     0
6     12     5.011          24             0.714068              0                     0
6     12     5.011          24             0.739123              0                     0
6     12     5.011          24             0.764178              0                     0
6     12     5.011          24             0.789233              0                     0
6     12     5.011          24             0.814288              0                     0
6     12     5.011          24             0.839343              0                     0
6     12     5.011          24             0.864398              0                     0
6     12     5.011          24             0.889453              0                     0
6     12     5.011          24             0.914508              0                     0
6     12     5.011          24             0.939563              0                     0
6     12     5.011          24             0.964618              0                     0
6     12     5.011          24             0.989673              0                     0
6     12     5.011          24             1.01473              0                     0
6     12     5.011          24             1.03978              0                     0
6     12     5.011          24             1.06484              0                     0
6     12     5.011          24             1.08989              0                     0
6     12     5.011          24             1.11495              0                     0
6     12     5.011          24             1.14              0                     0
6     12     5.011          24             1.16506              0                     0
6     12     5.011          24             1.19011              0                     0
6     12     5.011          24             1.21517              0                     0
6     12     5.011          24             1.24022              0                     0
6     12     5.011          24             1.26528              0                     0
6     12     5.011          24             1.29033              0                     0
6     12     5.011          24             1.31539              0                     0
6     12     5.011          24             1.34044              0.462266                     0.462266
6     12     5.011          24             1.3655              0.462266                     0.462266
6     12     5.011          24             1.39055              0.462266                     0.462266
6     12     5.011          24             1.41561              0.462266                     0.462266
6     12     5.011          24             1.44066              0.462266                     0.462266
6     12     5.011          24             1.46572              1.3868                     0.800669
6     12     5.011          24             1.49077              2.31133                     1.03366
6     12     5.011          24             1.51583              2.31133                     1.03366
6     12     5.011          24             1.54088              4.62266                     1.46181
6     12     5.011          24             1.56594              3.69813                     1.30749
6     12     5.011          24             1.59099              3.23586                     1.22304
6     12     5.011          24             1.61605              6.47173                     1.72964
6     12     5.011          24             1.6411              13.4057                     2.48938
6     12     5.011          24             1.66616              10.6321                     2.21695
6     12     5.011          24             1.69121              13.4057                     2.48938
6     12     5.011          24             1.71627              14.7925                     2.61497
6     12     5.011          24             1.74132              16.1793                     2.7348
6     12     5.011          24             1.76638              17.5661                     2.8496
6     12     5.011          24             1.79143              21.7265                     3.16914
6     12     5.011          24             1.81649              36.519                     4.10871
6     12     5.011          24             1.84154              31.4341                     3.81195
6     12     5.011          24             1.8666              39.7549                     4.28688
6     12     5.011          24             1.89165              38.8304                     4.23674
6     12     5.011          24             1.91671              44.3776                     4.52927
6     12     5.011          24             1.94176              50.387                     4.8262
6     12     5.011          24             1.96682              57.7833                     5.16829
6     12     5.011          24             1.99187              59.6324                     5.25034
6     12     5.011          24             2.01693              61.0192                     5.31104
6     12     5.011          24             2.04198              66.1041                     5.5279
6     12     5.011          24             2.06704              75.8117                     5.9199
6     12     5.011          24             2.09209              82.2834                     6.1674
6     12     5.011          24             2.11715              98.0005                     6.7307
6     12     5.011          24             2.1422              90.6042                     6.47173
6     12     5.011          24             2.16726              92.4533                     6.53743
6     12     5.011          24             2.19231              91.5287                     6.50466
6     12     5.011          24             2.21737              94.3023                     6.60248
6     12     5.011          24             2.24242              89.6797                     6.43862
6     12     5.011          24             2.26748              112.793                     7.22083
6     12     5.011          24             2.29253              111.868                     7.19118
6     12     5.011          24             2.31759              108.633                     7.08641
6     12     5.011          24             2.34264              115.567                     7.30907
6     12     5.011          24             2.3677              120.652                     7.46814
6     12     5.011          24             2.39275              115.567                     7.30907
6     12     5.011          24             2.41781              125.274                     7.60986
6     12     5.011          24             2.44286              122.963                     7.53934
6     12     5.011          24             2.46792              125.274                     7.60986
6     12     5.011          24             2.49297              130.821                     7.77652
6     12     5.011          24             2.51803              136.831                     7.95313
6     12     5.011          24             2.54308              130.821                     7.77652
6     12     5.011          24             2.56814              142.378                     8.11274
6     12     5.011          24             2.59319              131.284                     7.79025
6     12     5.011          24             2.61825              148.85                     8.29507
6     12     5.011          24             2.6433              132.67                     7.83129
6     12     5.011          24             2.66836              148.85                     8.29507
6     12     5.011          24             2.69341              136.369                     7.93968
6     12     5.011          24             2.71847              137.755                     7.97995
6     12     5.011          24             2.74352              161.331                     8.63585
6     12     5.011          24             2.76858              134.982                     7.89921
6     12     5.011          24             2.79363              153.01                     8.4102
6     12     5.011          24             2.81869              165.029                     8.73427
6     12     5.011          24             2.84374              153.01                     8.4102
6     12     5.011          24             2.8688              177.51                     9.05853
6     12     5.011          24             2.89385              175.199                     8.99936
6     12     5.011          24             2.91891              167.803                     8.80736
6     12     5.011          24             2.94396              167.803                     8.80736
6     12     5.011          24             2.96902              186.756                     9.29144
6     12     5.011          24             2.99407              184.907                     9.24533
6     12     5.011          24             3.01913              183.982                     9.22218
6     12     5.011          24             3.04418              174.737                     8.98748
6     12     5.011          24             3.06924              200.161                     9.61914
6     12     5.011          24             3.09429              209.407                     9.83878
6     12     5.011          24             3.11935              197.85                     9.56344
6     12     5.011          24             3.1444              204.784                     9.72958
6     12     5.011          24             3.16946              197.85                     9.56344
6     12     5.011          24             3.19451              196.001                     9.51865
6     12     5.011          24             3.21957              206.633                     9.77341
6     12     5.011          24             3.24462              196.463                     9.52986
6     12     5.011          24             3.26968              205.246                     9.74056
6     12     5.011          24             3.29473              209.869                     9.84964
6     12     5.011          24             3.31979              205.709                     9.75152
6     12     5.011          24             3.34484              202.473                     9.67452
6     12     5.011          24             3.3699              218.19                     10.043
6     12     5.011          24             3.39495              216.341                     10.0003
6     12     5.011          24             3.42001              213.105                     9.92528
6     12     5.011          24             3.44506              208.944                     9.82792
6     12     5.011          24             3.47012              219.114                     10.0643
6     12     5.011          24             3.49517              227.897                     10.264
6     12     5.011          24             3.52023              234.369                     10.4087
6     12     5.011          24             3.54528              230.671                     10.3262
6     12     5.011          24             3.57034              218.652                     10.0536
6     12     5.011          24             3.59539              222.35                     10.1383
6     12     5.011          24             3.62045              229.746                     10.3055
6     12     5.011          24             3.6455              240.378                     10.5413
6     12     5.011          24             3.67056              243.152                     10.6019
6     12     5.011          24             3.69561              224.199                     10.1804
6     12     5.011          24             3.72067              227.435                     10.2536
6     12     5.011          24             3.74572              257.02                     10.9001
6     12     5.011          24             3.77078              223.275                     10.1593
6     12     5.011          24             3.79583              237.143                     10.4701
6     12     5.011          24             3.82089              246.388                     10.6722
6     12     5.011          24             3.84594              226.51                     10.2327
6     12     5.011          24             3.871              250.086                     10.752
6     12     5.011          24             3.89605              257.482                     10.9099
6     12     5.011          24             3.92111              242.228                     10.5818
6     12     5.011          24             3.94616              247.312                     10.6923
6     12     5.011          24             3.97122              247.312                     10.6923
6     12     5.011          24             3.99627              266.728                     11.104
6     12     5.011          24             4.02133              234.369                     10.4087
6     12     5.011          24             4.04638              251.935                     10.7917
6     12     5.011          24             4.07144              245.001                     10.6422
6     12     5.011          24             4.09649              246.85                     10.6823
6     12     5.011          24             4.12155              257.482                     10.9099
6     12     5.011          24             4.1466              233.444                     10.3881
6     12     5.011          24             4.17166              269.501                     11.1616
6     12     5.011          24             4.19671              242.228                     10.5818
6     12     5.011          24             4.22177              249.624                     10.7421
6     12     5.011          24             4.24682              242.228                     10.5818
6     12     5.011          24             4.27188              262.567                     11.0171
6     12     5.011          24             4.29693              258.869                     10.9392
6     12     5.011          24             4.32199              270.888                     11.1903
6     12     5.011          24             4.34704              263.03                     11.0268
6     12     5.011          24             4.3721              255.633                     10.8706
6     12     5.011          24             4.39715              258.407                     10.9294
6     12     5.011          24             4.42221              266.265                     11.0944
6     12     5.011          24             4.44726              245.926                     10.6622
6     12     5.011          24             4.47232              258.869                     10.9392
6     12     5.011          24             4.49737              265.341                     11.0751
6     12     5.011          24             4.52243              258.407                     10.9294
6     12     5.011          24             4.54748              245.926                     10.6622
6     12     5.011          24             4.57254              259.331                     10.949
6     12     5.011          24             4.59759              244.077                     10.6221
6     12     5.011          24             4.62265              248.237                     10.7122
6     12     5.011          24             4.6477              245.926                     10.6622
6     12     5.011          24             4.67276              240.378                     10.5413
6     12     5.011          24             4.69781              248.237                     10.7122
6     12     5.011          24             4.72287              257.945                     10.9197
6     12     5.011          24             4.74792              266.265                     11.0944
6     12     5.011          24             4.77298              235.756                     10.4394
6     12     5.011          24             4.79803              235.294                     10.4292
6     12     5.011          24             4.82309              211.718                     9.89293
6     12     5.011          24             4.84814              192.765                     9.43975
6     12     5.011          24             4.8732              183.982                     9.22218
6     12     5.011          24             4.89825              149.312                     8.30794
6     12     5.011          24             4.92331              122.038                     7.51094
6     12     5.011          24             4.94836              102.623                     6.88761
6     12     5.011          24             4.97342              73.0381                     5.8106
*******************************************************************************************************
 Average angle 23.8926 +- 0.105821 deg 
 Average E' 1.36108 +- 0.00602828 GeV 
