*******************************************************************************************************
Z     A     E(GeV)     Theta(deg)     Energy Loss(GeV)     Sigma(nb/sr/GeV)     ERROR     Citation     
*******************************************************************************************************
6     12     1.93          16             0.00965              0                     0
6     12     1.93          16             0.02895              0                     0
6     12     1.93          16             0.04825              0                     0
6     12     1.93          16             0.06755              0                     0
6     12     1.93          16             0.08685              0                     0
6     12     1.93          16             0.10615              0                     0
6     12     1.93          16             0.12545              0                     0
6     12     1.93          16             0.14475              0                     0
6     12     1.93          16             0.16405              0                     0
6     12     1.93          16             0.18335              0                     0
6     12     1.93          16             0.20265              0                     0
6     12     1.93          16             0.22195              0                     0
6     12     1.93          16             0.24125              0                     0
6     12     1.93          16             0.26055              0                     0
6     12     1.93          16             0.27985              0                     0
6     12     1.93          16             0.29915              0                     0
6     12     1.93          16             0.31845              0                     0
6     12     1.93          16             0.33775              0                     0
6     12     1.93          16             0.35705              0                     0
6     12     1.93          16             0.37635              0                     0
6     12     1.93          16             0.39565              0                     0
6     12     1.93          16             0.41495              0                     0
6     12     1.93          16             0.43425              0                     0
6     12     1.93          16             0.45355              0                     0
6     12     1.93          16             0.47285              0                     0
6     12     1.93          16             0.49215              0                     0
6     12     1.93          16             0.51145              0                     0
6     12     1.93          16             0.53075              0                     0
6     12     1.93          16             0.55005              0                     0
6     12     1.93          16             0.56935              0                     0
6     12     1.93          16             0.58865              0                     0
6     12     1.93          16             0.60795              0                     0
6     12     1.93          16             0.62725              0                     0
6     12     1.93          16             0.64655              0                     0
6     12     1.93          16             0.66585              0                     0
6     12     1.93          16             0.68515              0                     0
6     12     1.93          16             0.70445              0                     0
6     12     1.93          16             0.72375              0                     0
6     12     1.93          16             0.74305              0                     0
6     12     1.93          16             0.76235              0                     0
6     12     1.93          16             0.78165              0                     0
6     12     1.93          16             0.80095              0                     0
6     12     1.93          16             0.82025              0                     0
6     12     1.93          16             0.83955              0                     0
6     12     1.93          16             0.85885              0                     0
6     12     1.93          16             0.87815              0                     0
6     12     1.93          16             0.89745              0                     0
6     12     1.93          16             0.91675              0                     0
6     12     1.93          16             0.93605              0                     0
6     12     1.93          16             0.95535              0                     0
6     12     1.93          16             0.97465              0                     0
6     12     1.93          16             0.99395              0                     0
6     12     1.93          16             1.01325              0                     0
6     12     1.93          16             1.03255              0                     0
6     12     1.93          16             1.05185              0                     0
6     12     1.93          16             1.07115              0                     0
6     12     1.93          16             1.09045              0                     0
6     12     1.93          16             1.10975              0                     0
6     12     1.93          16             1.12905              1836.36                     49.7952
6     12     1.93          16             1.14835              5059.44                     82.6533
6     12     1.93          16             1.16765              5158                     83.4546
6     12     1.93          16             1.18695              5383.5                     85.2592
6     12     1.93          16             1.20625              5116.15                     83.1152
6     12     1.93          16             1.22555              5116.15                     83.1152
6     12     1.93          16             1.24485              5031.08                     82.4214
6     12     1.93          16             1.26415              5063.49                     82.6864
6     12     1.93          16             1.28345              4790.73                     80.4285
6     12     1.93          16             1.30275              4789.38                     80.4172
6     12     1.93          16             1.32205              4435.61                     77.3902
6     12     1.93          16             1.34135              4538.23                     78.2803
6     12     1.93          16             1.36065              4088.6                     74.3013
6     12     1.93          16             1.37995              4142.61                     74.7904
6     12     1.93          16             1.39925              3933.32                     72.8767
6     12     1.93          16             1.41855              3834.75                     71.9577
6     12     1.93          16             1.43785              3661.91                     70.3175
6     12     1.93          16             1.45715              3529.59                     69.0353
6     12     1.93          16             1.47645              3220.38                     65.9421
6     12     1.93          16             1.49575              3111.01                     64.8126
6     12     1.93          16             1.51505              2924.67                     62.8417
6     12     1.93          16             1.53435              2940.87                     63.0155
6     12     1.93          16             1.55365              2612.76                     59.3962
6     12     1.93          16             1.57295              2537.14                     58.5304
6     12     1.93          16             1.59225              2398.07                     56.9036
6     12     1.93          16             1.61155              2284.64                     55.5416
6     12     1.93          16             1.63085              2072.65                     52.9021
6     12     1.93          16             1.65015              1916.02                     50.8639
6     12     1.93          16             1.66945              1735.09                     48.4027
6     12     1.93          16             1.68875              1664.87                     47.4133
6     12     1.93          16             1.70805              1478.54                     44.6813
6     12     1.93          16             1.72735              1417.78                     43.7535
6     12     1.93          16             1.74665              1219.29                     40.5753
6     12     1.93          16             1.76595              1092.36                     38.4054
6     12     1.93          16             1.78525              644.075                     29.4902
6     12     1.93          16             1.80455              276.804                     19.3328
6     12     1.93          16             1.82385              8.10158                     3.30746
6     12     1.93          16             1.84315              0                     0
6     12     1.93          16             1.86245              0                     0
6     12     1.93          16             1.88175              0                     0
6     12     1.93          16             1.90105              0                     0
*******************************************************************************************************
 Average angle 1.35929e+06 +- 4656.42 deg 
 Average E' 46547.3 +- 159.453 GeV 
