*******************************************************************************************************
Z     A     E(GeV)     Theta(deg)     Energy Loss(GeV)     Sigma(nb/sr/GeV)     ERROR     Citation     
*******************************************************************************************************
6     12     1.65          13.54             0.00825              0                     0
6     12     1.65          13.54             0.02475              0                     0
6     12     1.65          13.54             0.04125              0                     0
6     12     1.65          13.54             0.05775              0                     0
6     12     1.65          13.54             0.07425              0                     0
6     12     1.65          13.54             0.09075              0                     0
6     12     1.65          13.54             0.10725              0                     0
6     12     1.65          13.54             0.12375              0                     0
6     12     1.65          13.54             0.14025              0                     0
6     12     1.65          13.54             0.15675              0                     0
6     12     1.65          13.54             0.17325              13.1021                     4.14323
6     12     1.65          13.54             0.18975              370.788                     22.0411
6     12     1.65          13.54             0.20625              1287.93                     41.0787
6     12     1.65          13.54             0.22275              2494.63                     57.1706
6     12     1.65          13.54             0.23925              4019.71                     72.5717
6     12     1.65          13.54             0.25575              5564.44                     85.3848
6     12     1.65          13.54             0.27225              6799.97                     94.3894
6     12     1.65          13.54             0.28875              7761.66                     100.843
6     12     1.65          13.54             0.30525              8313.26                     104.365
6     12     1.65          13.54             0.32175              8573.99                     105.989
6     12     1.65          13.54             0.33825              8771.83                     107.205
6     12     1.65          13.54             0.35475              8885.82                     107.899
6     12     1.65          13.54             0.37125              9260.54                     110.151
6     12     1.65          13.54             0.38775              9278.88                     110.26
6     12     1.65          13.54             0.40425              9219.92                     109.909
6     12     1.65          13.54             0.42075              9240.88                     110.034
6     12     1.65          13.54             0.43725              9332.6                     110.579
6     12     1.65          13.54             0.45375              9050.9                     108.897
6     12     1.65          13.54             0.47025              8991.94                     108.542
6     12     1.65          13.54             0.48675              8957.88                     108.336
6     12     1.65          13.54             0.50325              9044.35                     108.858
6     12     1.65          13.54             0.51975              9108.55                     109.243
6     12     1.65          13.54             0.53625              8931.67                     108.177
6     12     1.65          13.54             0.55275              8995.87                     108.565
6     12     1.65          13.54             0.56925              8960.5                     108.352
6     12     1.65          13.54             0.58575              8921.19                     108.114
6     12     1.65          13.54             0.60225              8843.89                     107.644
6     12     1.65          13.54             0.61875              8851.75                     107.692
6     12     1.65          13.54             0.63525              8749.56                     107.069
6     12     1.65          13.54             0.65175              8851.75                     107.692
6     12     1.65          13.54             0.66825              8678.8                     106.635
6     12     1.65          13.54             0.68475              8770.52                     107.197
6     12     1.65          13.54             0.70125              8433.8                     105.119
6     12     1.65          13.54             0.71775              8318.5                     104.398
6     12     1.65          13.54             0.73425              8369.6                     104.718
6     12     1.65          13.54             0.75075              8250.37                     103.97
6     12     1.65          13.54             0.76725              8056.46                     102.741
6     12     1.65          13.54             0.78375              8128.52                     103.199
6     12     1.65          13.54             0.80025              8090.52                     102.958
6     12     1.65          13.54             0.81675              7896.61                     101.716
6     12     1.65          13.54             0.83325              7679.12                     100.306
6     12     1.65          13.54             0.84975              7558.58                     99.5153
6     12     1.65          13.54             0.86625              7431.49                     98.6751
6     12     1.65          13.54             0.88275              7310.95                     97.8716
6     12     1.65          13.54             0.89925              7271.64                     97.6081
6     12     1.65          13.54             0.91575              7228.41                     97.3175
6     12     1.65          13.54             0.93225              7208.75                     97.1851
6     12     1.65          13.54             0.94875              6830.1                     94.5983
6     12     1.65          13.54             0.96525              6900.85                     95.087
6     12     1.65          13.54             0.98175              6814.38                     94.4894
6     12     1.65          13.54             0.99825              6720.05                     93.8331
6     12     1.65          13.54             1.01475              6777.7                     94.2347
6     12     1.65          13.54             1.03125              6855                     94.7706
6     12     1.65          13.54             1.04775              6654.54                     93.3746
6     12     1.65          13.54             1.06425              6650.61                     93.347
6     12     1.65          13.54             1.08075              6640.12                     93.2734
6     12     1.65          13.54             1.09725              2984.65                     62.534
6     12     1.65          13.54             1.11375              0                     0
6     12     1.65          13.54             1.13025              0                     0
6     12     1.65          13.54             1.14675              0                     0
6     12     1.65          13.54             1.16325              0                     0
6     12     1.65          13.54             1.17975              0                     0
6     12     1.65          13.54             1.19625              0                     0
6     12     1.65          13.54             1.21275              0                     0
6     12     1.65          13.54             1.22925              0                     0
6     12     1.65          13.54             1.24575              0                     0
6     12     1.65          13.54             1.26225              0                     0
6     12     1.65          13.54             1.27875              0                     0
6     12     1.65          13.54             1.29525              0                     0
6     12     1.65          13.54             1.31175              0                     0
6     12     1.65          13.54             1.32825              0                     0
6     12     1.65          13.54             1.34475              0                     0
6     12     1.65          13.54             1.36125              0                     0
6     12     1.65          13.54             1.37775              0                     0
6     12     1.65          13.54             1.39425              0                     0
6     12     1.65          13.54             1.41075              0                     0
6     12     1.65          13.54             1.42725              0                     0
6     12     1.65          13.54             1.44375              0                     0
6     12     1.65          13.54             1.46025              0                     0
6     12     1.65          13.54             1.47675              0                     0
6     12     1.65          13.54             1.49325              0                     0
6     12     1.65          13.54             1.50975              0                     0
6     12     1.65          13.54             1.52625              0                     0
6     12     1.65          13.54             1.54275              0                     0
6     12     1.65          13.54             1.55925              0                     0
6     12     1.65          13.54             1.57575              0                     0
6     12     1.65          13.54             1.59225              0                     0
6     12     1.65          13.54             1.60875              0                     0
6     12     1.65          13.54             1.62525              0                     0
*******************************************************************************************************
 Average mean_angle 4.3507e+06 +- 7648.33 deg 
 Average E' 324936 +- 571.222 GeV 
