*******************************************************************************************************
Z     A     E(GeV)     Theta(deg)     Energy Loss(GeV)     Sigma(nb/sr/GeV)     ERROR     Citation     
*******************************************************************************************************
6     12     0.32          36             0.0016              1.3256                     0.592828
6     12     0.32          36             0.0048              6.3629                     1.29882
6     12     0.32          36             0.008              31.5494                     2.89213
6     12     0.32          36             0.0112              76.6199                     4.50705
6     12     0.32          36             0.0144              156.156                     6.4343
6     12     0.32          36             0.0176              274.665                     8.53343
6     12     0.32          36             0.0208              447.789                     10.8958
6     12     0.32          36             0.024              690.905                     13.5342
6     12     0.32          36             0.0272              967.691                     16.0173
6     12     0.32          36             0.0304              1289.55                     18.4902
6     12     0.32          36             0.0336              1679.81                     21.1034
6     12     0.32          36             0.0368              2103.2                     23.6136
6     12     0.32          36             0.04              2530.84                     25.9033
6     12     0.32          36             0.0432              2991.89                     28.164
6     12     0.32          36             0.0464              3376.58                     29.9199
6     12     0.32          36             0.0496              3736.08                     31.4724
6     12     0.32          36             0.0528              4027.45                     32.6766
6     12     0.32          36             0.056              4344.54                     33.9386
6     12     0.32          36             0.0592              4605.15                     34.9417
6     12     0.32          36             0.0624              4879.55                     35.9676
6     12     0.32          36             0.0656              5090.06                     36.7353
6     12     0.32          36             0.0688              5286.78                     37.4384
6     12     0.32          36             0.072              5514.25                     38.2354
6     12     0.32          36             0.0752              5632.49                     38.6431
6     12     0.32          36             0.0784              5799.78                     39.2128
6     12     0.32          36             0.0816              6022.75                     39.9594
6     12     0.32          36             0.0848              6062.52                     40.0911
6     12     0.32          36             0.088              6168.83                     40.4411
6     12     0.32          36             0.0912              6321.28                     40.9378
6     12     0.32          36             0.0944              6273.55                     40.783
6     12     0.32          36             0.0976              6397.1                     41.1826
6     12     0.32          36             0.1008              6461.79                     41.3903
6     12     0.32          36             0.104              6500.5                     41.5141
6     12     0.32          36             0.1072              6542.39                     41.6476
6     12     0.32          36             0.1104              6642.34                     41.9645
6     12     0.32          36             0.1136              6591.7                     41.8043
6     12     0.32          36             0.1168              6612.64                     41.8706
6     12     0.32          36             0.12              6585.87                     41.7858
6     12     0.32          36             0.1232              6632.79                     41.9344
6     12     0.32          36             0.1264              6639.95                     41.957
6     12     0.32          36             0.1296              6597.53                     41.8228
6     12     0.32          36             0.1328              6505.8                     41.531
6     12     0.32          36             0.136              6599.92                     41.8303
6     12     0.32          36             0.1392              6623.78                     41.9059
6     12     0.32          36             0.1424              6527.28                     41.5995
6     12     0.32          36             0.1456              5762.14                     39.0853
6     12     0.32          36             0.1488              5118.42                     36.8375
6     12     0.32          36             0.152              4252.01                     33.5752
6     12     0.32          36             0.1552              3466.99                     30.3178
6     12     0.32          36             0.1584              2726.5                     26.8859
6     12     0.32          36             0.1616              1829.6                     22.0242
6     12     0.32          36             0.1648              1052.79                     16.7068
6     12     0.32          36             0.168              243.116                     8.02839
6     12     0.32          36             0.1712              0                     0
6     12     0.32          36             0.1744              0                     0
6     12     0.32          36             0.1776              0                     0
6     12     0.32          36             0.1808              0                     0
6     12     0.32          36             0.184              0                     0
6     12     0.32          36             0.1872              0                     0
6     12     0.32          36             0.1904              0                     0
6     12     0.32          36             0.1936              0                     0
6     12     0.32          36             0.1968              0                     0
6     12     0.32          36             0.2              0                     0
6     12     0.32          36             0.2032              0                     0
6     12     0.32          36             0.2064              0                     0
6     12     0.32          36             0.2096              0                     0
6     12     0.32          36             0.2128              0                     0
6     12     0.32          36             0.216              0                     0
6     12     0.32          36             0.2192              0                     0
6     12     0.32          36             0.2224              0                     0
6     12     0.32          36             0.2256              0                     0
6     12     0.32          36             0.2288              0                     0
6     12     0.32          36             0.232              0                     0
6     12     0.32          36             0.2352              0                     0
6     12     0.32          36             0.2384              0                     0
6     12     0.32          36             0.2416              0                     0
6     12     0.32          36             0.2448              0                     0
6     12     0.32          36             0.248              0                     0
6     12     0.32          36             0.2512              0                     0
6     12     0.32          36             0.2544              0                     0
6     12     0.32          36             0.2576              0                     0
6     12     0.32          36             0.2608              0                     0
6     12     0.32          36             0.264              0                     0
6     12     0.32          36             0.2672              0                     0
6     12     0.32          36             0.2704              0                     0
6     12     0.32          36             0.2736              0                     0
6     12     0.32          36             0.2768              0                     0
6     12     0.32          36             0.28              0                     0
6     12     0.32          36             0.2832              0                     0
6     12     0.32          36             0.2864              0                     0
6     12     0.32          36             0.2896              0                     0
6     12     0.32          36             0.2928              0                     0
6     12     0.32          36             0.296              0                     0
6     12     0.32          36             0.2992              0                     0
6     12     0.32          36             0.3024              0                     0
6     12     0.32          36             0.3056              0                     0
6     12     0.32          36             0.3088              0                     0
6     12     0.32          36             0.312              0                     0
6     12     0.32          36             0.3152              0                     0
*******************************************************************************************************
 Average mean_angle 2.97882e+07 +- 32752.4 deg 
 Average E' 181421 +- 199.475 GeV 
