*******************************************************************************************************
Z     A     E(GeV)     Theta(deg)     Energy Loss(GeV)     Sigma(nb/sr/GeV)     ERROR     Citation     
*******************************************************************************************************
6     12     2.346          20             0.711              1133.57                     2.04701
6     12     2.346          20             0.733              1119.22                     2.03401
6     12     2.346          20             0.755              1107.17                     2.02304
6     12     2.346          20             0.777              1077.79                     1.99602
6     12     2.346          20             0.799              1050.25                     1.97035
6     12     2.346          20             0.821              1020.2                     1.94195
6     12     2.346          20             0.843              977.196                     1.90058
6     12     2.346          20             0.865              932.054                     1.85617
6     12     2.346          20             0.887              883.393                     1.80706
6     12     2.346          20             0.909              820.745                     1.74181
6     12     2.346          20             0.931              754.902                     1.67048
6     12     2.346          20             0.953              688.38                     1.59518
6     12     2.346          20             0.975              611.762                     1.50379
6     12     2.346          20             0.997              535.418                     1.40683
6     12     2.346          20             1.019              449.91                     1.28961
6     12     2.346          20             1.041              365.759                     1.16277
6     12     2.346          20             1.063              270.984                     1.00085
6     12     2.346          20             1.085              173.404                     0.800618
6     12     2.346          20             1.107              68.0417                     0.501515
6     12     2.346          20             1.129              0.894557                     0.0575043
6     12     2.346          20             1.151              0                     0
6     12     2.346          20             1.173              0                     0
6     12     2.346          20             1.195              0                     0
6     12     2.346          20             1.217              0                     0
6     12     2.346          20             1.239              0                     0
6     12     2.346          20             1.261              0                     0
6     12     2.346          20             1.283              0                     0
6     12     2.346          20             1.305              0                     0
6     12     2.346          20             1.327              0                     0
6     12     2.346          20             1.349              0                     0
6     12     2.346          20             1.371              0                     0
6     12     2.346          20             1.393              0                     0
6     12     2.346          20             1.415              0                     0
6     12     2.346          20             1.437              0                     0
6     12     2.346          20             1.459              0                     0
6     12     2.346          20             1.481              0                     0
6     12     2.346          20             1.503              0                     0
6     12     2.346          20             1.525              0                     0
6     12     2.346          20             1.547              0                     0
6     12     2.346          20             1.569              0                     0
6     12     2.346          20             1.591              0                     0
6     12     2.346          20             1.613              0                     0
6     12     2.346          20             1.635              0                     0
6     12     2.346          20             1.657              0                     0
6     12     2.346          20             1.679              0                     0
6     12     2.346          20             1.701              0                     0
6     12     2.346          20             1.723              0                     0
6     12     2.346          20             1.745              0                     0
6     12     2.346          20             1.767              0                     0
*******************************************************************************************************
 Average mean_angle 1.26876e+08 +- 50573.7 deg 
 Average E' 1.00544e+07 +- 4007.75 GeV 
