*******************************************************************************************************
Z     A     E(GeV)     Theta(deg)     Energy Loss(GeV)     Sigma(nb/sr/GeV)     ERROR     Citation     
*******************************************************************************************************
6     12     3.4886          28             0.017443              0                     0
6     12     3.4886          28             0.052329              0                     0
6     12     3.4886          28             0.087215              0                     0
6     12     3.4886          28             0.122101              0                     0
6     12     3.4886          28             0.156987              0                     0
6     12     3.4886          28             0.191873              0                     0
6     12     3.4886          28             0.226759              0                     0
6     12     3.4886          28             0.261645              0                     0
6     12     3.4886          28             0.296531              0                     0
6     12     3.4886          28             0.331417              0                     0
6     12     3.4886          28             0.366303              0                     0
6     12     3.4886          28             0.401189              0                     0
6     12     3.4886          28             0.436075              0                     0
6     12     3.4886          28             0.470961              0                     0
6     12     3.4886          28             0.505847              0                     0
6     12     3.4886          28             0.540733              0                     0
6     12     3.4886          28             0.575619              0                     0
6     12     3.4886          28             0.610505              0                     0
6     12     3.4886          28             0.645391              0                     0
6     12     3.4886          28             0.680277              0                     0
6     12     3.4886          28             0.715163              0                     0
6     12     3.4886          28             0.750049              0                     0
6     12     3.4886          28             0.784935              0                     0
6     12     3.4886          28             0.819821              0                     0
6     12     3.4886          28             0.854707              0                     0
6     12     3.4886          28             0.889593              0                     0
6     12     3.4886          28             0.924479              0                     0
6     12     3.4886          28             0.959365              0                     0
6     12     3.4886          28             0.994251              0                     0
6     12     3.4886          28             1.02914              0                     0
6     12     3.4886          28             1.06402              0                     0
6     12     3.4886          28             1.09891              0                     0
6     12     3.4886          28             1.1338              0                     0
6     12     3.4886          28             1.16868              0                     0
6     12     3.4886          28             1.20357              0                     0
6     12     3.4886          28             1.23845              0                     0
6     12     3.4886          28             1.27334              0                     0
6     12     3.4886          28             1.30823              0                     0
6     12     3.4886          28             1.34311              0                     0
6     12     3.4886          28             1.378              0                     0
6     12     3.4886          28             1.41288              0                     0
6     12     3.4886          28             1.44777              0                     0
6     12     3.4886          28             1.48266              0                     0
6     12     3.4886          28             1.51754              0                     0
6     12     3.4886          28             1.55243              0                     0
6     12     3.4886          28             1.58731              0                     0
6     12     3.4886          28             1.6222              0                     0
6     12     3.4886          28             1.65709              0                     0
6     12     3.4886          28             1.69197              0                     0
6     12     3.4886          28             1.72686              0                     0
6     12     3.4886          28             1.76174              28.1907                     1.45189
6     12     3.4886          28             1.79663              92.7227                     2.63315
6     12     3.4886          28             1.83152              163.91                     3.50094
6     12     3.4886          28             1.8664              211.094                     3.97301
6     12     3.4886          28             1.90129              238.911                     4.22668
6     12     3.4886          28             1.93617              247.958                     4.30598
6     12     3.4886          28             1.97106              258.951                     4.40038
6     12     3.4886          28             2.00595              270.616                     4.49841
6     12     3.4886          28             2.04083              280.86                     4.58276
6     12     3.4886          28             2.07572              291.179                     4.66619
6     12     3.4886          28             2.1106              304.788                     4.77399
6     12     3.4886          28             2.14549              304.564                     4.77223
6     12     3.4886          28             2.18038              318.921                     4.88342
6     12     3.4886          28             2.21526              317.351                     4.87138
6     12     3.4886          28             2.25015              329.913                     4.96686
6     12     3.4886          28             2.28503              337.092                     5.02061
6     12     3.4886          28             2.31992              337.316                     5.02228
6     12     3.4886          28             2.35481              344.121                     5.07268
6     12     3.4886          28             2.38969              346.215                     5.08809
6     12     3.4886          28             2.42458              352.346                     5.13295
6     12     3.4886          28             2.45946              357.506                     5.1704
6     12     3.4886          28             2.49435              356.758                     5.16499
6     12     3.4886          28             2.52923              359.076                     5.18174
6     12     3.4886          28             2.56412              358.927                     5.18066
6     12     3.4886          28             2.59901              356.833                     5.16553
6     12     3.4886          28             2.63389              360.422                     5.19144
6     12     3.4886          28             2.66878              359.45                     5.18444
6     12     3.4886          28             2.70366              370.741                     5.26523
6     12     3.4886          28             2.73855              362.964                     5.20972
6     12     3.4886          28             2.77344              364.983                     5.22419
6     12     3.4886          28             2.80832              359.824                     5.18713
6     12     3.4886          28             2.84321              358.254                     5.1758
6     12     3.4886          28             2.8781              368.498                     5.24928
6     12     3.4886          28             2.91298              371.489                     5.27054
6     12     3.4886          28             2.94787              358.179                     5.17526
6     12     3.4886          28             2.98275              365.956                     5.23114
6     12     3.4886          28             3.01764              361.319                     5.1979
6     12     3.4886          28             3.05253              353.543                     5.14166
6     12     3.4886          28             3.08741              344.196                     5.07323
6     12     3.4886          28             3.1223              340.905                     5.04893
6     12     3.4886          28             3.15718              336.195                     5.01392
6     12     3.4886          28             3.19207              307.78                     4.79736
6     12     3.4886          28             3.22696              297.76                     4.71862
6     12     3.4886          28             3.26184              283.103                     4.60103
6     12     3.4886          28             3.29673              250.426                     4.32735
6     12     3.4886          28             3.33161              225.226                     4.10385
6     12     3.4886          28             3.3665              197.709                     3.84499
6     12     3.4886          28             3.40139              149.478                     3.34326
6     12     3.4886          28             3.43627              102.967                     2.7748
*******************************************************************************************************
 Average angle 5.50126e+06 +- 12393.1 deg 
 Average E' 169791 +- 382.502 GeV 
