*******************************************************************************************************
Z     A     E(GeV)     Theta(deg)     Energy Loss(GeV)     Sigma(nb/sr/GeV)     ERROR     Citation     
*******************************************************************************************************
6     12     0.4          36             0.002              0.485065                     0.342993
6     12     0.4          36             0.006              9.45877                     1.51462
6     12     0.4          36             0.01              29.3464                     2.66786
6     12     0.4          36             0.014              76.8828                     4.31817
6     12     0.4          36             0.018              165.165                     6.32913
6     12     0.4          36             0.022              292.979                     8.42954
6     12     0.4          36             0.026              440.439                     10.3354
6     12     0.4          36             0.03              677.636                     12.8199
6     12     0.4          36             0.034              968.675                     15.3276
6     12     0.4          36             0.038              1265.29                     17.5178
6     12     0.4          36             0.042              1575.25                     19.5461
6     12     0.4          36             0.046              1836.46                     21.1045
6     12     0.4          36             0.05              2139.14                     22.7774
6     12     0.4          36             0.054              2395.98                     24.1061
6     12     0.4          36             0.058              2681.2                     25.5005
6     12     0.4          36             0.062              2892.44                     26.4861
6     12     0.4          36             0.066              3112.42                     27.4748
6     12     0.4          36             0.07              3256.97                     28.1055
6     12     0.4          36             0.074              3512.11                     29.1857
6     12     0.4          36             0.078              3700.32                     29.9574
6     12     0.4          36             0.082              3791.75                     30.3253
6     12     0.4          36             0.086              3925.15                     30.8541
6     12     0.4          36             0.09              4062.42                     31.389
6     12     0.4          36             0.094              4228.8                     32.0253
6     12     0.4          36             0.098              4319.26                     32.3661
6     12     0.4          36             0.102              4366.31                     32.5419
6     12     0.4          36             0.106              4562.28                     33.2641
6     12     0.4          36             0.11              4599.39                     33.3991
6     12     0.4          36             0.114              4679.91                     33.6902
6     12     0.4          36             0.118              4775.22                     34.0316
6     12     0.4          36             0.122              4801.42                     34.1248
6     12     0.4          36             0.126              4951.06                     34.6525
6     12     0.4          36             0.13              4985.26                     34.7719
6     12     0.4          36             0.134              5131.99                     35.28
6     12     0.4          36             0.138              5110.4                     35.2057
6     12     0.4          36             0.142              5164.73                     35.3923
6     12     0.4          36             0.146              5267.81                     35.7437
6     12     0.4          36             0.15              5343.48                     35.9996
6     12     0.4          36             0.154              5391.74                     36.1618
6     12     0.4          36             0.158              5448.25                     36.3508
6     12     0.4          36             0.162              5534.11                     36.6361
6     12     0.4          36             0.166              5578.49                     36.7827
6     12     0.4          36             0.17              5716.98                     37.2365
6     12     0.4          36             0.174              5781.49                     37.446
6     12     0.4          36             0.178              5858.38                     37.6941
6     12     0.4          36             0.182              5960.97                     38.0227
6     12     0.4          36             0.186              6069.38                     38.3669
6     12     0.4          36             0.19              6149.66                     38.6198
6     12     0.4          36             0.194              6254.43                     38.9474
6     12     0.4          36             0.198              6393.89                     39.3793
6     12     0.4          36             0.202              6427.84                     39.4837
6     12     0.4          36             0.206              6514.91                     39.7502
6     12     0.4          36             0.21              6613.62                     40.0502
6     12     0.4          36             0.214              6587.67                     39.9716
6     12     0.4          36             0.218              6635.69                     40.117
6     12     0.4          36             0.222              6708.94                     40.3378
6     12     0.4          36             0.226              6671.59                     40.2253
6     12     0.4          36             0.23              6681.77                     40.256
6     12     0.4          36             0.234              6624.29                     40.0825
6     12     0.4          36             0.238              6499.87                     39.7043
6     12     0.4          36             0.242              6496.96                     39.6954
6     12     0.4          36             0.246              6166.63                     38.6731
6     12     0.4          36             0.25              5743.66                     37.3232
6     12     0.4          36             0.254              5021.4                     34.8977
6     12     0.4          36             0.258              3857.97                     30.5889
6     12     0.4          36             0.262              2640.7                     25.3072
6     12     0.4          36             0.266              1573.31                     19.534
6     12     0.4          36             0.27              637.133                     12.4308
6     12     0.4          36             0.274              211.731                     7.16601
6     12     0.4          36             0.278              40.7455                     3.14358
6     12     0.4          36             0.282              0                     0
6     12     0.4          36             0.286              0                     0
6     12     0.4          36             0.29              0                     0
6     12     0.4          36             0.294              0                     0
6     12     0.4          36             0.298              0                     0
6     12     0.4          36             0.302              0                     0
6     12     0.4          36             0.306              0                     0
6     12     0.4          36             0.31              0                     0
6     12     0.4          36             0.314              0                     0
6     12     0.4          36             0.318              0                     0
6     12     0.4          36             0.322              0                     0
6     12     0.4          36             0.326              0                     0
6     12     0.4          36             0.33              0                     0
6     12     0.4          36             0.334              0                     0
6     12     0.4          36             0.338              0                     0
6     12     0.4          36             0.342              0                     0
6     12     0.4          36             0.346              0                     0
6     12     0.4          36             0.35              0                     0
6     12     0.4          36             0.354              0                     0
6     12     0.4          36             0.358              0                     0
6     12     0.4          36             0.362              0                     0
6     12     0.4          36             0.366              0                     0
6     12     0.4          36             0.37              0                     0
6     12     0.4          36             0.374              0                     0
6     12     0.4          36             0.378              0                     0
6     12     0.4          36             0.382              0                     0
6     12     0.4          36             0.386              0                     0
6     12     0.4          36             0.39              0                     0
6     12     0.4          36             0.394              0                     0
*******************************************************************************************************
 Average mean_angle 4.20652e+07 +- 38901.2 deg 
 Average E' 274711 +- 254.049 GeV 
