*******************************************************************************************************
Z     A     E(GeV)     Theta(deg)     Energy Loss(GeV)     Sigma(nb/sr/GeV)     ERROR     Citation     
*******************************************************************************************************
6     12     0.5568          90             0.002784              0                     0
6     12     0.5568          90             0.008352              0                     0
6     12     0.5568          90             0.01392              0                     0
6     12     0.5568          90             0.019488              0                     0
6     12     0.5568          90             0.025056              0                     0
6     12     0.5568          90             0.030624              0                     0
6     12     0.5568          90             0.036192              0                     0
6     12     0.5568          90             0.04176              0                     0
6     12     0.5568          90             0.047328              0                     0
6     12     0.5568          90             0.052896              0                     0
6     12     0.5568          90             0.058464              0.474836                     0.237418
6     12     0.5568          90             0.064032              0.356127                     0.20561
6     12     0.5568          90             0.0696              0.593545                     0.265442
6     12     0.5568          90             0.075168              1.54322                     0.428012
6     12     0.5568          90             0.080736              0.949673                     0.33576
6     12     0.5568          90             0.086304              1.78064                     0.459758
6     12     0.5568          90             0.091872              2.01805                     0.48945
6     12     0.5568          90             0.09744              2.73031                     0.569309
6     12     0.5568          90             0.103008              3.67998                     0.660944
6     12     0.5568          90             0.108576              5.2232                     0.787427
6     12     0.5568          90             0.114144              4.86707                     0.760109
6     12     0.5568          90             0.119712              6.29158                     0.864215
6     12     0.5568          90             0.12528              7.8348                     0.964397
6     12     0.5568          90             0.130848              10.6838                     1.12617
6     12     0.5568          90             0.136416              14.3638                     1.3058
6     12     0.5568          90             0.141984              18.2812                     1.47314
6     12     0.5568          90             0.147552              17.4502                     1.43927
6     12     0.5568          90             0.15312              18.3999                     1.47792
6     12     0.5568          90             0.158688              23.267                     1.66193
6     12     0.5568          90             0.164256              26.947                     1.78853
6     12     0.5568          90             0.169824              24.5728                     1.70793
6     12     0.5568          90             0.175392              31.3392                     1.92879
6     12     0.5568          90             0.18096              33.476                     1.99346
6     12     0.5568          90             0.186528              35.9689                     2.06636
6     12     0.5568          90             0.192096              41.6669                     2.22401
6     12     0.5568          90             0.197664              49.6204                     2.42701
6     12     0.5568          90             0.203232              50.5701                     2.45013
6     12     0.5568          90             0.2088              57.5739                     2.6143
6     12     0.5568          90             0.214368              62.6784                     2.72773
6     12     0.5568          90             0.219936              72.2938                     2.92949
6     12     0.5568          90             0.225504              78.5854                     3.05431
6     12     0.5568          90             0.231072              83.4525                     3.14747
6     12     0.5568          90             0.23664              88.9131                     3.24881
6     12     0.5568          90             0.242208              103.752                     3.50946
6     12     0.5568          90             0.247776              111.943                     3.64536
6     12     0.5568          90             0.253344              121.796                     3.8024
6     12     0.5568          90             0.258912              129.037                     3.9138
6     12     0.5568          90             0.26448              144.113                     4.13612
6     12     0.5568          90             0.270048              162.394                     4.39063
6     12     0.5568          90             0.275616              173.197                     4.53431
6     12     0.5568          90             0.281184              185.898                     4.69764
6     12     0.5568          90             0.286752              202.162                     4.89882
6     12     0.5568          90             0.29232              218.543                     5.09344
6     12     0.5568          90             0.297888              235.638                     5.28889
6     12     0.5568          90             0.303456              238.487                     5.32076
6     12     0.5568          90             0.309024              262.822                     5.58564
6     12     0.5568          90             0.314592              263.178                     5.58942
6     12     0.5568          90             0.32016              278.848                     5.75341
6     12     0.5568          90             0.325728              283.24                     5.79855
6     12     0.5568          90             0.331296              284.308                     5.80947
6     12     0.5568          90             0.336864              306.626                     6.03318
6     12     0.5568          90             0.342432              301.64                     5.98393
6     12     0.5568          90             0.348              300.215                     5.96978
6     12     0.5568          90             0.353568              299.978                     5.96742
6     12     0.5568          90             0.359136              295.467                     5.92238
6     12     0.5568          90             0.364704              284.664                     5.81311
6     12     0.5568          90             0.370272              282.646                     5.79247
6     12     0.5568          90             0.37584              268.401                     5.64461
6     12     0.5568          90             0.381408              249.645                     5.44382
6     12     0.5568          90             0.386976              242.285                     5.36297
6     12     0.5568          90             0.392544              228.515                     5.20834
6     12     0.5568          90             0.398112              206.791                     4.95459
6     12     0.5568          90             0.40368              189.104                     4.73797
6     12     0.5568          90             0.409248              183.762                     4.67057
6     12     0.5568          90             0.414816              162.275                     4.38903
6     12     0.5568          90             0.420384              154.322                     4.28012
6     12     0.5568          90             0.425952              143.757                     4.13101
6     12     0.5568          90             0.43152              127.375                     3.88852
6     12     0.5568          90             0.437088              118.353                     3.74828
6     12     0.5568          90             0.442656              107.788                     3.57707
6     12     0.5568          90             0.448224              103.277                     3.50142
6     12     0.5568          90             0.453792              102.683                     3.49134
6     12     0.5568          90             0.45936              102.446                     3.4873
6     12     0.5568          90             0.464928              98.6473                     3.42204
6     12     0.5568          90             0.470496              103.989                     3.51347
6     12     0.5568          90             0.476064              104.82                     3.52748
6     12     0.5568          90             0.481632              104.701                     3.52548
6     12     0.5568          90             0.4872              119.065                     3.75954
6     12     0.5568          90             0.492768              114.198                     3.6819
6     12     0.5568          90             0.498336              117.641                     3.73698
6     12     0.5568          90             0.503904              120.015                     3.7745
6     12     0.5568          90             0.509472              123.101                     3.82273
6     12     0.5568          90             0.51504              114.317                     3.68381
6     12     0.5568          90             0.520608              61.0165                     2.69132
6     12     0.5568          90             0.526176              4.39224                     0.722079
6     12     0.5568          90             0.531744              0                     0
6     12     0.5568          90             0.537312              0                     0
6     12     0.5568          90             0.54288              0                     0
6     12     0.5568          90             0.548448              0                     0
*******************************************************************************************************
 Average mean_angle 7.75027e+06 +- 26406.6 deg 
 Average E' 17688.7 +- 60.2687 GeV 
