*******************************************************************************************************
Z     A     E(GeV)     Theta(deg)     Energy Loss(GeV)     Sigma(nb/sr/GeV)     ERROR     Citation     
*******************************************************************************************************
6     12     3.269          21.98             0.016345              0                     0
6     12     3.269          21.98             0.049035              0                     0
6     12     3.269          21.98             0.081725              0                     0
6     12     3.269          21.98             0.114415              0                     0
6     12     3.269          21.98             0.147105              0                     0
6     12     3.269          21.98             0.179795              0                     0
6     12     3.269          21.98             0.212485              0                     0
6     12     3.269          21.98             0.245175              0                     0
6     12     3.269          21.98             0.277865              0                     0
6     12     3.269          21.98             0.310555              0                     0
6     12     3.269          21.98             0.343245              0                     0
6     12     3.269          21.98             0.375935              0                     0
6     12     3.269          21.98             0.408625              0                     0
6     12     3.269          21.98             0.441315              0                     0
6     12     3.269          21.98             0.474005              0                     0
6     12     3.269          21.98             0.506695              0                     0
6     12     3.269          21.98             0.539385              0                     0
6     12     3.269          21.98             0.572075              0                     0
6     12     3.269          21.98             0.604765              0                     0
6     12     3.269          21.98             0.637455              0                     0
6     12     3.269          21.98             0.670145              0                     0
6     12     3.269          21.98             0.702835              0                     0
6     12     3.269          21.98             0.735525              0                     0
6     12     3.269          21.98             0.768215              0                     0
6     12     3.269          21.98             0.800905              0                     0
6     12     3.269          21.98             0.833595              0                     0
6     12     3.269          21.98             0.866285              0                     0
6     12     3.269          21.98             0.898975              0                     0
6     12     3.269          21.98             0.931665              0                     0
6     12     3.269          21.98             0.964355              0                     0
6     12     3.269          21.98             0.997045              0                     0
6     12     3.269          21.98             1.02974              0                     0
6     12     3.269          21.98             1.06243              0                     0
6     12     3.269          21.98             1.09512              0                     0
6     12     3.269          21.98             1.12781              0                     0
6     12     3.269          21.98             1.1605              0                     0
6     12     3.269          21.98             1.19319              0                     0
6     12     3.269          21.98             1.22588              0                     0
6     12     3.269          21.98             1.25857              0                     0
6     12     3.269          21.98             1.29126              0                     0
6     12     3.269          21.98             1.32395              0                     0
6     12     3.269          21.98             1.35664              0                     0
6     12     3.269          21.98             1.38933              0                     0
6     12     3.269          21.98             1.42202              0                     0
6     12     3.269          21.98             1.45471              3.13093                     0.545025
6     12     3.269          21.98             1.4874              223.15                     4.60127
6     12     3.269          21.98             1.52009              539.184                     7.15234
6     12     3.269          21.98             1.55278              790.702                     8.66136
6     12     3.269          21.98             1.58547              890.702                     9.19276
6     12     3.269          21.98             1.61816              941.556                     9.45154
6     12     3.269          21.98             1.65085              961.385                     9.55055
6     12     3.269          21.98             1.68354              1002.37                     9.75201
6     12     3.269          21.98             1.71623              1008.63                     9.78242
6     12     3.269          21.98             1.74892              1039.37                     9.93037
6     12     3.269          21.98             1.78161              1047.15                     9.96747
6     12     3.269          21.98             1.8143              1031.97                     9.89496
6     12     3.269          21.98             1.84699              1051.71                     9.98912
6     12     3.269          21.98             1.87968              1041.18                     9.93898
6     12     3.269          21.98             1.91237              1027.8                     9.87492
6     12     3.269          21.98             1.94506              1019.17                     9.83336
6     12     3.269          21.98             1.97775              1033.68                     9.90314
6     12     3.269          21.98             2.01044              1026.47                     9.86854
6     12     3.269          21.98             2.04312              1007.5                     9.7769
6     12     3.269          21.98             2.07581              1008.73                     9.78288
6     12     3.269          21.98             2.10851              973.909                     9.61255
6     12     3.269          21.98             2.1412              981.404                     9.64947
6     12     3.269          21.98             2.17389              960.626                     9.54678
6     12     3.269          21.98             2.20657              962.334                     9.55526
6     12     3.269          21.98             2.23927              934.25                     9.4148
6     12     3.269          21.98             2.27196              933.586                     9.41146
6     12     3.269          21.98             2.30465              929.317                     9.38991
6     12     3.269          21.98             2.33733              918.786                     9.33656
6     12     3.269          21.98             2.37003              925.332                     9.36976
6     12     3.269          21.98             2.40272              916.319                     9.32401
6     12     3.269          21.98             2.43541              882.827                     9.15203
6     12     3.269          21.98             2.46809              879.696                     9.13579
6     12     3.269          21.98             2.50079              869.07                     9.08044
6     12     3.269          21.98             2.53348              853.89                     9.00079
6     12     3.269          21.98             2.56617              838.804                     8.92093
6     12     3.269          21.98             2.59885              836.338                     8.9078
6     12     3.269          21.98             2.63155              805.123                     8.73999
6     12     3.269          21.98             2.66424              768.406                     8.53837
6     12     3.269          21.98             2.69693              768.406                     8.53837
6     12     3.269          21.98             2.72962              739.184                     8.37444
6     12     3.269          21.98             2.76231              713.093                     8.22532
6     12     3.269          21.98             2.795              687.002                     8.07344
6     12     3.269          21.98             2.82769              656.452                     7.89189
6     12     3.269          21.98             2.86038              619.26                     7.66507
6     12     3.269          21.98             2.89306              585.389                     7.4525
6     12     3.269          21.98             2.92576              580.645                     7.42224
6     12     3.269          21.98             2.95845              531.973                     7.10435
6     12     3.269          21.98             2.99114              503.321                     6.91038
6     12     3.269          21.98             3.02382              451.233                     6.54305
6     12     3.269          21.98             3.05652              418.311                     6.29984
6     12     3.269          21.98             3.08921              365.275                     5.88694
6     12     3.269          21.98             3.1219              316.034                     5.47579
6     12     3.269          21.98             3.15459              254.839                     4.91714
6     12     3.269          21.98             3.18728              191.271                     4.25995
6     12     3.269          21.98             3.21997              93.4535                     2.97768
*******************************************************************************************************
 Average angle 9.76805e+06 +- 14622.1 deg 
 Average E' 458036 +- 685.647 GeV 
