*******************************************************************************************************
Z     A     E(GeV)     Theta(deg)     Energy Loss(GeV)     Sigma(nb/sr/GeV)     ERROR     Citation     
*******************************************************************************************************
6     12     1.204          22.01             0.00602              0                     0
6     12     1.204          22.01             0.01806              0                     0
6     12     1.204          22.01             0.0301              0                     0
6     12     1.204          22.01             0.04214              0                     0
6     12     1.204          22.01             0.05418              0                     0
6     12     1.204          22.01             0.06622              0                     0
6     12     1.204          22.01             0.07826              0                     0
6     12     1.204          22.01             0.0903              0                     0
6     12     1.204          22.01             0.10234              0                     0
6     12     1.204          22.01             0.11438              0                     0
6     12     1.204          22.01             0.12642              0                     0
6     12     1.204          22.01             0.13846              0                     0
6     12     1.204          22.01             0.1505              0                     0
6     12     1.204          22.01             0.16254              0                     0
6     12     1.204          22.01             0.17458              5.37155                     5.37155
6     12     1.204          22.01             0.18662              0                     0
6     12     1.204          22.01             0.19866              53.7155                     16.9863
6     12     1.204          22.01             0.2107              161.146                     29.4212
6     12     1.204          22.01             0.22274              333.036                     42.2956
6     12     1.204          22.01             0.23478              596.242                     56.5928
6     12     1.204          22.01             0.24682              907.792                     69.8301
6     12     1.204          22.01             0.25886              1176.37                     79.4917
6     12     1.204          22.01             0.2709              1579.24                     92.1029
6     12     1.204          22.01             0.28294              1772.61                     97.579
6     12     1.204          22.01             0.29498              2003.59                     103.742
6     12     1.204          22.01             0.30702              2218.45                     109.163
6     12     1.204          22.01             0.31906              2578.34                     117.685
6     12     1.204          22.01             0.3311              2513.88                     116.204
6     12     1.204          22.01             0.34314              2787.83                     122.372
6     12     1.204          22.01             0.35518              2734.12                     121.188
6     12     1.204          22.01             0.36722              2830.81                     123.312
6     12     1.204          22.01             0.37926              2895.26                     124.708
6     12     1.204          22.01             0.3913              2782.46                     122.254
6     12     1.204          22.01             0.40334              2846.92                     123.662
6     12     1.204          22.01             0.41538              2970.47                     126.317
6     12     1.204          22.01             0.42742              2916.75                     125.17
6     12     1.204          22.01             0.43946              2959.72                     126.088
6     12     1.204          22.01             0.4515              2986.58                     126.659
6     12     1.204          22.01             0.46354              2809.32                     122.843
6     12     1.204          22.01             0.47558              2793.21                     122.49
6     12     1.204          22.01             0.48762              2803.95                     122.725
6     12     1.204          22.01             0.49966              2884.52                     124.476
6     12     1.204          22.01             0.5117              2680.4                     119.991
6     12     1.204          22.01             0.52374              2793.21                     122.49
6     12     1.204          22.01             0.53578              2685.77                     120.111
6     12     1.204          22.01             0.54782              2809.32                     122.843
6     12     1.204          22.01             0.55986              2793.21                     122.49
6     12     1.204          22.01             0.5719              2589.09                     117.93
6     12     1.204          22.01             0.58394              2820.06                     123.078
6     12     1.204          22.01             0.59598              2567.6                     117.439
6     12     1.204          22.01             0.60802              2793.21                     122.49
6     12     1.204          22.01             0.62006              2868.41                     124.128
6     12     1.204          22.01             0.6321              2632.06                     118.904
6     12     1.204          22.01             0.64414              2750.23                     121.544
6     12     1.204          22.01             0.65618              2632.06                     118.904
6     12     1.204          22.01             0.66822              2594.46                     118.052
6     12     1.204          22.01             0.68026              2476.28                     115.332
6     12     1.204          22.01             0.6923              2497.77                     115.831
6     12     1.204          22.01             0.70434              2460.17                     114.956
6     12     1.204          22.01             0.71638              2653.55                     119.389
6     12     1.204          22.01             0.72842              2691.15                     120.232
6     12     1.204          22.01             0.74046              2444.05                     114.579
6     12     1.204          22.01             0.7525              2615.94                     118.54
6     12     1.204          22.01             0.76454              2497.77                     115.831
6     12     1.204          22.01             0.77658              2347.37                     112.29
6     12     1.204          22.01             0.78862              2342                     112.161
6     12     1.204          22.01             0.80066              2239.94                     109.69
6     12     1.204          22.01             0.8127              1992.84                     103.463
6     12     1.204          22.01             0.82474              1987.47                     103.324
6     12     1.204          22.01             0.83678              1971.36                     102.904
6     12     1.204          22.01             0.84882              2008.96                     103.881
6     12     1.204          22.01             0.86086              1810.21                     98.6085
6     12     1.204          22.01             0.8729              1982.1                     103.184
6     12     1.204          22.01             0.88494              1869.3                     100.205
6     12     1.204          22.01             0.89698              1686.67                     95.1841
6     12     1.204          22.01             0.90902              1649.07                     94.1171
6     12     1.204          22.01             0.92106              1740.38                     96.6879
6     12     1.204          22.01             0.9331              1638.32                     93.8101
6     12     1.204          22.01             0.94514              1573.86                     91.9461
6     12     1.204          22.01             0.95718              1632.95                     93.6562
6     12     1.204          22.01             0.96922              1401.97                     86.78
6     12     1.204          22.01             0.98126              1504.03                     89.8832
6     12     1.204          22.01             0.9933              1407.35                     86.9461
6     12     1.204          22.01             1.00534              1251.57                     81.9931
6     12     1.204          22.01             1.01738              1208.6                     80.5732
6     12     1.204          22.01             1.02942              1128.03                     77.8411
6     12     1.204          22.01             1.04146              1042.08                     74.817
6     12     1.204          22.01             1.0535              1009.85                     73.651
6     12     1.204          22.01             1.06554              1090.42                     76.5328
6     12     1.204          22.01             1.07758              655.329                     59.3307
6     12     1.204          22.01             1.08962              0                     0
6     12     1.204          22.01             1.10166              0                     0
6     12     1.204          22.01             1.1137              0                     0
6     12     1.204          22.01             1.12574              0                     0
6     12     1.204          22.01             1.13778              0                     0
6     12     1.204          22.01             1.14982              0                     0
6     12     1.204          22.01             1.16186              0                     0
6     12     1.204          22.01             1.1739              0                     0
6     12     1.204          22.01             1.18594              0                     0
*******************************************************************************************************
 Average mean_angle 638888 +- 3743.94 deg 
 Average E' 17051.5 +- 99.9232 GeV 
