*******************************************************************************************************
Z     A     E(GeV)     Theta(deg)     Energy Loss(GeV)     Sigma(nb/sr/GeV)     ERROR     Citation     
*******************************************************************************************************
6     12     1.5          13.54             0.0075              46.6556                     5.002
6     12     1.5          13.54             0.0225              603.305                     17.9871
6     12     1.5          13.54             0.0375              2157.42                     34.0141
6     12     1.5          13.54             0.0525              4360.95                     48.3596
6     12     1.5          13.54             0.0675              6726.98                     60.0623
6     12     1.5          13.54             0.0825              8875.82                     68.9916
6     12     1.5          13.54             0.0975              10885.8                     76.4049
6     12     1.5          13.54             0.1125              12730.5                     82.6257
6     12     1.5          13.54             0.1275              14309.8                     87.6011
6     12     1.5          13.54             0.1425              16149.8                     93.0627
6     12     1.5          13.54             0.1575              18149.5                     98.6563
6     12     1.5          13.54             0.1725              20378.8                     104.54
6     12     1.5          13.54             0.1875              22537.9                     109.938
6     12     1.5          13.54             0.2025              25068.5                     115.946
6     12     1.5          13.54             0.2175              27730.6                     121.947
6     12     1.5          13.54             0.2325              30193.1                     127.247
6     12     1.5          13.54             0.2475              31576.2                     130.128
6     12     1.5          13.54             0.2625              32456.7                     131.93
6     12     1.5          13.54             0.2775              31235.6                     129.425
6     12     1.5          13.54             0.2925              28818.1                     124.315
6     12     1.5          13.54             0.3075              26049.4                     118.193
6     12     1.5          13.54             0.3225              22454.2                     109.734
6     12     1.5          13.54             0.3375              18740                     100.248
6     12     1.5          13.54             0.3525              15556.1                     91.3362
6     12     1.5          13.54             0.3675              12537.5                     81.9968
6     12     1.5          13.54             0.3825              9934.42                     72.99
6     12     1.5          13.54             0.3975              8246.77                     66.5019
6     12     1.5          13.54             0.4125              6886.25                     60.7692
6     12     1.5          13.54             0.4275              5969.23                     56.5785
6     12     1.5          13.54             0.4425              5512.86                     54.3727
6     12     1.5          13.54             0.4575              5342.87                     53.5278
6     12     1.5          13.54             0.4725              5192.17                     52.7675
6     12     1.5          13.54             0.4875              5175.01                     52.6802
6     12     1.5          13.54             0.5025              4982.49                     51.6911
6     12     1.5          13.54             0.5175              4909.02                     51.3085
6     12     1.5          13.54             0.5325              4779.78                     50.6286
6     12     1.5          13.54             0.5475              4669.31                     50.0401
6     12     1.5          13.54             0.5625              4440.32                     48.7977
6     12     1.5          13.54             0.5775              4291.78                     47.9745
6     12     1.5          13.54             0.5925              4046.16                     46.5815
6     12     1.5          13.54             0.6075              3852.03                     45.4503
6     12     1.5          13.54             0.6225              3728.69                     44.7168
6     12     1.5          13.54             0.6375              3612.32                     44.0134
6     12     1.5          13.54             0.6525              3461.09                     43.0823
6     12     1.5          13.54             0.6675              3253.55                     41.7706
6     12     1.5          13.54             0.6825              3042.26                     40.3916
6     12     1.5          13.54             0.6975              2775.74                     38.5817
6     12     1.5          13.54             0.7125              2493.12                     36.5649
6     12     1.5          13.54             0.7275              2243.22                     34.6839
6     12     1.5          13.54             0.7425              1862.47                     31.6036
6     12     1.5          13.54             0.7575              1592.19                     29.2206
6     12     1.5          13.54             0.7725              1366.95                     27.075
6     12     1.5          13.54             0.7875              1046.8                     23.6932
6     12     1.5          13.54             0.8025              818.349                     20.9489
6     12     1.5          13.54             0.8175              565.766                     17.4185
6     12     1.5          13.54             0.8325              376.462                     14.2086
6     12     1.5          13.54             0.8475              233.278                     11.1848
6     12     1.5          13.54             0.8625              119.588                     8.00823
6     12     1.5          13.54             0.8775              49.3369                     5.14373
6     12     1.5          13.54             0.8925              17.1607                     3.03361
6     12     1.5          13.54             0.9075              2.14508                     1.07254
6     12     1.5          13.54             0.9225              0.536271                     0.536271
6     12     1.5          13.54             0.9375              0                     0
6     12     1.5          13.54             0.9525              0                     0
6     12     1.5          13.54             0.9675              0                     0
6     12     1.5          13.54             0.9825              0                     0
6     12     1.5          13.54             0.9975              0                     0
6     12     1.5          13.54             1.0125              0                     0
6     12     1.5          13.54             1.0275              0                     0
6     12     1.5          13.54             1.0425              0                     0
6     12     1.5          13.54             1.0575              0                     0
6     12     1.5          13.54             1.0725              0                     0
6     12     1.5          13.54             1.0875              0                     0
6     12     1.5          13.54             1.1025              0                     0
6     12     1.5          13.54             1.1175              0                     0
6     12     1.5          13.54             1.1325              0                     0
6     12     1.5          13.54             1.1475              0                     0
6     12     1.5          13.54             1.1625              0                     0
6     12     1.5          13.54             1.1775              0                     0
6     12     1.5          13.54             1.1925              0                     0
6     12     1.5          13.54             1.2075              0                     0
6     12     1.5          13.54             1.2225              0                     0
6     12     1.5          13.54             1.2375              0                     0
6     12     1.5          13.54             1.2525              0                     0
6     12     1.5          13.54             1.2675              0                     0
6     12     1.5          13.54             1.2825              0                     0
6     12     1.5          13.54             1.2975              0                     0
6     12     1.5          13.54             1.3125              0                     0
6     12     1.5          13.54             1.3275              0                     0
6     12     1.5          13.54             1.3425              0                     0
6     12     1.5          13.54             1.3575              0                     0
6     12     1.5          13.54             1.3725              0                     0
6     12     1.5          13.54             1.3875              0                     0
6     12     1.5          13.54             1.4025              0                     0
6     12     1.5          13.54             1.4175              0                     0
6     12     1.5          13.54             1.4325              0                     0
6     12     1.5          13.54             1.4475              0                     0
6     12     1.5          13.54             1.4625              0                     0
6     12     1.5          13.54             1.4775              0                     0
*******************************************************************************************************
 Average mean_angle 1.40425e+07 +- 13726.8 deg 
 Average E' 1.25858e+06 +- 1230.29 GeV 
