*******************************************************************************************************
Z     A     E(GeV)     Theta(deg)     Energy Loss(GeV)     Sigma(nb/sr/GeV)     ERROR     Citation     
*******************************************************************************************************
6     12     0.32          145             0.0016              0                     0
6     12     0.32          145             0.0048              0                     0
6     12     0.32          145             0.008              0                     0
6     12     0.32          145             0.0112              0                     0
6     12     0.32          145             0.0144              0                     0
6     12     0.32          145             0.0176              2.17351                     0.768451
6     12     0.32          145             0.0208              4.6187                     1.1202
6     12     0.32          145             0.024              5.97715                     1.27433
6     12     0.32          145             0.0272              12.4977                     1.84268
6     12     0.32          145             0.0304              18.7465                     2.25681
6     12     0.32          145             0.0336              21.4634                     2.41482
6     12     0.32          145             0.0368              31.2442                     2.91353
6     12     0.32          145             0.04              37.493                     3.19162
6     12     0.32          145             0.0432              61.1299                     4.07533
6     12     0.32          145             0.0464              62.2167                     4.11139
6     12     0.32          145             0.0496              83.4084                     4.76037
6     12     0.32          145             0.0528              104.057                     5.31705
6     12     0.32          145             0.056              130.41                     5.9524
6     12     0.32          145             0.0592              157.851                     6.54876
6     12     0.32          145             0.0624              176.054                     6.91606
6     12     0.32          145             0.0656              214.091                     7.62666
6     12     0.32          145             0.0688              236.369                     8.01366
6     12     0.32          145             0.072              291.793                     8.90376
6     12     0.32          145             0.0752              325.211                     9.39979
6     12     0.32          145             0.0784              376.289                     10.111
6     12     0.32          145             0.0816              433.071                     10.8471
6     12     0.32          145             0.0848              494.745                     11.5938
6     12     0.32          145             0.088              509.144                     11.7613
6     12     0.32          145             0.0912              621.623                     12.9957
6     12     0.32          145             0.0944              643.087                     13.2181
6     12     0.32          145             0.0976              734.917                     14.1304
6     12     0.32          145             0.1008              782.463                     14.5803
6     12     0.32          145             0.104              851.2                     15.2073
6     12     0.32          145             0.1072              872.12                     15.393
6     12     0.32          145             0.1104              955.529                     16.1123
6     12     0.32          145             0.1136              996.825                     16.4568
6     12     0.32          145             0.1168              1035.4                     16.7722
6     12     0.32          145             0.12              1061.49                     16.9822
6     12     0.32          145             0.1232              1093.55                     17.2367
6     12     0.32          145             0.1264              1142.99                     17.6221
6     12     0.32          145             0.1296              1192.98                     18.0033
6     12     0.32          145             0.1328              1169.35                     17.8241
6     12     0.32          145             0.136              1196.79                     18.032
6     12     0.32          145             0.1392              1156.85                     17.7286
6     12     0.32          145             0.1424              1128.05                     17.5065
6     12     0.32          145             0.1456              1158.75                     17.7432
6     12     0.32          145             0.1488              1140.01                     17.599
6     12     0.32          145             0.152              1104.41                     17.3221
6     12     0.32          145             0.1552              1069.09                     17.0429
6     12     0.32          145             0.1584              1036.49                     16.781
6     12     0.32          145             0.1616              1006.33                     16.5351
6     12     0.32          145             0.1648              996.01                     16.4501
6     12     0.32          145             0.168              939.227                     15.9743
6     12     0.32          145             0.1712              913.96                     15.7579
6     12     0.32          145             0.1744              875.924                     15.4265
6     12     0.32          145             0.1776              822.401                     14.9478
6     12     0.32          145             0.1808              786.267                     14.6157
6     12     0.32          145             0.184              726.767                     14.0518
6     12     0.32          145             0.1872              721.876                     14.0045
6     12     0.32          145             0.1904              677.863                     13.5708
6     12     0.32          145             0.1936              619.178                     12.9701
6     12     0.32          145             0.1968              573.263                     12.4799
6     12     0.32          145             0.2              586.847                     12.6269
6     12     0.32          145             0.2032              560.765                     12.3432
6     12     0.32          145             0.2064              517.838                     11.8613
6     12     0.32          145             0.2096              524.087                     11.9327
6     12     0.32          145             0.2128              509.959                     11.7707
6     12     0.32          145             0.216              515.936                     11.8395
6     12     0.32          145             0.2192              510.503                     11.777
6     12     0.32          145             0.2224              490.941                     11.5492
6     12     0.32          145             0.2256              532.238                     12.0251
6     12     0.32          145             0.2288              507.514                     11.7425
6     12     0.32          145             0.232              526.804                     11.9636
6     12     0.32          145             0.2352              538.487                     12.0955
6     12     0.32          145             0.2384              564.297                     12.382
6     12     0.32          145             0.2416              562.939                     12.3671
6     12     0.32          145             0.2448              563.754                     12.376
6     12     0.32          145             0.248              592.824                     12.6911
6     12     0.32          145             0.2512              605.05                     12.8213
6     12     0.32          145             0.2544              608.311                     12.8558
6     12     0.32          145             0.2576              649.879                     13.2878
6     12     0.32          145             0.2608              672.429                     13.5163
6     12     0.32          145             0.264              701.5                     13.8054
6     12     0.32          145             0.2672              727.582                     14.0597
6     12     0.32          145             0.2704              788.168                     14.6334
6     12     0.32          145             0.2736              778.388                     14.5423
6     12     0.32          145             0.2768              879.184                     15.4552
6     12     0.32          145             0.28              907.711                     15.704
6     12     0.32          145             0.2832              984.871                     16.3578
6     12     0.32          145             0.2864              1071.27                     17.0602
6     12     0.32          145             0.2896              1196.24                     18.0279
6     12     0.32          145             0.2928              1342.96                     19.1015
6     12     0.32          145             0.296              1493.74                     20.1453
6     12     0.32          145             0.2992              1621.17                     20.9869
6     12     0.32          145             0.3024              1049.53                     16.8863
6     12     0.32          145             0.3056              0                     0
6     12     0.32          145             0.3088              0                     0
6     12     0.32          145             0.312              0                     0
6     12     0.32          145             0.3152              0                     0
*******************************************************************************************************
 Average angle 144.975 +- 0.307789 deg 
 Average E' 0.13309 +- 0.000282556 GeV 
