*******************************************************************************************************
Z     A     E(GeV)     Theta(deg)     Energy Loss(GeV)     Sigma(nb/sr/GeV)     ERROR     Citation     
*******************************************************************************************************
6     12     2.02          15.02             0.0101              7.19652                     1.69624
6     12     2.02          15.02             0.0303              96.7532                     6.21953
6     12     2.02          15.02             0.0505              340.635                     11.67
6     12     2.02          15.02             0.0707              804.411                     17.9335
6     12     2.02          15.02             0.0909              1332.56                     23.0817
6     12     2.02          15.02             0.1111              1882.29                     27.4327
6     12     2.02          15.02             0.1313              2623.13                     32.3843
6     12     2.02          15.02             0.1515              3260.42                     36.1045
6     12     2.02          15.02             0.1717              3951.29                     39.7461
6     12     2.02          15.02             0.1919              4898.83                     44.2559
6     12     2.02          15.02             0.2121              5925.93                     48.6747
6     12     2.02          15.02             0.2323              7130.55                     53.3933
6     12     2.02          15.02             0.2525              8490.69                     58.2635
6     12     2.02          15.02             0.2727              9766.87                     62.4889
6     12     2.02          15.02             0.2929              10634.1                     65.204
6     12     2.02          15.02             0.3131              11124.6                     66.691
6     12     2.02          15.02             0.3333              10845.2                     65.848
6     12     2.02          15.02             0.3535              10104.3                     63.5592
6     12     2.02          15.02             0.3737              9047.62                     60.144
6     12     2.02          15.02             0.3939              7821.81                     55.9215
6     12     2.02          15.02             0.4141              6648.78                     51.558
6     12     2.02          15.02             0.4343              5287.84                     45.9795
6     12     2.02          15.02             0.4545              4331.5                     41.6145
6     12     2.02          15.02             0.4747              3471.52                     37.255
6     12     2.02          15.02             0.4949              2770.26                     33.2801
6     12     2.02          15.02             0.5151              2390.84                     30.9172
6     12     2.02          15.02             0.5353              2203.73                     29.6828
6     12     2.02          15.02             0.5555              2047.41                     28.6106
6     12     2.02          15.02             0.5757              2028.62                     28.479
6     12     2.02          15.02             0.5959              1967.85                     28.0492
6     12     2.02          15.02             0.6161              1899.48                     27.5577
6     12     2.02          15.02             0.6363              1839.91                     27.1221
6     12     2.02          15.02             0.6565              1816.32                     26.9477
6     12     2.02          15.02             0.6767              1730.36                     26.3023
6     12     2.02          15.02             0.6969              1640.41                     25.6095
6     12     2.02          15.02             0.7171              1578.84                     25.1243
6     12     2.02          15.02             0.7373              1496.48                     24.4602
6     12     2.02          15.02             0.7575              1410.12                     23.7439
6     12     2.02          15.02             0.7777              1394.13                     23.6089
6     12     2.02          15.02             0.7979              1334.55                     23.099
6     12     2.02          15.02             0.8181              1254.99                     22.3999
6     12     2.02          15.02             0.8383              1198.62                     21.891
6     12     2.02          15.02             0.8585              1179.43                     21.7151
6     12     2.02          15.02             0.8787              1111.86                     21.0839
6     12     2.02          15.02             0.8989              1096.67                     20.9393
6     12     2.02          15.02             0.9191              1075.08                     20.7322
6     12     2.02          15.02             0.9393              1063.09                     20.6162
6     12     2.02          15.02             0.9595              1028.7                     20.2801
6     12     2.02          15.02             0.9797              997.517                     19.9703
6     12     2.02          15.02             0.9999              999.116                     19.9863
6     12     2.02          15.02             1.0201              933.548                     19.3194
6     12     2.02          15.02             1.0403              965.133                     19.6435
6     12     2.02          15.02             1.0605              931.549                     19.2987
6     12     2.02          15.02             1.0807              897.566                     18.9434
6     12     2.02          15.02             1.1009              931.549                     19.2987
6     12     2.02          15.02             1.1211              916.357                     19.1407
6     12     2.02          15.02             1.1413              865.981                     18.6071
6     12     2.02          15.02             1.1615              849.989                     18.4345
6     12     2.02          15.02             1.1817              828.399                     18.1989
6     12     2.02          15.02             1.2019              784.82                     17.7137
6     12     2.02          15.02             1.2221              731.646                     17.1031
6     12     2.02          15.02             1.2423              647.687                     16.0919
6     12     2.02          15.02             1.2625              545.736                     14.7712
6     12     2.02          15.02             1.2827              449.383                     13.404
6     12     2.02          15.02             1.3029              384.614                     12.4004
6     12     2.02          15.02             1.3231              287.461                     10.7205
6     12     2.02          15.02             1.3433              205.101                     9.05542
6     12     2.02          15.02             1.3635              107.148                     6.54511
6     12     2.02          15.02             1.3837              66.3679                     5.15115
6     12     2.02          15.02             1.4039              27.1868                     3.29689
6     12     2.02          15.02             1.4241              6.79671                     1.64844
6     12     2.02          15.02             1.4443              0.399807                     0.399807
6     12     2.02          15.02             1.4645              0                     0
6     12     2.02          15.02             1.4847              0                     0
6     12     2.02          15.02             1.5049              0                     0
6     12     2.02          15.02             1.5251              0                     0
6     12     2.02          15.02             1.5453              0                     0
6     12     2.02          15.02             1.5655              0                     0
6     12     2.02          15.02             1.5857              0                     0
6     12     2.02          15.02             1.6059              0                     0
6     12     2.02          15.02             1.6261              0                     0
6     12     2.02          15.02             1.6463              0                     0
6     12     2.02          15.02             1.6665              0                     0
6     12     2.02          15.02             1.6867              0                     0
6     12     2.02          15.02             1.7069              0                     0
6     12     2.02          15.02             1.7271              0                     0
6     12     2.02          15.02             1.7473              0                     0
6     12     2.02          15.02             1.7675              0                     0
6     12     2.02          15.02             1.7877              0                     0
6     12     2.02          15.02             1.8079              0                     0
6     12     2.02          15.02             1.8281              0                     0
6     12     2.02          15.02             1.8483              0                     0
6     12     2.02          15.02             1.8685              0                     0
6     12     2.02          15.02             1.8887              0                     0
6     12     2.02          15.02             1.9089              0                     0
6     12     2.02          15.02             1.9291              0                     0
6     12     2.02          15.02             1.9493              0                     0
6     12     2.02          15.02             1.9695              0                     0
6     12     2.02          15.02             1.9897              0                     0
*******************************************************************************************************
 Average mean_angle 6.79362e+06 +- 10048.5 deg 
 Average E' 717504 +- 1061.26 GeV 
