*******************************************************************************************************
Z     A     E(GeV)     Theta(deg)     Energy Loss(GeV)     Sigma(nb/sr/GeV)     ERROR     Citation     
*******************************************************************************************************
6     12     3.595          16.02             0.017975              0                     0
6     12     3.595          16.02             0.053925              0                     0
6     12     3.595          16.02             0.089875              0.131963                     0.131963
6     12     3.595          16.02             0.125825              1.0557                     0.373247
6     12     3.595          16.02             0.161775              5.14655                     0.824107
6     12     3.595          16.02             0.197725              13.0643                     1.31301
6     12     3.595          16.02             0.233675              27.1843                     1.89402
6     12     3.595          16.02             0.269625              51.0696                     2.59601
6     12     3.595          16.02             0.305575              81.1571                     3.27257
6     12     3.595          16.02             0.341525              123.385                     4.03513
6     12     3.595          16.02             0.377475              169.308                     4.72677
6     12     3.595          16.02             0.413425              242.284                     5.65441
6     12     3.595          16.02             0.449375              328.851                     6.58757
6     12     3.595          16.02             0.485325              423.6                     7.47659
6     12     3.595          16.02             0.521275              501.326                     8.13366
6     12     3.595          16.02             0.557225              568.891                     8.66443
6     12     3.595          16.02             0.593175              581.824                     8.76236
6     12     3.595          16.02             0.629125              572.322                     8.69052
6     12     3.595          16.02             0.665075              524.684                     8.32098
6     12     3.595          16.02             0.701025              489.978                     8.04107
6     12     3.595          16.02             0.736975              422.545                     7.46727
6     12     3.595          16.02             0.772925              365.669                     6.94656
6     12     3.595          16.02             0.808875              296.256                     6.25258
6     12     3.595          16.02             0.844825              251.917                     5.76573
6     12     3.595          16.02             0.880775              206.654                     5.22212
6     12     3.595          16.02             0.916725              170.364                     4.74148
6     12     3.595          16.02             0.952675              150.701                     4.45948
6     12     3.595          16.02             0.988625              159.807                     4.59223
6     12     3.595          16.02             1.02458              147.27                     4.40842
6     12     3.595          16.02             1.06053              146.083                     4.39061
6     12     3.595          16.02             1.09648              136.845                     4.24953
6     12     3.595          16.02             1.13243              128.4                     4.11631
6     12     3.595          16.02             1.16838              118.503                     3.95448
6     12     3.595          16.02             1.20433              119.426                     3.96986
6     12     3.595          16.02             1.24028              111.904                     3.84281
6     12     3.595          16.02             1.27623              110.849                     3.82464
6     12     3.595          16.02             1.31218              109.397                     3.79952
6     12     3.595          16.02             1.34813              107.945                     3.77423
6     12     3.595          16.02             1.38408              108.869                     3.79034
6     12     3.595          16.02             1.42003              98.972                     3.61395
6     12     3.595          16.02             1.45598              103.987                     3.70437
6     12     3.595          16.02             1.49193              99.3679                     3.62117
6     12     3.595          16.02             1.52788              105.702                     3.7348
6     12     3.595          16.02             1.56383              104.251                     3.70907
6     12     3.595          16.02             1.59978              106.494                     3.74876
6     12     3.595          16.02             1.63573              107.814                     3.77192
6     12     3.595          16.02             1.67168              104.646                     3.7161
6     12     3.595          16.02             1.70763              108.473                     3.78344
6     12     3.595          16.02             1.74358              99.6318                     3.62597
6     12     3.595          16.02             1.77953              107.286                     3.76267
6     12     3.595          16.02             1.81548              113.752                     3.8744
6     12     3.595          16.02             1.85143              108.209                     3.77884
6     12     3.595          16.02             1.88738              39.3249                     2.27803
6     12     3.595          16.02             1.92333              0                     0
6     12     3.595          16.02             1.95928              0                     0
6     12     3.595          16.02             1.99523              0                     0
6     12     3.595          16.02             2.03118              0                     0
6     12     3.595          16.02             2.06712              0                     0
6     12     3.595          16.02             2.10308              0                     0
6     12     3.595          16.02             2.13903              0                     0
6     12     3.595          16.02             2.17497              0                     0
6     12     3.595          16.02             2.21093              0                     0
6     12     3.595          16.02             2.24688              0                     0
6     12     3.595          16.02             2.28282              0                     0
6     12     3.595          16.02             2.31878              0                     0
6     12     3.595          16.02             2.35473              0                     0
6     12     3.595          16.02             2.39067              0                     0
6     12     3.595          16.02             2.42663              0                     0
6     12     3.595          16.02             2.46258              0                     0
6     12     3.595          16.02             2.49852              0                     0
6     12     3.595          16.02             2.53448              0                     0
6     12     3.595          16.02             2.57043              0                     0
6     12     3.595          16.02             2.60637              0                     0
6     12     3.595          16.02             2.64233              0                     0
6     12     3.595          16.02             2.67828              0                     0
6     12     3.595          16.02             2.71422              0                     0
6     12     3.595          16.02             2.75018              0                     0
6     12     3.595          16.02             2.78613              0                     0
6     12     3.595          16.02             2.82207              0                     0
6     12     3.595          16.02             2.85803              0                     0
6     12     3.595          16.02             2.89398              0                     0
6     12     3.595          16.02             2.92992              0                     0
6     12     3.595          16.02             2.96588              0                     0
6     12     3.595          16.02             3.00183              0                     0
6     12     3.595          16.02             3.03777              0                     0
6     12     3.595          16.02             3.07373              0                     0
6     12     3.595          16.02             3.10968              0                     0
6     12     3.595          16.02             3.14562              0                     0
6     12     3.595          16.02             3.18158              0                     0
6     12     3.595          16.02             3.21753              0                     0
6     12     3.595          16.02             3.25347              0                     0
6     12     3.595          16.02             3.28943              0                     0
6     12     3.595          16.02             3.32538              0                     0
6     12     3.595          16.02             3.36132              0                     0
6     12     3.595          16.02             3.39728              0                     0
6     12     3.595          16.02             3.43323              0                     0
6     12     3.595          16.02             3.46917              0                     0
6     12     3.595          16.02             3.50513              0                     0
6     12     3.595          16.02             3.54108              0                     0
*******************************************************************************************************
 Average mean_angle 1.13143e+06 +- 4220.77 deg 
 Average E' 196255 +- 732.123 GeV 
