*******************************************************************************************************
Z     A     E(GeV)     Theta(deg)     Energy Loss(GeV)     Sigma(nb/sr/GeV)     ERROR     Citation     
*******************************************************************************************************
6     12     3.595          25.016             0.017975              0                     0
6     12     3.595          25.016             0.053925              0                     0
6     12     3.595          25.016             0.089875              0                     0
6     12     3.595          25.016             0.125825              0                     0
6     12     3.595          25.016             0.161775              0                     0
6     12     3.595          25.016             0.197725              0                     0
6     12     3.595          25.016             0.233675              0                     0
6     12     3.595          25.016             0.269625              0                     0
6     12     3.595          25.016             0.305575              0                     0
6     12     3.595          25.016             0.341525              0                     0
6     12     3.595          25.016             0.377475              0                     0
6     12     3.595          25.016             0.413425              0                     0
6     12     3.595          25.016             0.449375              0.344484                     0.172242
6     12     3.595          25.016             0.485325              0.0861211                     0.0861211
6     12     3.595          25.016             0.521275              0.77509                     0.258363
6     12     3.595          25.016             0.557225              0.516726                     0.210953
6     12     3.595          25.016             0.593175              1.37794                     0.344484
6     12     3.595          25.016             0.629125              4.65054                     0.632858
6     12     3.595          25.016             0.665075              7.49253                     0.803284
6     12     3.595          25.016             0.701025              12.832                     1.05124
6     12     3.595          25.016             0.736975              20.6691                     1.33418
6     12     3.595          25.016             0.772925              30.3146                     1.61577
6     12     3.595          25.016             0.808875              43.5773                     1.93725
6     12     3.595          25.016             0.844825              54.3424                     2.16334
6     12     3.595          25.016             0.880775              68.4662                     2.42825
6     12     3.595          25.016             0.916725              80.6954                     2.63621
6     12     3.595          25.016             0.952675              94.2164                     2.84851
6     12     3.595          25.016             0.988625              96.6278                     2.88473
6     12     3.595          25.016             1.02458              106.101                     3.02284
6     12     3.595          25.016             1.06053              114.713                     3.14312
6     12     3.595          25.016             1.09648              135.899                     3.42108
6     12     3.595          25.016             1.13243              142.616                     3.50461
6     12     3.595          25.016             1.16838              147.87                     3.56857
6     12     3.595          25.016             1.20433              167.075                     3.79324
6     12     3.595          25.016             1.24028              172.328                     3.85241
6     12     3.595          25.016             1.27623              187.313                     4.01642
6     12     3.595          25.016             1.31218              197.217                     4.12123
6     12     3.595          25.016             1.34813              225.12                     4.40314
6     12     3.595          25.016             1.38408              244.498                     4.58873
6     12     3.595          25.016             1.42003              266.803                     4.79347
6     12     3.595          25.016             1.45598              294.19                     5.03348
6     12     3.595          25.016             1.49193              321.404                     5.26114
6     12     3.595          25.016             1.52788              340.867                     5.4181
6     12     3.595          25.016             1.56383              365.67                     5.61176
6     12     3.595          25.016             1.59978              388.062                     5.78103
6     12     3.595          25.016             1.63573              404.597                     5.90291
6     12     3.595          25.016             1.67168              417.601                     5.99702
6     12     3.595          25.016             1.70763              423.113                     6.03647
6     12     3.595          25.016             1.74358              438.787                     6.14726
6     12     3.595          25.016             1.77953              441.715                     6.16774
6     12     3.595          25.016             1.81548              439.304                     6.15088
6     12     3.595          25.016             1.85143              454.289                     6.2549
6     12     3.595          25.016             1.88738              446.452                     6.20072
6     12     3.595          25.016             1.92333              448.691                     6.21625
6     12     3.595          25.016             1.95928              453.083                     6.2466
6     12     3.595          25.016             1.99523              458.336                     6.28271
6     12     3.595          25.016             2.03118              463.331                     6.31685
6     12     3.595          25.016             2.06712              470.652                     6.36655
6     12     3.595          25.016             2.10308              467.035                     6.34204
6     12     3.595          25.016             2.13903              472.202                     6.37703
6     12     3.595          25.016             2.17497              489.598                     6.49344
6     12     3.595          25.016             2.21093              479.78                     6.428
6     12     3.595          25.016             2.24688              480.728                     6.43434
6     12     3.595          25.016             2.28282              479.694                     6.42742
6     12     3.595          25.016             2.31878              490.373                     6.49857
6     12     3.595          25.016             2.35473              493.474                     6.51909
6     12     3.595          25.016             2.39067              491.235                     6.50428
6     12     3.595          25.016             2.42663              498.469                     6.552
6     12     3.595          25.016             2.46258              496.402                     6.5384
6     12     3.595          25.016             2.49852              490.459                     6.49915
6     12     3.595          25.016             2.53448              491.924                     6.50884
6     12     3.595          25.016             2.57043              482.881                     6.44874
6     12     3.595          25.016             2.60637              484                     6.45621
6     12     3.595          25.016             2.64233              482.278                     6.44471
6     12     3.595          25.016             2.67828              493.129                     6.51681
6     12     3.595          25.016             2.71422              483.656                     6.45391
6     12     3.595          25.016             2.75018              476.336                     6.40488
6     12     3.595          25.016             2.78613              473.407                     6.38517
6     12     3.595          25.016             2.82207              481.761                     6.44126
6     12     3.595          25.016             2.85803              468.499                     6.35198
6     12     3.595          25.016             2.89398              477.972                     6.41587
6     12     3.595          25.016             2.92992              466.69                     6.3397
6     12     3.595          25.016             2.96588              468.929                     6.35489
6     12     3.595          25.016             3.00183              459.714                     6.29214
6     12     3.595          25.016             3.03777              471.254                     6.37063
6     12     3.595          25.016             3.07373              444.815                     6.18934
6     12     3.595          25.016             3.10968              442.835                     6.17555
6     12     3.595          25.016             3.14562              432.672                     6.10428
6     12     3.595          25.016             3.18158              437.839                     6.14062
6     12     3.595          25.016             3.21753              406.233                     5.91483
6     12     3.595          25.016             3.25347              391.334                     5.80535
6     12     3.595          25.016             3.28943              362.57                     5.58792
6     12     3.595          25.016             3.32538              357.919                     5.55197
6     12     3.595          25.016             3.36132              322.179                     5.26748
6     12     3.595          25.016             3.39728              298.409                     5.06945
6     12     3.595          25.016             3.43323              261.377                     4.74448
6     12     3.595          25.016             3.46917              220.47                     4.35742
6     12     3.595          25.016             3.50513              174.567                     3.87736
6     12     3.595          25.016             3.54108              108.513                     3.05699
*******************************************************************************************************
 Average angle 24.9103 +- 0.0438748 deg 
 Average E' 1.25199 +- 0.00220514 GeV 
