*******************************************************************************************************
Z     A     E(GeV)     Theta(deg)     Energy Loss(GeV)     Sigma(nb/sr/GeV)     ERROR     Citation     
*******************************************************************************************************
6     12     1.501          37.5             0.007505              0                     0
6     12     1.501          37.5             0.022515              0                     0
6     12     1.501          37.5             0.037525              0                     0
6     12     1.501          37.5             0.052535              0                     0
6     12     1.501          37.5             0.067545              0                     0
6     12     1.501          37.5             0.082555              0                     0
6     12     1.501          37.5             0.097565              0                     0
6     12     1.501          37.5             0.112575              0                     0
6     12     1.501          37.5             0.127585              0                     0
6     12     1.501          37.5             0.142595              0                     0
6     12     1.501          37.5             0.157605              0                     0
6     12     1.501          37.5             0.172615              0                     0
6     12     1.501          37.5             0.187625              0                     0
6     12     1.501          37.5             0.202635              0                     0
6     12     1.501          37.5             0.217645              0                     0
6     12     1.501          37.5             0.232655              0                     0
6     12     1.501          37.5             0.247665              0                     0
6     12     1.501          37.5             0.262675              0                     0
6     12     1.501          37.5             0.277685              0                     0
6     12     1.501          37.5             0.292695              0                     0
6     12     1.501          37.5             0.307705              0                     0
6     12     1.501          37.5             0.322715              0                     0
6     12     1.501          37.5             0.337725              0                     0
6     12     1.501          37.5             0.352735              0                     0
6     12     1.501          37.5             0.367745              0                     0
6     12     1.501          37.5             0.382755              0                     0
6     12     1.501          37.5             0.397765              0                     0
6     12     1.501          37.5             0.412775              0                     0
6     12     1.501          37.5             0.427785              0                     0
6     12     1.501          37.5             0.442795              0                     0
6     12     1.501          37.5             0.457805              0                     0
6     12     1.501          37.5             0.472815              0                     0
6     12     1.501          37.5             0.487825              0                     0
6     12     1.501          37.5             0.502835              0                     0
6     12     1.501          37.5             0.517845              0                     0
6     12     1.501          37.5             0.532855              0                     0
6     12     1.501          37.5             0.547865              0                     0
6     12     1.501          37.5             0.562875              0                     0
6     12     1.501          37.5             0.577885              0                     0
6     12     1.501          37.5             0.592895              0                     0
6     12     1.501          37.5             0.607905              0                     0
6     12     1.501          37.5             0.622915              0                     0
6     12     1.501          37.5             0.637925              0                     0
6     12     1.501          37.5             0.652935              0                     0
6     12     1.501          37.5             0.667945              0                     0
6     12     1.501          37.5             0.682955              0                     0
6     12     1.501          37.5             0.697965              0                     0
6     12     1.501          37.5             0.712975              0                     0
6     12     1.501          37.5             0.727985              0                     0
6     12     1.501          37.5             0.742995              0                     0
6     12     1.501          37.5             0.758005              0                     0
6     12     1.501          37.5             0.773015              0                     0
6     12     1.501          37.5             0.788025              0                     0
6     12     1.501          37.5             0.803035              0                     0
6     12     1.501          37.5             0.818045              0                     0
6     12     1.501          37.5             0.833055              0                     0
6     12     1.501          37.5             0.848065              0                     0
6     12     1.501          37.5             0.863075              0                     0
6     12     1.501          37.5             0.878085              0                     0
6     12     1.501          37.5             0.893095              0                     0
6     12     1.501          37.5             0.908105              0                     0
6     12     1.501          37.5             0.923115              0                     0
6     12     1.501          37.5             0.938125              0                     0
6     12     1.501          37.5             0.953135              0                     0
6     12     1.501          37.5             0.968145              0                     0
6     12     1.501          37.5             0.983155              0                     0
6     12     1.501          37.5             0.998165              0                     0
6     12     1.501          37.5             1.01317              0                     0
6     12     1.501          37.5             1.02819              0                     0
6     12     1.501          37.5             1.0432              0                     0
6     12     1.501          37.5             1.05821              0                     0
6     12     1.501          37.5             1.07322              0                     0
6     12     1.501          37.5             1.08822              0                     0
6     12     1.501          37.5             1.10323              0                     0
6     12     1.501          37.5             1.11824              0                     0
6     12     1.501          37.5             1.13326              0                     0
6     12     1.501          37.5             1.14827              0                     0
6     12     1.501          37.5             1.16328              0                     0
6     12     1.501          37.5             1.17829              395.579                     11.3208
6     12     1.501          37.5             1.19329              637.268                     14.3688
6     12     1.501          37.5             1.2083              659.947                     14.6222
6     12     1.501          37.5             1.22331              654.763                     14.5647
6     12     1.501          37.5             1.23833              621.717                     14.1924
6     12     1.501          37.5             1.25334              625.281                     14.233
6     12     1.501          37.5             1.26835              621.393                     14.1887
6     12     1.501          37.5             1.28336              595.475                     13.8896
6     12     1.501          37.5             1.29836              601.307                     13.9575
6     12     1.501          37.5             1.31337              568.585                     13.5724
6     12     1.501          37.5             1.32838              519.664                     12.9754
6     12     1.501          37.5             1.3434              487.266                     12.5644
6     12     1.501          37.5             1.35841              455.84                     12.1525
6     12     1.501          37.5             1.37342              422.47                     11.6992
6     12     1.501          37.5             1.38843              355.406                     10.7305
6     12     1.501          37.5             1.40343              329.164                     10.3268
6     12     1.501          37.5             1.41844              293.85                     9.75712
6     12     1.501          37.5             1.43345              243.309                     8.87847
6     12     1.501          37.5             1.44847              187.908                     7.80247
6     12     1.501          37.5             1.46348              128.296                     6.44712
6     12     1.501          37.5             1.47849              0                     0
*******************************************************************************************************
 Average angle 1.08773e+06 +- 6384.28 deg 
 Average E' 5963.51 +- 35.002 GeV 
