*******************************************************************************************************
Z     A     E(GeV)     Theta(deg)     Energy Loss(GeV)     Sigma(nb/sr/GeV)     ERROR     Citation     
*******************************************************************************************************
6     12     0.5568          36             0.002784              0                     0
6     12     0.5568          36             0.008352              0                     0
6     12     0.5568          36             0.01392              0                     0
6     12     0.5568          36             0.019488              0                     0
6     12     0.5568          36             0.025056              0                     0
6     12     0.5568          36             0.030624              0                     0
6     12     0.5568          36             0.036192              0                     0
6     12     0.5568          36             0.04176              0                     0
6     12     0.5568          36             0.047328              0                     0
6     12     0.5568          36             0.052896              0                     0
6     12     0.5568          36             0.058464              0                     0
6     12     0.5568          36             0.064032              0                     0
6     12     0.5568          36             0.0696              0                     0
6     12     0.5568          36             0.075168              0                     0
6     12     0.5568          36             0.080736              0                     0
6     12     0.5568          36             0.086304              0                     0
6     12     0.5568          36             0.091872              0                     0
6     12     0.5568          36             0.09744              0                     0
6     12     0.5568          36             0.103008              0                     0
6     12     0.5568          36             0.108576              0                     0
6     12     0.5568          36             0.114144              0                     0
6     12     0.5568          36             0.119712              0                     0
6     12     0.5568          36             0.12528              0                     0
6     12     0.5568          36             0.130848              0                     0
6     12     0.5568          36             0.136416              0                     0
6     12     0.5568          36             0.141984              0                     0
6     12     0.5568          36             0.147552              0                     0
6     12     0.5568          36             0.15312              0                     0
6     12     0.5568          36             0.158688              0                     0
6     12     0.5568          36             0.164256              0.40392                     0.285615
6     12     0.5568          36             0.169824              11.7137                     1.53808
6     12     0.5568          36             0.175392              44.8351                     3.00914
6     12     0.5568          36             0.18096              98.1525                     4.45229
6     12     0.5568          36             0.186528              169.646                     5.85336
6     12     0.5568          36             0.192096              253.258                     7.15178
6     12     0.5568          36             0.197664              338.283                     8.26557
6     12     0.5568          36             0.203232              449.159                     9.52429
6     12     0.5568          36             0.2088              587.704                     10.8946
6     12     0.5568          36             0.214368              685.654                     11.7675
6     12     0.5568          36             0.219936              796.328                     12.6817
6     12     0.5568          36             0.225504              888.422                     13.395
6     12     0.5568          36             0.231072              986.372                     14.1141
6     12     0.5568          36             0.23664              1059.08                     14.625
6     12     0.5568          36             0.242208              1163.09                     15.3264
6     12     0.5568          36             0.247776              1214.18                     15.6594
6     12     0.5568          36             0.253344              1259.42                     15.9484
6     12     0.5568          36             0.258912              1331.32                     16.3974
6     12     0.5568          36             0.26448              1333.95                     16.4135
6     12     0.5568          36             0.270048              1340.21                     16.452
6     12     0.5568          36             0.275616              1370.3                     16.6357
6     12     0.5568          36             0.281184              1342.43                     16.4656
6     12     0.5568          36             0.286752              1377.77                     16.681
6     12     0.5568          36             0.29232              1354.55                     16.5398
6     12     0.5568          36             0.297888              1345.86                     16.4867
6     12     0.5568          36             0.303456              1337.18                     16.4334
6     12     0.5568          36             0.309024              1349.29                     16.5077
6     12     0.5568          36             0.314592              1291.53                     16.1505
6     12     0.5568          36             0.32016              1292.54                     16.1568
6     12     0.5568          36             0.325728              1239.23                     15.8201
6     12     0.5568          36             0.331296              1254.37                     15.9164
6     12     0.5568          36             0.336864              1196.01                     15.5417
6     12     0.5568          36             0.342432              1170.96                     15.3782
6     12     0.5568          36             0.348              1175.81                     15.41
6     12     0.5568          36             0.353568              1131.38                     15.116
6     12     0.5568          36             0.359136              1129.97                     15.1066
6     12     0.5568          36             0.364704              1074.43                     14.7306
6     12     0.5568          36             0.370272              1055.85                     14.6027
6     12     0.5568          36             0.37584              1043.73                     14.5187
6     12     0.5568          36             0.381408              1015.86                     14.3235
6     12     0.5568          36             0.386976              972.235                     14.0126
6     12     0.5568          36             0.392544              919.726                     13.6289
6     12     0.5568          36             0.398112              918.11                     13.617
6     12     0.5568          36             0.40368              891.249                     13.4163
6     12     0.5568          36             0.409248              855.502                     13.1445
6     12     0.5568          36             0.414816              849.444                     13.0978
6     12     0.5568          36             0.420384              782.191                     12.5687
6     12     0.5568          36             0.425952              753.715                     12.3378
6     12     0.5568          36             0.43152              737.76                     12.2065
6     12     0.5568          36             0.437088              708.274                     11.9601
6     12     0.5568          36             0.442656              678.787                     11.7085
6     12     0.5568          36             0.448224              616.584                     11.1591
6     12     0.5568          36             0.453792              589.925                     10.9152
6     12     0.5568          36             0.45936              407.757                     9.07472
6     12     0.5568          36             0.464928              187.217                     6.14901
6     12     0.5568          36             0.470496              19.3882                     1.9788
6     12     0.5568          36             0.476064              0                     0
6     12     0.5568          36             0.481632              0                     0
6     12     0.5568          36             0.4872              0                     0
6     12     0.5568          36             0.492768              0                     0
6     12     0.5568          36             0.498336              0                     0
6     12     0.5568          36             0.503904              0                     0
6     12     0.5568          36             0.509472              0                     0
6     12     0.5568          36             0.51504              0                     0
6     12     0.5568          36             0.520608              0                     0
6     12     0.5568          36             0.526176              0                     0
6     12     0.5568          36             0.531744              0                     0
6     12     0.5568          36             0.537312              0                     0
6     12     0.5568          36             0.54288              0                     0
6     12     0.5568          36             0.548448              0                     0
*******************************************************************************************************
 Average mean_angle 8.80756e+06 +- 17799.7 deg 
 Average E' 57538.4 +- 116.283 GeV 
