*******************************************************************************************************
Z     A     E(GeV)     Theta(deg)     Energy Loss(GeV)     Sigma(nb/sr/GeV)     ERROR     Citation     
*******************************************************************************************************
6     12     3.116          24.98             1.41333              16.3928                     1.39042
6     12     3.116          24.98             1.44              15.4493                     1.34981
6     12     3.116          24.98             1.46667              12.8548                     1.23126
6     12     3.116          24.98             1.49333              14.27                     1.29727
6     12     3.116          24.98             1.52              13.0906                     1.24251
6     12     3.116          24.98             1.54667              16.039                     1.37533
6     12     3.116          24.98             1.57333              13.5624                     1.2647
6     12     3.116          24.98             1.6              16.6286                     1.40038
6     12     3.116          24.98             1.62667              17.3362                     1.42987
6     12     3.116          24.98             1.65333              16.1569                     1.38038
6     12     3.116          24.98             1.68              16.2748                     1.38541
6     12     3.116          24.98             1.70667              13.4444                     1.25919
6     12     3.116          24.98             1.73333              16.039                     1.37533
6     12     3.116          24.98             1.76              14.9776                     1.32904
6     12     3.116          24.98             1.78667              14.3879                     1.30262
6     12     3.116          24.98             1.81333              4.71734                     0.745878
6     12     3.116          24.98             1.84              0                     0
6     12     3.116          24.98             1.86667              0                     0
6     12     3.116          24.98             1.89333              0                     0
6     12     3.116          24.98             1.92              0                     0
6     12     3.116          24.98             1.94667              0                     0
6     12     3.116          24.98             1.97333              0                     0
6     12     3.116          24.98             2              0                     0
6     12     3.116          24.98             2.02667              0                     0
6     12     3.116          24.98             2.05333              0                     0
6     12     3.116          24.98             2.08              0                     0
6     12     3.116          24.98             2.10667              0                     0
6     12     3.116          24.98             2.13333              0                     0
6     12     3.116          24.98             2.16              0                     0
*******************************************************************************************************
 Average mean_angle 227113 +- 2371.69 deg 
 Average E' 18724 +- 195.531 GeV 
