*******************************************************************************************************
Z     A     E(GeV)     Theta(deg)     Energy Loss(GeV)     Sigma(nb/sr/GeV)     ERROR     Citation     
*******************************************************************************************************
6     12     3.4886          36             0.017443              0                     0
6     12     3.4886          36             0.052329              0                     0
6     12     3.4886          36             0.087215              0                     0
6     12     3.4886          36             0.122101              0                     0
6     12     3.4886          36             0.156987              0                     0
6     12     3.4886          36             0.191873              0                     0
6     12     3.4886          36             0.226759              0                     0
6     12     3.4886          36             0.261645              0                     0
6     12     3.4886          36             0.296531              0                     0
6     12     3.4886          36             0.331417              0                     0
6     12     3.4886          36             0.366303              0                     0
6     12     3.4886          36             0.401189              0                     0
6     12     3.4886          36             0.436075              0                     0
6     12     3.4886          36             0.470961              0                     0
6     12     3.4886          36             0.505847              0                     0
6     12     3.4886          36             0.540733              0                     0
6     12     3.4886          36             0.575619              0                     0
6     12     3.4886          36             0.610505              0                     0
6     12     3.4886          36             0.645391              0                     0
6     12     3.4886          36             0.680277              0                     0
6     12     3.4886          36             0.715163              0                     0
6     12     3.4886          36             0.750049              0                     0
6     12     3.4886          36             0.784935              0                     0
6     12     3.4886          36             0.819821              0                     0
6     12     3.4886          36             0.854707              0                     0
6     12     3.4886          36             0.889593              0                     0
6     12     3.4886          36             0.924479              0                     0
6     12     3.4886          36             0.959365              0                     0
6     12     3.4886          36             0.994251              0                     0
6     12     3.4886          36             1.02914              0                     0
6     12     3.4886          36             1.06402              0                     0
6     12     3.4886          36             1.09891              0                     0
6     12     3.4886          36             1.1338              0                     0
6     12     3.4886          36             1.16868              0                     0
6     12     3.4886          36             1.20357              0                     0
6     12     3.4886          36             1.23845              0.0597248                     0.0597248
6     12     3.4886          36             1.27334              0.0597248                     0.0597248
6     12     3.4886          36             1.30823              0                     0
6     12     3.4886          36             1.34311              0.238899                     0.11945
6     12     3.4886          36             1.378              0.597248                     0.188867
6     12     3.4886          36             1.41288              0.537524                     0.179175
6     12     3.4886          36             1.44777              1.49312                     0.298624
6     12     3.4886          36             1.48266              3.04597                     0.426521
6     12     3.4886          36             1.51754              4.77799                     0.534195
6     12     3.4886          36             1.55243              6.15166                     0.606141
6     12     3.4886          36             1.58731              9.3768                     0.74835
6     12     3.4886          36             1.6222              12.0047                     0.846746
6     12     3.4886          36             1.65709              15.1104                     0.949982
6     12     3.4886          36             1.69197              19.8286                     1.08824
6     12     3.4886          36             1.72686              24.0094                     1.19748
6     12     3.4886          36             1.76174              29.4443                     1.32611
6     12     3.4886          36             1.79663              34.2223                     1.42966
6     12     3.4886          36             1.83152              39.4184                     1.53436
6     12     3.4886          36             1.8664              47.4812                     1.68399
6     12     3.4886          36             1.90129              54.5288                     1.80464
6     12     3.4886          36             1.93617              58.3512                     1.86682
6     12     3.4886          36             1.97106              63.0097                     1.93991
6     12     3.4886          36             2.00595              67.0113                     2.00056
6     12     3.4886          36             2.04083              73.6407                     2.09718
6     12     3.4886          36             2.07572              79.9716                     2.18547
6     12     3.4886          36             2.1106              81.5841                     2.2074
6     12     3.4886          36             2.14549              83.8537                     2.23789
6     12     3.4886          36             2.18038              89.8859                     2.31699
6     12     3.4886          36             2.21526              92.8721                     2.35516
6     12     3.4886          36             2.25015              99.0238                     2.43191
6     12     3.4886          36             2.28503              97.4709                     2.41277
6     12     3.4886          36             2.31992              103.623                     2.48774
6     12     3.4886          36             2.35481              104.041                     2.49275
6     12     3.4886          36             2.38969              113.059                     2.59855
6     12     3.4886          36             2.42458              112.82                     2.5958
6     12     3.4886          36             2.45946              120.405                     2.68164
6     12     3.4886          36             2.49435              121.659                     2.69557
6     12     3.4886          36             2.52923              121.719                     2.69623
6     12     3.4886          36             2.56412              131.156                     2.7988
6     12     3.4886          36             2.59901              134.68                     2.83614
6     12     3.4886          36             2.63389              145.908                     2.952
6     12     3.4886          36             2.66878              146.565                     2.95864
6     12     3.4886          36             2.70366              148.177                     2.97487
6     12     3.4886          36             2.73855              153.015                     3.02304
6     12     3.4886          36             2.77344              159.286                     3.08437
6     12     3.4886          36             2.80832              160.301                     3.09418
6     12     3.4886          36             2.84321              166.095                     3.1496
6     12     3.4886          36             2.8781              168.962                     3.17667
6     12     3.4886          36             2.91298              164.721                     3.13655
6     12     3.4886          36             2.94787              170.335                     3.18955
6     12     3.4886          36             2.98275              176.666                     3.24828
6     12     3.4886          36             3.01764              179.593                     3.27508
6     12     3.4886          36             3.05253              179.234                     3.27181
6     12     3.4886          36             3.08741              175.472                     3.23728
6     12     3.4886          36             3.1223              183.534                     3.31083
6     12     3.4886          36             3.15718              184.132                     3.31621
6     12     3.4886          36             3.19207              188.014                     3.35098
6     12     3.4886          36             3.22696              186.461                     3.33712
6     12     3.4886          36             3.26184              187.715                     3.34832
6     12     3.4886          36             3.29673              170.096                     3.18731
6     12     3.4886          36             3.33161              163.288                     3.12287
6     12     3.4886          36             3.3665              147.461                     2.96767
6     12     3.4886          36             3.40139              121.062                     2.68894
6     12     3.4886          36             3.43627              83.555                     2.2339
*******************************************************************************************************
 Average angle 35.9332 +- 0.111628 deg 
 Average E' 0.742497 +- 0.00230659 GeV 
