*******************************************************************************************************
Z     A     E(GeV)     Theta(deg)     Energy Loss(GeV)     Sigma(nb/sr/GeV)     ERROR     Citation     
*******************************************************************************************************
6     12     3.269          42.98             0.016345              0                     0
6     12     3.269          42.98             0.049035              0                     0
6     12     3.269          42.98             0.081725              0                     0
6     12     3.269          42.98             0.114415              0                     0
6     12     3.269          42.98             0.147105              0                     0
6     12     3.269          42.98             0.179795              0                     0
6     12     3.269          42.98             0.212485              0                     0
6     12     3.269          42.98             0.245175              0                     0
6     12     3.269          42.98             0.277865              0                     0
6     12     3.269          42.98             0.310555              0                     0
6     12     3.269          42.98             0.343245              0                     0
6     12     3.269          42.98             0.375935              0                     0
6     12     3.269          42.98             0.408625              0                     0
6     12     3.269          42.98             0.441315              0                     0
6     12     3.269          42.98             0.474005              0                     0
6     12     3.269          42.98             0.506695              0                     0
6     12     3.269          42.98             0.539385              0                     0
6     12     3.269          42.98             0.572075              0                     0
6     12     3.269          42.98             0.604765              0                     0
6     12     3.269          42.98             0.637455              0                     0
6     12     3.269          42.98             0.670145              0                     0
6     12     3.269          42.98             0.702835              0                     0
6     12     3.269          42.98             0.735525              0                     0
6     12     3.269          42.98             0.768215              0                     0
6     12     3.269          42.98             0.800905              0                     0
6     12     3.269          42.98             0.833595              0                     0
6     12     3.269          42.98             0.866285              0                     0
6     12     3.269          42.98             0.898975              0                     0
6     12     3.269          42.98             0.931665              0                     0
6     12     3.269          42.98             0.964355              0                     0
6     12     3.269          42.98             0.997045              0                     0
6     12     3.269          42.98             1.02974              0                     0
6     12     3.269          42.98             1.06243              0                     0
6     12     3.269          42.98             1.09512              0                     0
6     12     3.269          42.98             1.12781              0                     0
6     12     3.269          42.98             1.1605              0                     0
6     12     3.269          42.98             1.19319              0                     0
6     12     3.269          42.98             1.22588              0                     0
6     12     3.269          42.98             1.25857              0                     0
6     12     3.269          42.98             1.29126              0                     0
6     12     3.269          42.98             1.32395              0                     0
6     12     3.269          42.98             1.35664              0                     0
6     12     3.269          42.98             1.38933              0                     0
6     12     3.269          42.98             1.42202              0                     0
6     12     3.269          42.98             1.45471              0.104176                     0.0736637
6     12     3.269          42.98             1.4874              0.0520881                     0.0520881
6     12     3.269          42.98             1.52009              0.416705                     0.147327
6     12     3.269          42.98             1.55278              0.260441                     0.116473
6     12     3.269          42.98             1.58547              1.61473                     0.290014
6     12     3.269          42.98             1.61816              1.3022                     0.260441
6     12     3.269          42.98             1.65085              2.55232                     0.364617
6     12     3.269          42.98             1.68354              4.27123                     0.471678
6     12     3.269          42.98             1.71623              5.57343                     0.538804
6     12     3.269          42.98             1.74892              7.08398                     0.607447
6     12     3.269          42.98             1.78161              10.3134                     0.732945
6     12     3.269          42.98             1.8143              13.5429                     0.839896
6     12     3.269          42.98             1.84699              14.8972                     0.88089
6     12     3.269          42.98             1.87968              17.9183                     0.966091
6     12     3.269          42.98             1.91237              22.7104                     1.08763
6     12     3.269          42.98             1.94506              27.3463                     1.19349
6     12     3.269          42.98             1.97775              30.159                     1.25337
6     12     3.269          42.98             2.01044              34.0656                     1.33207
6     12     3.269          42.98             2.04312              37.243                     1.39281
6     12     3.269          42.98             2.07581              39.6391                     1.43691
6     12     3.269          42.98             2.10851              43.8061                     1.51056
6     12     3.269          42.98             2.1412              47.8169                     1.57819
6     12     3.269          42.98             2.17389              50.4213                     1.6206
6     12     3.269          42.98             2.20657              54.4321                     1.68382
6     12     3.269          42.98             2.23927              55.6301                     1.70225
6     12     3.269          42.98             2.27196              57.5053                     1.73071
6     12     3.269          42.98             2.30465              61.0994                     1.78397
6     12     3.269          42.98             2.33733              64.6934                     1.83569
6     12     3.269          42.98             2.37003              68.3917                     1.88743
6     12     3.269          42.98             2.40272              67.9229                     1.88095
6     12     3.269          42.98             2.43541              72.09                     1.93779
6     12     3.269          42.98             2.46809              80.0073                     2.04143
6     12     3.269          42.98             2.50079              81.6221                     2.06193
6     12     3.269          42.98             2.53348              89.4874                     2.15899
6     12     3.269          42.98             2.56617              88.3935                     2.14575
6     12     3.269          42.98             2.59885              94.1232                     2.2142
6     12     3.269          42.98             2.63155              97.4048                     2.25247
6     12     3.269          42.98             2.66424              99.1237                     2.27226
6     12     3.269          42.98             2.69693              105.166                     2.34049
6     12     3.269          42.98             2.72962              106.26                     2.35263
6     12     3.269          42.98             2.76231              113.344                     2.42979
6     12     3.269          42.98             2.795              116.313                     2.4614
6     12     3.269          42.98             2.82769              117.459                     2.4735
6     12     3.269          42.98             2.86038              121.157                     2.51214
6     12     3.269          42.98             2.89306              128.501                     2.58716
6     12     3.269          42.98             2.92576              131.783                     2.61999
6     12     3.269          42.98             2.95845              125.845                     2.56028
6     12     3.269          42.98             2.99114              134.439                     2.64626
6     12     3.269          42.98             3.02382              138.606                     2.68696
6     12     3.269          42.98             3.05652              142.721                     2.72655
6     12     3.269          42.98             3.08921              134.7                     2.64882
6     12     3.269          42.98             3.1219              130.481                     2.60701
6     12     3.269          42.98             3.15459              122.147                     2.52238
6     12     3.269          42.98             3.18728              100.895                     2.29247
6     12     3.269          42.98             3.21997              75.8403                     1.98756
*******************************************************************************************************
 Average angle 42.9234 +- 0.16292 deg 
 Average E' 0.571719 +- 0.00217001 GeV 
