*******************************************************************************************************
Z     A     E(GeV)     Theta(deg)     Energy Loss(GeV)     Sigma(nb/sr/GeV)     ERROR     Citation     
*******************************************************************************************************
6     12     1.5          13.54             0.0075              48055.2                     160.532
6     12     1.5          13.54             0.0225              165648                     298.047
6     12     1.5          13.54             0.0375              279096                     386.874
6     12     1.5          13.54             0.0525              361628                     440.375
6     12     1.5          13.54             0.0675              387264                     455.718
6     12     1.5          13.54             0.0825              367223                     443.769
6     12     1.5          13.54             0.0975              320037                     414.278
6     12     1.5          13.54             0.1125              259506                     373.049
6     12     1.5          13.54             0.1275              198091                     325.93
6     12     1.5          13.54             0.1425              144116                     278.002
6     12     1.5          13.54             0.1575              100668                     232.347
6     12     1.5          13.54             0.1725              67504.7                     190.265
6     12     1.5          13.54             0.1875              44194.1                     153.948
6     12     1.5          13.54             0.2025              29182.2                     125.098
6     12     1.5          13.54             0.2175              18987.7                     100.909
6     12     1.5          13.54             0.2325              12242.5                     81.0266
6     12     1.5          13.54             0.2475              7987.75                     65.4492
6     12     1.5          13.54             0.2625              5353.59                     53.5815
6     12     1.5          13.54             0.2775              3568.88                     43.748
6     12     1.5          13.54             0.2925              2465.77                     36.3637
6     12     1.5          13.54             0.3075              1662.44                     29.8583
6     12     1.5          13.54             0.3225              1103.65                     24.328
6     12     1.5          13.54             0.3375              730.937                     19.7985
6     12     1.5          13.54             0.3525              518.038                     16.6676
6     12     1.5          13.54             0.3675              370.563                     14.0969
6     12     1.5          13.54             0.3825              243.467                     11.4265
6     12     1.5          13.54             0.3975              167.316                     9.47243
6     12     1.5          13.54             0.4125              116.907                     7.91794
6     12     1.5          13.54             0.4275              85.8033                     6.78335
6     12     1.5          13.54             0.4425              50.9457                     5.22692
6     12     1.5          13.54             0.4575              34.8576                     4.32355
6     12     1.5          13.54             0.4725              23.5959                     3.55722
6     12     1.5          13.54             0.4875              13.4068                     2.68135
6     12     1.5          13.54             0.5025              11.2617                     2.4575
6     12     1.5          13.54             0.5175              6.43525                     1.8577
6     12     1.5          13.54             0.5325              6.97152                     1.93355
6     12     1.5          13.54             0.5475              4.82644                     1.60881
6     12     1.5          13.54             0.5625              2.68135                     1.19914
6     12     1.5          13.54             0.5775              4.29017                     1.5168
6     12     1.5          13.54             0.5925              2.68135                     1.19914
6     12     1.5          13.54             0.6075              0.536271                     0.536271
6     12     1.5          13.54             0.6225              0.536271                     0.536271
6     12     1.5          13.54             0.6375              1.60881                     0.928848
6     12     1.5          13.54             0.6525              0                     0
6     12     1.5          13.54             0.6675              0.536271                     0.536271
6     12     1.5          13.54             0.6825              0                     0
6     12     1.5          13.54             0.6975              0.536271                     0.536271
6     12     1.5          13.54             0.7125              0                     0
6     12     1.5          13.54             0.7275              0.536271                     0.536271
6     12     1.5          13.54             0.7425              0                     0
6     12     1.5          13.54             0.7575              0                     0
6     12     1.5          13.54             0.7725              0                     0
6     12     1.5          13.54             0.7875              0                     0
6     12     1.5          13.54             0.8025              0                     0
6     12     1.5          13.54             0.8175              0                     0
6     12     1.5          13.54             0.8325              0                     0
6     12     1.5          13.54             0.8475              0                     0
6     12     1.5          13.54             0.8625              0                     0
6     12     1.5          13.54             0.8775              0                     0
6     12     1.5          13.54             0.8925              0                     0
6     12     1.5          13.54             0.9075              0                     0
6     12     1.5          13.54             0.9225              0                     0
6     12     1.5          13.54             0.9375              0                     0
6     12     1.5          13.54             0.9525              0                     0
6     12     1.5          13.54             0.9675              0                     0
6     12     1.5          13.54             0.9825              0                     0
6     12     1.5          13.54             0.9975              0                     0
6     12     1.5          13.54             1.0125              0                     0
6     12     1.5          13.54             1.0275              0                     0
6     12     1.5          13.54             1.0425              0                     0
6     12     1.5          13.54             1.0575              0                     0
6     12     1.5          13.54             1.0725              0                     0
6     12     1.5          13.54             1.0875              0                     0
6     12     1.5          13.54             1.1025              0                     0
6     12     1.5          13.54             1.1175              0                     0
6     12     1.5          13.54             1.1325              0                     0
6     12     1.5          13.54             1.1475              0                     0
6     12     1.5          13.54             1.1625              0                     0
6     12     1.5          13.54             1.1775              0                     0
6     12     1.5          13.54             1.1925              0                     0
6     12     1.5          13.54             1.2075              0                     0
6     12     1.5          13.54             1.2225              0                     0
6     12     1.5          13.54             1.2375              0                     0
6     12     1.5          13.54             1.2525              0                     0
6     12     1.5          13.54             1.2675              0                     0
6     12     1.5          13.54             1.2825              0                     0
6     12     1.5          13.54             1.2975              0                     0
6     12     1.5          13.54             1.3125              0                     0
6     12     1.5          13.54             1.3275              0                     0
6     12     1.5          13.54             1.3425              0                     0
6     12     1.5          13.54             1.3575              0                     0
6     12     1.5          13.54             1.3725              0                     0
6     12     1.5          13.54             1.3875              0                     0
6     12     1.5          13.54             1.4025              0                     0
6     12     1.5          13.54             1.4175              0                     0
6     12     1.5          13.54             1.4325              0                     0
6     12     1.5          13.54             1.4475              0                     0
6     12     1.5          13.54             1.4625              0                     0
6     12     1.5          13.54             1.4775              0                     0
*******************************************************************************************************
 Average mean_angle 7.04337e+07 +- 30671.4 deg 
 Average E' 7.44082e+06 +- 3240.22 GeV 
