*******************************************************************************************************
Z     A     E(GeV)     Theta(deg)     Energy Loss(GeV)     Sigma(nb/sr/GeV)     ERROR     Citation     
*******************************************************************************************************
6     12     2.3476          60             1.7025              44.9132                     0.464954
6     12     2.3476          60             1.7075              44.5474                     0.463057
6     12     2.3476          60             1.7125              44.9277                     0.465029
6     12     2.3476          60             1.7175              47.0359                     0.475815
6     12     2.3476          60             1.7225              48.0034                     0.480683
6     12     2.3476          60             1.7275              48.1574                     0.481454
6     12     2.3476          60             1.7325              50.4293                     0.49268
6     12     2.3476          60             1.7375              50.9251                     0.495095
6     12     2.3476          60             1.7425              51.108                     0.495984
6     12     2.3476          60             1.7475              52.2969                     0.50172
6     12     2.3476          60             1.7525              52.8504                     0.504368
6     12     2.3476          60             1.7575              54.5351                     0.512343
6     12     2.3476          60             1.7625              55.5844                     0.517249
6     12     2.3476          60             1.7675              56.5519                     0.521731
6     12     2.3476          60             1.7725              57.4568                     0.525889
6     12     2.3476          60             1.7775              56.7444                     0.522618
6     12     2.3476          60             1.7825              57.8322                     0.527604
6     12     2.3476          60             1.7875              59.1029                     0.533369
6     12     2.3476          60             1.7925              58.8527                     0.532238
6     12     2.3476          60             1.7975              59.9068                     0.536984
6     12     2.3476          60             1.8025              60.4892                     0.539588
6     12     2.3476          60             1.8075              63.4494                     0.552633
6     12     2.3476          60             1.8125              62.6841                     0.54929
6     12     2.3476          60             1.8175              63.5793                     0.553199
6     12     2.3476          60             1.8225              64.0847                     0.555393
6     12     2.3476          60             1.8275              65.3651                     0.560914
6     12     2.3476          60             1.8325              65.2063                     0.560232
6     12     2.3476          60             1.8375              66.1449                     0.564249
6     12     2.3476          60             1.8425              67.1845                     0.568667
6     12     2.3476          60             1.8475              67.1845                     0.568667
6     12     2.3476          60             1.8525              69.0329                     0.576436
6     12     2.3476          60             1.8575              69.5768                     0.578702
6     12     2.3476          60             1.8625              70.2362                     0.581438
6     12     2.3476          60             1.8675              70.756                     0.583586
6     12     2.3476          60             1.8725              71.5839                     0.58699
6     12     2.3476          60             1.8775              71.6802                     0.587385
6     12     2.3476          60             1.8825              72.6525                     0.591355
6     12     2.3476          60             1.8875              74.0724                     0.597106
6     12     2.3476          60             1.8925              73.4371                     0.594539
6     12     2.3476          60             1.8975              75.3287                     0.602148
6     12     2.3476          60             1.9025              76.6572                     0.607435
6     12     2.3476          60             1.9075              75.9737                     0.60472
6     12     2.3476          60             1.9125              77.9327                     0.612467
6     12     2.3476          60             1.9175              78.2889                     0.613865
6     12     2.3476          60             1.9225              78.5151                     0.614752
6     12     2.3476          60             1.9275              80.6571                     0.623081
6     12     2.3476          60             1.9325              80.6426                     0.623025
6     12     2.3476          60             1.9375              81.3309                     0.625678
6     12     2.3476          60             1.9425              81.6582                     0.626936
*******************************************************************************************************
 Average angle 59.9273 +- 0.0438963 deg 
 Average E' 0.428529 +- 0.000313894 GeV 
