*******************************************************************************************************
Z     A     E(GeV)     Theta(deg)     Energy Loss(GeV)     Sigma(nb/sr/GeV)     ERROR     Citation     
*******************************************************************************************************
6     12     3.4886          14             0.017443              0.14511                     0.14511
6     12     3.4886          14             0.052329              6.67508                     0.984187
6     12     3.4886          14             0.087215              40.9211                     2.43682
6     12     3.4886          14             0.122101              177.615                     5.07679
6     12     3.4886          14             0.156987              630.505                     9.56519
6     12     3.4886          14             0.191873              1666.45                     15.5505
6     12     3.4886          14             0.226759              3332.9                     21.9918
6     12     3.4886          14             0.261645              5342.67                     27.8438
6     12     3.4886          14             0.296531              6916.4                     31.6803
6     12     3.4886          14             0.331417              7828.12                     33.7037
6     12     3.4886          14             0.366303              7934.35                     33.9316
6     12     3.4886          14             0.401189              7298.33                     32.5432
6     12     3.4886          14             0.436075              6164.87                     29.9096
6     12     3.4886          14             0.470961              4846.11                     26.5183
6     12     3.4886          14             0.505847              3674.49                     23.0913
6     12     3.4886          14             0.540733              2617.94                     19.4908
6     12     3.4886          14             0.575619              1816.93                     16.2375
6     12     3.4886          14             0.610505              1244.76                     13.4398
6     12     3.4886          14             0.645391              871.823                     11.2477
6     12     3.4886          14             0.680277              585.375                     9.21651
6     12     3.4886          14             0.715163              416.467                     7.77391
6     12     3.4886          14             0.750049              303.716                     6.6387
6     12     3.4886          14             0.784935              213.602                     5.5674
6     12     3.4886          14             0.819821              162.379                     4.85415
6     12     3.4886          14             0.854707              123.344                     4.23066
6     12     3.4886          14             0.889593              95.0473                     3.71381
6     12     3.4886          14             0.924479              76.4732                     3.33122
6     12     3.4886          14             0.959365              52.6751                     2.76472
6     12     3.4886          14             0.994251              45.2744                     2.56316
6     12     3.4886          14             1.02914              31.7792                     2.14744
6     12     3.4886          14             1.06402              23.653                     1.85265
6     12     3.4886          14             1.09891              21.3312                     1.75937
6     12     3.4886          14             1.1338              14.9464                     1.47271
6     12     3.4886          14             1.16868              10.8833                     1.25669
6     12     3.4886          14             1.20357              10.1577                     1.21408
6     12     3.4886          14             1.23845              7.40063                     1.0363
6     12     3.4886          14             1.27334              6.38486                     0.962553
6     12     3.4886          14             1.30823              3.77287                     0.739921
6     12     3.4886          14             1.34311              1.88643                     0.523203
6     12     3.4886          14             1.378              2.46688                     0.598305
6     12     3.4886          14             1.41288              2.32177                     0.580442
6     12     3.4886          14             1.44777              2.17666                     0.56201
6     12     3.4886          14             1.48266              1.74132                     0.502677
6     12     3.4886          14             1.51754              0.725552                     0.324477
6     12     3.4886          14             1.55243              1.30599                     0.435331
6     12     3.4886          14             1.58731              1.16088                     0.410434
6     12     3.4886          14             1.6222              0.580442                     0.290221
6     12     3.4886          14             1.65709              1.16088                     0.410434
6     12     3.4886          14             1.69197              0.435331                     0.251339
6     12     3.4886          14             1.72686              0.290221                     0.205217
6     12     3.4886          14             1.76174              0.725552                     0.324477
6     12     3.4886          14             1.79663              0.290221                     0.205217
6     12     3.4886          14             1.83152              0.435331                     0.251339
6     12     3.4886          14             1.8664              0.290221                     0.205217
6     12     3.4886          14             1.90129              0.14511                     0.14511
6     12     3.4886          14             1.93617              0                     0
6     12     3.4886          14             1.97106              0                     0
6     12     3.4886          14             2.00595              0                     0
6     12     3.4886          14             2.04083              0                     0
6     12     3.4886          14             2.07572              0                     0
6     12     3.4886          14             2.1106              0                     0
6     12     3.4886          14             2.14549              0                     0
6     12     3.4886          14             2.18038              0                     0
6     12     3.4886          14             2.21526              0                     0
6     12     3.4886          14             2.25015              0                     0
6     12     3.4886          14             2.28503              0                     0
6     12     3.4886          14             2.31992              0                     0
6     12     3.4886          14             2.35481              0                     0
6     12     3.4886          14             2.38969              0                     0
6     12     3.4886          14             2.42458              0                     0
6     12     3.4886          14             2.45946              0                     0
6     12     3.4886          14             2.49435              0                     0
6     12     3.4886          14             2.52923              0                     0
6     12     3.4886          14             2.56412              0                     0
6     12     3.4886          14             2.59901              0                     0
6     12     3.4886          14             2.63389              0                     0
6     12     3.4886          14             2.66878              0                     0
6     12     3.4886          14             2.70366              0                     0
6     12     3.4886          14             2.73855              0                     0
6     12     3.4886          14             2.77344              0                     0
6     12     3.4886          14             2.80832              0                     0
6     12     3.4886          14             2.84321              0                     0
6     12     3.4886          14             2.8781              0                     0
6     12     3.4886          14             2.91298              0                     0
6     12     3.4886          14             2.94787              0                     0
6     12     3.4886          14             2.98275              0                     0
6     12     3.4886          14             3.01764              0                     0
6     12     3.4886          14             3.05253              0                     0
6     12     3.4886          14             3.08741              0                     0
6     12     3.4886          14             3.1223              0                     0
6     12     3.4886          14             3.15718              0                     0
6     12     3.4886          14             3.19207              0                     0
6     12     3.4886          14             3.22696              0                     0
6     12     3.4886          14             3.26184              0                     0
6     12     3.4886          14             3.29673              0                     0
6     12     3.4886          14             3.33161              0                     0
6     12     3.4886          14             3.3665              0                     0
6     12     3.4886          14             3.40139              0                     0
6     12     3.4886          14             3.43627              0                     0
*******************************************************************************************************
 Average mean_angle 6.10834e+06 +- 9152.49 deg 
 Average E' 1.37853e+06 +- 2065.53 GeV 
