*******************************************************************************************************
Z     A     E(GeV)     Theta(deg)     Energy Loss(GeV)     Sigma(nb/sr/GeV)     ERROR     Citation     
*******************************************************************************************************
6     12     2.13          18             0.01065              0                     0
6     12     2.13          18             0.03195              0                     0
6     12     2.13          18             0.05325              0                     0
6     12     2.13          18             0.07455              0                     0
6     12     2.13          18             0.09585              0                     0
6     12     2.13          18             0.11715              0                     0
6     12     2.13          18             0.13845              0                     0
6     12     2.13          18             0.15975              0                     0
6     12     2.13          18             0.18105              0                     0
6     12     2.13          18             0.20235              0                     0
6     12     2.13          18             0.22365              0                     0
6     12     2.13          18             0.24495              0                     0
6     12     2.13          18             0.26625              3.80165                     1.70015
6     12     2.13          18             0.28755              10.6446                     2.8449
6     12     2.13          18             0.30885              39.5372                     5.48282
6     12     2.13          18             0.33015              111.008                     9.18711
6     12     2.13          18             0.35145              304.132                     15.2066
6     12     2.13          18             0.37275              596.859                     21.3028
6     12     2.13          18             0.39405              1238.58                     30.6876
6     12     2.13          18             0.41535              2154.78                     40.4764
6     12     2.13          18             0.43665              3241.29                     49.6432
6     12     2.13          18             0.45795              4465.42                     58.2683
6     12     2.13          18             0.47925              5551.93                     64.9716
6     12     2.13          18             0.50055              6452.16                     70.0413
6     12     2.13          18             0.52185              7100.73                     73.4772
6     12     2.13          18             0.54315              7163.83                     73.803
6     12     2.13          18             0.56445              7147.87                     73.7207
6     12     2.13          18             0.58575              6785.95                     71.8301
6     12     2.13          18             0.60705              6249.16                     68.9306
6     12     2.13          18             0.62835              5977.72                     67.4169
6     12     2.13          18             0.64965              5416.59                     64.1748
6     12     2.13          18             0.67095              4868.4                     60.8407
6     12     2.13          18             0.69225              4622.81                     59.2863
6     12     2.13          18             0.71355              4264.69                     56.9436
6     12     2.13          18             0.73485              4063.21                     55.5822
6     12     2.13          18             0.75615              4129.35                     56.0328
6     12     2.13          18             0.77745              4174.97                     56.3415
6     12     2.13          18             0.79875              4244.92                     56.8115
6     12     2.13          18             0.82005              4565.02                     58.9146
6     12     2.13          18             0.84135              4854.71                     60.7551
6     12     2.13          18             0.86265              4916.3                     61.1393
6     12     2.13          18             0.88395              5195.34                     62.8504
6     12     2.13          18             0.90525              5501.75                     64.6773
6     12     2.13          18             0.92655              5548.13                     64.9493
6     12     2.13          18             0.94785              5447.01                     64.3547
6     12     2.13          18             0.96915              5624.92                     65.3973
6     12     2.13          18             0.99045              5697.16                     65.8158
6     12     2.13          18             1.01175              5582.35                     65.1493
6     12     2.13          18             1.03305              5546.61                     64.9404
6     12     2.13          18             1.05435              5299.5                     63.4773
6     12     2.13          18             1.07565              5156.56                     62.6154
6     12     2.13          18             1.09695              4885.12                     60.9451
6     12     2.13          18             1.11825              4623.57                     59.2912
6     12     2.13          18             1.13955              4169.65                     56.3055
6     12     2.13          18             1.16085              3816.1                     53.8655
6     12     2.13          18             1.18215              3491.44                     51.5233
6     12     2.13          18             1.20345              2908.26                     47.0238
6     12     2.13          18             1.22475              2629.98                     44.7175
6     12     2.13          18             1.24605              2253.62                     41.3944
6     12     2.13          18             1.26735              1887.14                     37.8794
6     12     2.13          18             1.28865              1621.02                     35.1072
6     12     2.13          18             1.30995              1320.69                     31.6885
6     12     2.13          18             1.33125              1109.32                     29.0422
6     12     2.13          18             1.35255              918.479                     26.4263
6     12     2.13          18             1.37385              729.917                     23.558
6     12     2.13          18             1.39515              599.14                     21.3435
6     12     2.13          18             1.41645              467.603                     18.8556
6     12     2.13          18             1.43775              361.157                     16.571
6     12     2.13          18             1.45905              283.603                     14.6844
6     12     2.13          18             1.48035              212.132                     12.7
6     12     2.13          18             1.50165              160.43                     11.0444
6     12     2.13          18             1.52295              118.612                     9.49652
6     12     2.13          18             1.54425              103.405                     8.8669
6     12     2.13          18             1.56555              59.3058                     6.71506
6     12     2.13          18             1.58685              25.8512                     4.43345
6     12     2.13          18             1.60815              22.0496                     4.0945
6     12     2.13          18             1.62945              5.32231                     2.01165
6     12     2.13          18             1.65075              3.80165                     1.70015
6     12     2.13          18             1.67205              0                     0
6     12     2.13          18             1.69335              0                     0
6     12     2.13          18             1.71465              0                     0
6     12     2.13          18             1.73595              0                     0
6     12     2.13          18             1.75725              0                     0
6     12     2.13          18             1.77855              0                     0
6     12     2.13          18             1.79985              0                     0
6     12     2.13          18             1.82115              0                     0
6     12     2.13          18             1.84245              0                     0
6     12     2.13          18             1.86375              0                     0
6     12     2.13          18             1.88505              0                     0
6     12     2.13          18             1.90635              0                     0
6     12     2.13          18             1.92765              0                     0
6     12     2.13          18             1.94895              0                     0
6     12     2.13          18             1.97025              0                     0
6     12     2.13          18             1.99155              0                     0
6     12     2.13          18             2.01285              0                     0
6     12     2.13          18             2.03415              0                     0
6     12     2.13          18             2.05545              0                     0
6     12     2.13          18             2.07675              0                     0
6     12     2.13          18             2.09805              0                     0
*******************************************************************************************************
 Average angle 4.88982e+06 +- 9346.64 deg 
 Average E' 356229 +- 680.913 GeV 
