*******************************************************************************************************
Z     A     E(GeV)     Theta(deg)     Energy Loss(GeV)     Sigma(nb/sr/GeV)     ERROR     Citation     
*******************************************************************************************************
6     12     0.2801          60             0.0014005              0                     0
6     12     0.2801          60             0.0042015              0                     0
6     12     0.2801          60             0.0070025              0                     0
6     12     0.2801          60             0.0098035              0                     0
6     12     0.2801          60             0.0126045              0                     0
6     12     0.2801          60             0.0154055              0                     0
6     12     0.2801          60             0.0182065              0                     0
6     12     0.2801          60             0.0210075              0                     0
6     12     0.2801          60             0.0238085              0                     0
6     12     0.2801          60             0.0266095              0                     0
6     12     0.2801          60             0.0294105              0                     0
6     12     0.2801          60             0.0322115              0                     0
6     12     0.2801          60             0.0350125              0                     0
6     12     0.2801          60             0.0378135              0                     0
6     12     0.2801          60             0.0406145              0                     0
6     12     0.2801          60             0.0434155              0                     0
6     12     0.2801          60             0.0462165              0                     0
6     12     0.2801          60             0.0490175              0                     0
6     12     0.2801          60             0.0518185              0                     0
6     12     0.2801          60             0.0546195              0                     0
6     12     0.2801          60             0.0574205              0                     0
6     12     0.2801          60             0.0602215              0                     0
6     12     0.2801          60             0.0630225              0                     0
6     12     0.2801          60             0.0658235              0                     0
6     12     0.2801          60             0.0686245              0                     0
6     12     0.2801          60             0.0714255              0                     0
6     12     0.2801          60             0.0742265              0                     0
6     12     0.2801          60             0.0770275              0                     0
6     12     0.2801          60             0.0798285              0                     0
6     12     0.2801          60             0.0826295              0                     0
6     12     0.2801          60             0.0854305              0                     0
6     12     0.2801          60             0.0882315              0                     0
6     12     0.2801          60             0.0910325              0                     0
6     12     0.2801          60             0.0938335              0                     0
6     12     0.2801          60             0.0966345              0                     0
6     12     0.2801          60             0.0994355              0                     0
6     12     0.2801          60             0.102237              0                     0
6     12     0.2801          60             0.105038              0                     0
6     12     0.2801          60             0.107839              0                     0
6     12     0.2801          60             0.11064              0                     0
6     12     0.2801          60             0.11344              0                     0
6     12     0.2801          60             0.116241              0                     0
6     12     0.2801          60             0.119043              0                     0
6     12     0.2801          60             0.121844              0                     0
6     12     0.2801          60             0.124645              0                     0
6     12     0.2801          60             0.127446              0                     0
6     12     0.2801          60             0.130247              0                     0
6     12     0.2801          60             0.133048              0                     0
6     12     0.2801          60             0.135849              0                     0
6     12     0.2801          60             0.13865              0                     0
6     12     0.2801          60             0.141451              0                     0
6     12     0.2801          60             0.144252              0                     0
6     12     0.2801          60             0.147053              0                     0
6     12     0.2801          60             0.149854              0                     0
6     12     0.2801          60             0.152654              0                     0
6     12     0.2801          60             0.155455              0                     0
6     12     0.2801          60             0.158256              0                     0
6     12     0.2801          60             0.161057              1.66463                     0.554877
6     12     0.2801          60             0.163859              6.47356                     1.09423
6     12     0.2801          60             0.16666              19.2357                     1.88622
6     12     0.2801          60             0.169461              32.9227                     2.46766
6     12     0.2801          60             0.172262              52.5283                     3.11698
6     12     0.2801          60             0.175063              68.8047                     3.56736
6     12     0.2801          60             0.177864              96.3636                     4.22176
6     12     0.2801          60             0.180665              116.709                     4.64611
6     12     0.2801          60             0.183466              154.811                     5.35104
6     12     0.2801          60             0.186267              168.867                     5.5887
6     12     0.2801          60             0.189067              188.843                     5.91001
6     12     0.2801          60             0.191868              220.656                     6.38845
6     12     0.2801          60             0.194669              257.278                     6.89825
6     12     0.2801          60             0.19747              270.04                     7.06727
6     12     0.2801          60             0.200272              291.495                     7.34266
6     12     0.2801          60             0.203073              318.129                     7.67078
6     12     0.2801          60             0.205874              313.69                     7.61707
6     12     0.2801          60             0.208675              182.369                     5.80783
6     12     0.2801          60             0.211476              32.7377                     2.46072
6     12     0.2801          60             0.214277              0                     0
6     12     0.2801          60             0.217078              0                     0
6     12     0.2801          60             0.219879              0                     0
6     12     0.2801          60             0.22268              0                     0
6     12     0.2801          60             0.225481              0                     0
6     12     0.2801          60             0.228281              0                     0
6     12     0.2801          60             0.231082              0                     0
6     12     0.2801          60             0.233883              0                     0
6     12     0.2801          60             0.236685              0                     0
6     12     0.2801          60             0.239486              0                     0
6     12     0.2801          60             0.242287              0                     0
6     12     0.2801          60             0.245088              0                     0
6     12     0.2801          60             0.247889              0                     0
6     12     0.2801          60             0.25069              0                     0
6     12     0.2801          60             0.253491              0                     0
6     12     0.2801          60             0.256292              0                     0
6     12     0.2801          60             0.259093              0                     0
6     12     0.2801          60             0.261894              0                     0
6     12     0.2801          60             0.264695              0                     0
6     12     0.2801          60             0.267496              0                     0
6     12     0.2801          60             0.270297              0                     0
6     12     0.2801          60             0.273098              0                     0
6     12     0.2801          60             0.275899              0                     0
*******************************************************************************************************
 Average mean_angle 907069 +- 7380.65 deg 
 Average E' 1293.3 +- 10.5233 GeV 
