*******************************************************************************************************
Z     A     E(GeV)     Theta(deg)     Energy Loss(GeV)     Sigma(nb/sr/GeV)     ERROR     Citation     
*******************************************************************************************************
6     12     0.5568          60             0.002784              0                     0
6     12     0.5568          60             0.008352              0.137073                     0.137073
6     12     0.5568          60             0.01392              7.95026                     1.04392
6     12     0.5568          60             0.019488              42.3557                     2.40953
6     12     0.5568          60             0.025056              79.7767                     3.30685
6     12     0.5568          60             0.030624              137.759                     4.34547
6     12     0.5568          60             0.036192              225.623                     5.5612
6     12     0.5568          60             0.04176              346.248                     6.88922
6     12     0.5568          60             0.047328              483.047                     8.13713
6     12     0.5568          60             0.052896              666.999                     9.56179
6     12     0.5568          60             0.058464              883.987                     11.0078
6     12     0.5568          60             0.064032              1100.56                     12.2824
6     12     0.5568          60             0.0696              1339.62                     13.5509
6     12     0.5568          60             0.075168              1720.55                     15.3571
6     12     0.5568          60             0.080736              1995.79                     16.5399
6     12     0.5568          60             0.086304              2361.91                     17.9932
6     12     0.5568          60             0.091872              2692.67                     19.2118
6     12     0.5568          60             0.09744              3051.8                     20.4529
6     12     0.5568          60             0.103008              3391.75                     21.562
6     12     0.5568          60             0.108576              3692.35                     22.4972
6     12     0.5568          60             0.114144              4001.86                     23.4211
6     12     0.5568          60             0.119712              4237.76                     24.1016
6     12     0.5568          60             0.12528              4393.62                     24.5407
6     12     0.5568          60             0.130848              4520.13                     24.8916
6     12     0.5568          60             0.136416              4623.49                     25.1745
6     12     0.5568          60             0.141984              4612.38                     25.1443
6     12     0.5568          60             0.147552              4562.63                     25.0083
6     12     0.5568          60             0.15312              4535.08                     24.9327
6     12     0.5568          60             0.158688              4401.84                     24.5637
6     12     0.5568          60             0.164256              4195.41                     23.9808
6     12     0.5568          60             0.169824              4029.69                     23.5024
6     12     0.5568          60             0.175392              3829.97                     22.9126
6     12     0.5568          60             0.18096              3545.13                     22.0441
6     12     0.5568          60             0.186528              3291.27                     21.2402
6     12     0.5568          60             0.192096              3024.11                     20.3599
6     12     0.5568          60             0.197664              2766.96                     19.475
6     12     0.5568          60             0.203232              2520.23                     18.5865
6     12     0.5568          60             0.2088              2243.21                     17.5352
6     12     0.5568          60             0.214368              1980.44                     16.4762
6     12     0.5568          60             0.219936              1768.93                     15.5716
6     12     0.5568          60             0.225504              1554.82                     14.5988
6     12     0.5568          60             0.231072              1348.12                     13.5938
6     12     0.5568          60             0.23664              1142.92                     12.5165
6     12     0.5568          60             0.242208              1002.69                     11.7236
6     12     0.5568          60             0.247776              869.32                     10.9161
6     12     0.5568          60             0.253344              726.763                     9.98098
6     12     0.5568          60             0.258912              627.796                     9.27654
6     12     0.5568          60             0.26448              534.449                     8.55914
6     12     0.5568          60             0.270048              448.916                     7.84439
6     12     0.5568          60             0.275616              388.877                     7.30101
6     12     0.5568          60             0.281184              325.549                     6.68013
6     12     0.5568          60             0.286752              270.172                     6.08551
6     12     0.5568          60             0.29232              223.704                     5.5375
6     12     0.5568          60             0.297888              192.862                     5.14163
6     12     0.5568          60             0.303456              166.27                     4.77401
6     12     0.5568          60             0.309024              138.855                     4.36273
6     12     0.5568          60             0.314592              116.65                     3.99869
6     12     0.5568          60             0.32016              92.2504                     3.55599
6     12     0.5568          60             0.325728              83.7519                     3.38824
6     12     0.5568          60             0.331296              64.6987                     2.978
6     12     0.5568          60             0.336864              54.5552                     2.73461
6     12     0.5568          60             0.342432              47.4274                     2.54971
6     12     0.5568          60             0.348              39.3401                     2.32217
6     12     0.5568          60             0.353568              30.5674                     2.04694
6     12     0.5568          60             0.359136              26.8664                     1.91903
6     12     0.5568          60             0.364704              18.9161                     1.61025
6     12     0.5568          60             0.370272              13.2961                     1.35002
6     12     0.5568          60             0.37584              13.4332                     1.35696
6     12     0.5568          60             0.381408              7.67611                     1.02576
6     12     0.5568          60             0.386976              7.53904                     1.01656
6     12     0.5568          60             0.392544              4.38635                     0.775405
6     12     0.5568          60             0.398112              5.07172                     0.833785
6     12     0.5568          60             0.40368              3.15269                     0.657381
6     12     0.5568          60             0.409248              1.91903                     0.512882
6     12     0.5568          60             0.414816              1.09659                     0.387702
6     12     0.5568          60             0.420384              1.09659                     0.387702
6     12     0.5568          60             0.425952              0.685367                     0.306506
6     12     0.5568          60             0.43152              0.959514                     0.362662
6     12     0.5568          60             0.437088              0.822441                     0.33576
6     12     0.5568          60             0.442656              0.41122                     0.237418
6     12     0.5568          60             0.448224              0                     0
6     12     0.5568          60             0.453792              0                     0
6     12     0.5568          60             0.45936              0                     0
6     12     0.5568          60             0.464928              0                     0
6     12     0.5568          60             0.470496              0                     0
6     12     0.5568          60             0.476064              0                     0
6     12     0.5568          60             0.481632              0                     0
6     12     0.5568          60             0.4872              0                     0
6     12     0.5568          60             0.492768              0                     0
6     12     0.5568          60             0.498336              0                     0
6     12     0.5568          60             0.503904              0                     0
6     12     0.5568          60             0.509472              0                     0
6     12     0.5568          60             0.51504              0                     0
6     12     0.5568          60             0.520608              0                     0
6     12     0.5568          60             0.526176              0                     0
6     12     0.5568          60             0.531744              0                     0
6     12     0.5568          60             0.537312              0                     0
6     12     0.5568          60             0.54288              0                     0
6     12     0.5568          60             0.548448              0                     0
*******************************************************************************************************
 Average mean_angle 4.71917e+07 +- 53189.3 deg 
 Average E' 318081 +- 358.506 GeV 
