*******************************************************************************************************
Z     A     E(GeV)     Theta(deg)     Energy Loss(GeV)     Sigma(nb/sr/GeV)     ERROR     Citation     
*******************************************************************************************************
6     12     1.93          16             0.00965              218.743                     17.186
6     12     1.93          16             0.02895              2884.16                     62.4049
6     12     1.93          16             0.04825              9516.65                     113.358
6     12     1.93          16             0.06755              19266.9                     161.293
6     12     1.93          16             0.08685              32461.7                     209.36
6     12     1.93          16             0.10615              44272.4                     244.498
6     12     1.93          16             0.12545              54947.6                     272.385
6     12     1.93          16             0.14475              59074                     282.428
6     12     1.93          16             0.16405              59025.4                     282.312
6     12     1.93          16             0.18335              54931.4                     272.345
6     12     1.93          16             0.20265              48748.5                     256.561
6     12     1.93          16             0.22195              42045.8                     238.271
6     12     1.93          16             0.24125              35362                     218.513
6     12     1.93          16             0.26055              29042.8                     198.029
6     12     1.93          16             0.27985              24655.8                     182.46
6     12     1.93          16             0.29915              21683.9                     171.111
6     12     1.93          16             0.31845              20029.8                     164.455
6     12     1.93          16             0.33775              18747.1                     159.102
6     12     1.93          16             0.35705              18975.2                     160.067
6     12     1.93          16             0.37635              20113.5                     164.798
6     12     1.93          16             0.39565              21505.6                     170.406
6     12     1.93          16             0.41495              22616.9                     174.753
6     12     1.93          16             0.43425              23558                     178.352
6     12     1.93          16             0.45355              24415.5                     181.569
6     12     1.93          16             0.47285              23940.2                     179.793
6     12     1.93          16             0.49215              23175.9                     176.9
6     12     1.93          16             0.51145              22233.4                     173.266
6     12     1.93          16             0.53075              20902.1                     167.998
6     12     1.93          16             0.55005              19815.1                     163.571
6     12     1.93          16             0.56935              18288                     157.142
6     12     1.93          16             0.58865              17356.3                     153.087
6     12     1.93          16             0.60795              16280.1                     148.265
6     12     1.93          16             0.62725              15345.7                     143.947
6     12     1.93          16             0.64655              14465.4                     139.757
6     12     1.93          16             0.66585              13903.7                     137.017
6     12     1.93          16             0.68515              14149.4                     138.222
6     12     1.93          16             0.70445              13888.8                     136.944
6     12     1.93          16             0.72375              13867.2                     136.837
6     12     1.93          16             0.74305              13814.5                     136.577
6     12     1.93          16             0.76235              14401.9                     139.45
6     12     1.93          16             0.78165              14616.6                     140.486
6     12     1.93          16             0.80095              15122.9                     142.898
6     12     1.93          16             0.82025              15333.6                     143.89
6     12     1.93          16             0.83955              15465.9                     144.51
6     12     1.93          16             0.85885              15989.8                     146.937
6     12     1.93          16             0.87815              16007.4                     147.018
6     12     1.93          16             0.89745              15941.2                     146.713
6     12     1.93          16             0.91675              15941.2                     146.713
6     12     1.93          16             0.93605              15892.6                     146.49
6     12     1.93          16             0.95535              15621.2                     145.233
6     12     1.93          16             0.97465              15632                     145.284
6     12     1.93          16             0.99395              15343                     143.934
6     12     1.93          16             1.01325              14974.4                     142.195
6     12     1.93          16             1.03255              14524.8                     140.044
6     12     1.93          16             1.05185              14384.4                     139.365
6     12     1.93          16             1.07115              13790.2                     136.457
6     12     1.93          16             1.09045              13227.2                     133.642
6     12     1.93          16             1.10975              12742.4                     131.17
6     12     1.93          16             1.12905              12137.5                     128.019
6     12     1.93          16             1.14835              11292.2                     123.481
6     12     1.93          16             1.16765              10611.7                     119.702
6     12     1.93          16             1.18695              10094.6                     116.749
6     12     1.93          16             1.20625              9351.92                     112.372
6     12     1.93          16             1.22555              8707.85                     108.434
6     12     1.93          16             1.24485              8173.14                     105.052
6     12     1.93          16             1.26415              7577.68                     101.153
6     12     1.93          16             1.28345              6916.05                     96.6358
6     12     1.93          16             1.30275              6519.07                     93.8214
6     12     1.93          16             1.32205              5980.31                     89.861
6     12     1.93          16             1.34135              5725.12                     87.9228
6     12     1.93          16             1.36065              4989.22                     82.0778
6     12     1.93          16             1.37995              4794.78                     80.4625
6     12     1.93          16             1.39925              4500.43                     77.9536
6     12     1.93          16             1.41855              4239.83                     75.6629
6     12     1.93          16             1.43785              3990.03                     73.4002
6     12     1.93          16             1.45715              3756.43                     71.2192
6     12     1.93          16             1.47645              3398.61                     67.7423
6     12     1.93          16             1.49575              3217.68                     65.9144
6     12     1.93          16             1.51505              3020.54                     63.8633
6     12     1.93          16             1.53435              3001.63                     63.6631
6     12     1.93          16             1.55365              2654.62                     59.8701
6     12     1.93          16             1.57295              2557.4                     58.7636
6     12     1.93          16             1.59225              2407.52                     57.0156
6     12     1.93          16             1.61155              2288.7                     55.5908
6     12     1.93          16             1.63085              2074                     52.9193
6     12     1.93          16             1.65015              1917.37                     50.8818
6     12     1.93          16             1.66945              1735.09                     48.4027
6     12     1.93          16             1.68875              1664.87                     47.4133
6     12     1.93          16             1.70805              1478.54                     44.6813
6     12     1.93          16             1.72735              1417.78                     43.7535
6     12     1.93          16             1.74665              1219.29                     40.5753
6     12     1.93          16             1.76595              1092.36                     38.4054
6     12     1.93          16             1.78525              644.075                     29.4902
6     12     1.93          16             1.80455              276.804                     19.3328
6     12     1.93          16             1.82385              8.10158                     3.30746
6     12     1.93          16             1.84315              0                     0
6     12     1.93          16             1.86245              0                     0
6     12     1.93          16             1.88175              0                     0
6     12     1.93          16             1.90105              0                     0
*******************************************************************************************************
 Average angle 15.856 +- 0.0154623 deg 
 Average E' 1.36649 +- 0.00133256 GeV 
