*******************************************************************************************************
Z     A     E(GeV)     Theta(deg)     Energy Loss(GeV)     Sigma(nb/sr/GeV)     ERROR     Citation     
*******************************************************************************************************
6     12     0.5188          60             0.002594              0.287389                     0.203214
6     12     0.5188          60             0.007782              0.143694                     0.143694
6     12     0.5188          60             0.01297              31.1817                     2.11675
6     12     0.5188          60             0.018158              112.513                     4.02087
6     12     0.5188          60             0.023346              199.879                     5.35924
6     12     0.5188          60             0.028534              304.345                     6.61306
6     12     0.5188          60             0.033722              474.191                     8.25461
6     12     0.5188          60             0.03891              721.489                     10.182
6     12     0.5188          60             0.044098              978.414                     11.8572
6     12     0.5188          60             0.049286              1275.86                     13.5401
6     12     0.5188          60             0.054474              1638.83                     15.3457
6     12     0.5188          60             0.059662              2018.76                     17.0319
6     12     0.5188          60             0.06485              2417.51                     18.6382
6     12     0.5188          60             0.070038              2915.84                     20.4693
6     12     0.5188          60             0.075226              3339.74                     21.9067
6     12     0.5188          60             0.080414              3795.83                     23.3546
6     12     0.5188          60             0.085602              4264.99                     24.7559
6     12     0.5188          60             0.09079              4706.99                     26.0071
6     12     0.5188          60             0.095978              5089.94                     27.0443
6     12     0.5188          60             0.101166              5405.64                     27.8704
6     12     0.5188          60             0.106354              5728.09                     28.6896
6     12     0.5188          60             0.111542              5952.68                     29.2466
6     12     0.5188          60             0.11673              6140.49                     29.7044
6     12     0.5188          60             0.121918              6185.32                     29.8127
6     12     0.5188          60             0.127106              6232.6                     29.9264
6     12     0.5188          60             0.132294              6217.22                     29.8894
6     12     0.5188          60             0.137482              6124.97                     29.6669
6     12     0.5188          60             0.14267              5969.49                     29.2879
6     12     0.5188          60             0.147858              5769.18                     28.7923
6     12     0.5188          60             0.153046              5540.42                     28.2157
6     12     0.5188          60             0.158234              5282.49                     27.5511
6     12     0.5188          60             0.163422              5015.07                     26.8447
6     12     0.5188          60             0.16861              4733.58                     26.0804
6     12     0.5188          60             0.173798              4410.98                     25.176
6     12     0.5188          60             0.178986              4120.58                     24.3332
6     12     0.5188          60             0.184174              3771.4                     23.2794
6     12     0.5188          60             0.189362              3515.34                     22.4752
6     12     0.5188          60             0.19455              3206.68                     21.4658
6     12     0.5188          60             0.199738              2989.85                     20.7274
6     12     0.5188          60             0.204926              2755.63                     19.8989
6     12     0.5188          60             0.210114              2568.1                     19.2099
6     12     0.5188          60             0.215302              2388.49                     18.526
6     12     0.5188          60             0.22049              2209.73                     17.8193
6     12     0.5188          60             0.225678              2118.92                     17.4492
6     12     0.5188          60             0.230866              2031.41                     17.0851
6     12     0.5188          60             0.236054              1980.97                     16.8717
6     12     0.5188          60             0.241242              1900.5                     16.5255
6     12     0.5188          60             0.24643              1864.29                     16.3673
6     12     0.5188          60             0.251618              1870.18                     16.3931
6     12     0.5188          60             0.256806              1841.87                     16.2686
6     12     0.5188          60             0.261994              1852.65                     16.3161
6     12     0.5188          60             0.267182              1852.08                     16.3136
6     12     0.5188          60             0.27237              1823.62                     16.1878
6     12     0.5188          60             0.277558              1868.74                     16.3868
6     12     0.5188          60             0.282746              1846.18                     16.2876
6     12     0.5188          60             0.287934              1926.08                     16.6363
6     12     0.5188          60             0.293122              1917.17                     16.5978
6     12     0.5188          60             0.29831              1945.91                     16.7217
6     12     0.5188          60             0.303498              2011.29                     17.0003
6     12     0.5188          60             0.308686              2027.81                     17.07
6     12     0.5188          60             0.313874              2098.51                     17.365
6     12     0.5188          60             0.319062              2156.42                     17.603
6     12     0.5188          60             0.32425              2250.11                     17.9813
6     12     0.5188          60             0.329438              2356.01                     18.3996
6     12     0.5188          60             0.334626              2457.75                     18.7927
6     12     0.5188          60             0.339814              2515.51                     19.0122
6     12     0.5188          60             0.345002              2640.81                     19.48
6     12     0.5188          60             0.35019              2743.56                     19.8553
6     12     0.5188          60             0.355378              2861.82                     20.2787
6     12     0.5188          60             0.360566              2942                     20.5608
6     12     0.5188          60             0.365754              3132.68                     21.2167
6     12     0.5188          60             0.370942              3161.71                     21.3148
6     12     0.5188          60             0.37613              3270.34                     21.6778
6     12     0.5188          60             0.381318              3354.54                     21.9552
6     12     0.5188          60             0.386506              3385.87                     22.0574
6     12     0.5188          60             0.391694              3501.83                     22.432
6     12     0.5188          60             0.396882              3478.84                     22.3582
6     12     0.5188          60             0.40207              3501.26                     22.4301
6     12     0.5188          60             0.407258              3521.23                     22.494
6     12     0.5188          60             0.412446              3522.38                     22.4977
6     12     0.5188          60             0.417634              3515.62                     22.4761
6     12     0.5188          60             0.422822              3497.09                     22.4168
6     12     0.5188          60             0.42801              3427.68                     22.1932
6     12     0.5188          60             0.433198              3402.97                     22.1131
6     12     0.5188          60             0.438386              3372.79                     22.0148
6     12     0.5188          60             0.443574              3330.55                     21.8765
6     12     0.5188          60             0.448762              3129.37                     21.2055
6     12     0.5188          60             0.45395              2946.16                     20.5754
6     12     0.5188          60             0.459138              2786.66                     20.0107
6     12     0.5188          60             0.464326              2718.41                     19.7641
6     12     0.5188          60             0.469514              2635.07                     19.4588
6     12     0.5188          60             0.474702              2551.58                     19.148
6     12     0.5188          60             0.47989              1411.51                     14.2417
6     12     0.5188          60             0.485078              0                     0
6     12     0.5188          60             0.490266              0                     0
6     12     0.5188          60             0.495454              0                     0
6     12     0.5188          60             0.500642              0                     0
6     12     0.5188          60             0.50583              0                     0
6     12     0.5188          60             0.511018              0                     0
*******************************************************************************************************
 Average angle 59.9621 +- 0.0432046 deg 
 Average E' 0.276143 +- 0.000198969 GeV 
