*******************************************************************************************************
Z     A     E(GeV)     Theta(deg)     Energy Loss(GeV)     Sigma(nb/sr/GeV)     ERROR     Citation     
*******************************************************************************************************
6     12     0.5          60             0.00125              0                     0
6     12     0.5          60             0.00375              0                     0
6     12     0.5          60             0.00625              0                     0
6     12     0.5          60             0.00875              1.60005                     0.715565
6     12     0.5          60             0.01125              28.801                     3.03589
6     12     0.5          60             0.01375              67.5222                     4.64842
6     12     0.5          60             0.01625              140.165                     6.69733
6     12     0.5          60             0.01875              194.886                     7.8972
6     12     0.5          60             0.02125              267.849                     9.25821
6     12     0.5          60             0.02375              312.65                     10.0026
6     12     0.5          60             0.02625              417.294                     11.5559
6     12     0.5          60             0.02875              494.416                     12.5785
6     12     0.5          60             0.03125              591.38                     13.7567
6     12     0.5          60             0.03375              734.424                     15.3305
6     12     0.5          60             0.03625              900.51                     16.9757
6     12     0.5          60             0.03875              1072.68                     18.5275
6     12     0.5          60             0.04125              1245.16                     19.9616
6     12     0.5          60             0.04375              1453.49                     21.5669
6     12     0.5          60             0.04625              1614.77                     22.732
6     12     0.5          60             0.04875              1869.82                     24.4615
6     12     0.5          60             0.05125              2028.87                     25.4806
6     12     0.5          60             0.05375              2330.96                     27.3117
6     12     0.5          60             0.05625              2493.52                     28.2481
6     12     0.5          60             0.05875              2790.81                     29.8846
6     12     0.5          60             0.06125              3020.9                     31.0921
6     12     0.5          60             0.06375              3201.71                     32.0091
6     12     0.5          60             0.06625              3544.44                     33.6787
6     12     0.5          60             0.06875              3851.33                     35.1065
6     12     0.5          60             0.07125              4063.17                     36.0591
6     12     0.5          60             0.07375              4315.98                     37.164
6     12     0.5          60             0.07625              4587.03                     38.3132
6     12     0.5          60             0.07875              4845.28                     39.3769
6     12     0.5          60             0.08125              5054.25                     40.2171
6     12     0.5          60             0.08375              5300.66                     41.1858
6     12     0.5          60             0.08625              5533.3                     42.0799
6     12     0.5          60             0.08875              5763.39                     42.9459
6     12     0.5          60             0.09125              5991.56                     43.7877
6     12     0.5          60             0.09375              6150.92                     44.3662
6     12     0.5          60             0.09625              6365.33                     45.1328
6     12     0.5          60             0.09875              6481.17                     45.5417
6     12     0.5          60             0.10125              6638.94                     46.0926
6     12     0.5          60             0.10375              6693.66                     46.2822
6     12     0.5          60             0.10625              6789.03                     46.6107
6     12     0.5          60             0.10875              6936.87                     47.1155
6     12     0.5          60             0.11125              6970.47                     47.2295
6     12     0.5          60             0.11375              7033.51                     47.4426
6     12     0.5          60             0.11625              7001.83                     47.3356
6     12     0.5          60             0.11875              7043.43                     47.476
6     12     0.5          60             0.12125              7032.55                     47.4393
6     12     0.5          60             0.12375              7051.11                     47.5019
6     12     0.5          60             0.12625              6941.67                     47.1318
6     12     0.5          60             0.12875              6893.67                     46.9686
6     12     0.5          60             0.13125              6839.27                     46.7829
6     12     0.5          60             0.13375              6776.86                     46.569
6     12     0.5          60             0.13625              6767.9                     46.5382
6     12     0.5          60             0.13875              6556.06                     45.804
6     12     0.5          60             0.14125              6380.05                     45.185
6     12     0.5          60             0.14375              6290.45                     44.8666
6     12     0.5          60             0.14625              6155.4                     44.3824
6     12     0.5          60             0.14875              5987.08                     43.7713
6     12     0.5          60             0.15125              5772.99                     42.9816
6     12     0.5          60             0.15375              5750.59                     42.8981
6     12     0.5          60             0.15625              5494.26                     41.9312
6     12     0.5          60             0.15875              5433.46                     41.6985
6     12     0.5          60             0.16125              5171.05                     40.6791
6     12     0.5          60             0.16375              5099.05                     40.3949
6     12     0.5          60             0.16625              4860.32                     39.438
6     12     0.5          60             0.16875              4677.92                     38.6909
6     12     0.5          60             0.17125              4434.39                     37.6703
6     12     0.5          60             0.17375              4390.23                     37.4822
6     12     0.5          60             0.17625              4153.74                     36.4587
6     12     0.5          60             0.17875              4001.09                     35.7826
6     12     0.5          60             0.18125              3860.29                     35.1473
6     12     0.5          60             0.18375              3664.44                     34.2441
6     12     0.5          60             0.18625              3508.6                     33.508
6     12     0.5          60             0.18875              3381.55                     32.8958
6     12     0.5          60             0.19125              3250.03                     32.2497
6     12     0.5          60             0.19375              3064.74                     31.3169
6     12     0.5          60             0.19625              2976.42                     30.8624
6     12     0.5          60             0.19875              2909.22                     30.512
6     12     0.5          60             0.20125              2732.25                     29.5694
6     12     0.5          60             0.20375              2688.09                     29.3295
6     12     0.5          60             0.20625              2574.17                     28.7012
6     12     0.5          60             0.20875              2465.04                     28.0863
6     12     0.5          60             0.21125              2357.84                     27.4688
6     12     0.5          60             0.21375              2285.2                     27.0423
6     12     0.5          60             0.21625              2237.19                     26.7568
6     12     0.5          60             0.21875              2201.03                     26.5397
6     12     0.5          60             0.22125              2110.15                     25.986
6     12     0.5          60             0.22375              2116.23                     26.0234
6     12     0.5          60             0.22625              2033.35                     25.5087
6     12     0.5          60             0.22875              2016.07                     25.4001
6     12     0.5          60             0.23125              2022.47                     25.4403
6     12     0.5          60             0.23375              1962.31                     25.0591
6     12     0.5          60             0.23625              1935.1                     24.8848
6     12     0.5          60             0.23875              1963.91                     25.0693
6     12     0.5          60             0.24125              1943.42                     24.9383
6     12     0.5          60             0.24375              1919.42                     24.7838
6     12     0.5          60             0.24625              1896.7                     24.6367
6     12     0.5          60             0.24875              1918.46                     24.7776
6     12     0.5          60             0.25125              1888.7                     24.5846
6     12     0.5          60             0.25375              1930.3                     24.8539
6     12     0.5          60             0.25625              1892.22                     24.6075
6     12     0.5          60             0.25875              1916.86                     24.7673
6     12     0.5          60             0.26125              1919.74                     24.7858
6     12     0.5          60             0.26375              1909.5                     24.7197
6     12     0.5          60             0.26625              1937.34                     24.8992
6     12     0.5          60             0.26875              1975.43                     25.1427
6     12     0.5          60             0.27125              1913.02                     24.7424
6     12     0.5          60             0.27375              1924.54                     24.8168
6     12     0.5          60             0.27625              1980.23                     25.1733
6     12     0.5          60             0.27875              2015.43                     25.396
6     12     0.5          60             0.28125              2032.07                     25.5006
6     12     0.5          60             0.28375              2005.19                     25.3314
6     12     0.5          60             0.28625              2009.99                     25.3617
6     12     0.5          60             0.28875              2024.71                     25.4544
6     12     0.5          60             0.29125              2018.95                     25.4182
6     12     0.5          60             0.29375              2063.11                     25.6947
6     12     0.5          60             0.29625              2025.67                     25.4605
6     12     0.5          60             0.29875              2079.75                     25.7981
6     12     0.5          60             0.30125              2121.03                     26.0529
6     12     0.5          60             0.30375              2144.71                     26.1979
6     12     0.5          60             0.30625              2147.59                     26.2155
6     12     0.5          60             0.30875              2174.79                     26.381
6     12     0.5          60             0.31125              2204.23                     26.559
6     12     0.5          60             0.31375              2249.67                     26.8313
6     12     0.5          60             0.31625              2291.92                     27.0821
6     12     0.5          60             0.31875              2332.24                     27.3192
6     12     0.5          60             0.32125              2403.6                     27.734
6     12     0.5          60             0.32375              2434.96                     27.9144
6     12     0.5          60             0.32625              2435.92                     27.9199
6     12     0.5          60             0.32875              2486.8                     28.21
6     12     0.5          60             0.33125              2571.93                     28.6887
6     12     0.5          60             0.33375              2635.61                     29.0417
6     12     0.5          60             0.33625              2690.97                     29.3452
6     12     0.5          60             0.33875              2754.01                     29.6869
6     12     0.5          60             0.34125              2801.37                     29.9411
6     12     0.5          60             0.34375              2867.62                     30.293
6     12     0.5          60             0.34625              2898.34                     30.4549
6     12     0.5          60             0.34875              2941.86                     30.6827
6     12     0.5          60             0.35125              2998.18                     30.975
6     12     0.5          60             0.35375              3085.54                     31.423
6     12     0.5          60             0.35625              3154.98                     31.7747
6     12     0.5          60             0.35875              3253.55                     32.2672
6     12     0.5          60             0.36125              3261.55                     32.3068
6     12     0.5          60             0.36375              3327.47                     32.6317
6     12     0.5          60             0.36625              3348.27                     32.7335
6     12     0.5          60             0.36875              3481.4                     33.3779
6     12     0.5          60             0.37125              3445.87                     33.2072
6     12     0.5          60             0.37375              3442.35                     33.1902
6     12     0.5          60             0.37625              3611                     33.9935
6     12     0.5          60             0.37875              3644.92                     34.1528
6     12     0.5          60             0.38125              3633.08                     34.0973
6     12     0.5          60             0.38375              3657.08                     34.2097
6     12     0.5          60             0.38625              3710.52                     34.4588
6     12     0.5          60             0.38875              3668.28                     34.2621
6     12     0.5          60             0.39125              3770.69                     34.737
6     12     0.5          60             0.39375              3786.69                     34.8106
6     12     0.5          60             0.39625              3790.21                     34.8268
6     12     0.5          60             0.39875              3730.68                     34.5523
6     12     0.5          60             0.40125              3785.09                     34.8033
6     12     0.5          60             0.40375              3828.29                     35.0013
6     12     0.5          60             0.40625              3802.37                     34.8826
6     12     0.5          60             0.40875              3821.25                     34.9691
6     12     0.5          60             0.41125              3815.17                     34.9413
6     12     0.5          60             0.41375              3809.09                     34.9134
6     12     0.5          60             0.41625              3787.01                     34.8121
6     12     0.5          60             0.41875              3833.41                     35.0247
6     12     0.5          60             0.42125              3801.73                     34.8797
6     12     0.5          60             0.42375              3710.84                     34.4603
6     12     0.5          60             0.42625              3718.2                     34.4944
6     12     0.5          60             0.42875              3592.12                     33.9045
6     12     0.5          60             0.43125              3619.32                     34.0326
6     12     0.5          60             0.43375              3492.6                     33.4315
6     12     0.5          60             0.43625              3483.96                     33.3902
6     12     0.5          60             0.43875              3419.31                     33.0789
6     12     0.5          60             0.44125              3303.47                     32.5138
6     12     0.5          60             0.44375              3280.43                     32.4002
6     12     0.5          60             0.44625              3242.67                     32.2132
6     12     0.5          60             0.44875              3189.55                     31.9482
6     12     0.5          60             0.45125              3199.47                     31.9979
6     12     0.5          60             0.45375              3126.82                     31.6325
6     12     0.5          60             0.45625              3127.46                     31.6358
6     12     0.5          60             0.45875              2497.04                     28.268
6     12     0.5          60             0.46125              528.018                     12.9989
6     12     0.5          60             0.46375              0                     0
6     12     0.5          60             0.46625              0                     0
6     12     0.5          60             0.46875              0                     0
6     12     0.5          60             0.47125              0                     0
6     12     0.5          60             0.47375              0                     0
6     12     0.5          60             0.47625              0                     0
6     12     0.5          60             0.47875              0                     0
6     12     0.5          60             0.48125              0                     0
6     12     0.5          60             0.48375              0                     0
6     12     0.5          60             0.48625              0                     0
6     12     0.5          60             0.48875              0                     0
6     12     0.5          60             0.49125              0                     0
6     12     0.5          60             0.49375              0                     0
6     12     0.5          60             0.49625              0                     0
*******************************************************************************************************
 Average angle 59.9631 +- 0.0435454 deg 
 Average E' 0.272041 +- 0.000197557 GeV 
