*******************************************************************************************************
Z     A     E(GeV)     Theta(deg)     Energy Loss(GeV)     Sigma(nb/sr/GeV)     ERROR     Citation     
*******************************************************************************************************
6     12     0.68          60             0.0034              0                     0
6     12     0.68          60             0.0102              0                     0
6     12     0.68          60             0.017              0                     0
6     12     0.68          60             0.0238              0                     0
6     12     0.68          60             0.0306              0.478978                     0.239489
6     12     0.68          60             0.0374              0.718467                     0.293313
6     12     0.68          60             0.0442              1.43693                     0.414807
6     12     0.68          60             0.051              2.99361                     0.598722
6     12     0.68          60             0.0578              3.35284                     0.633628
6     12     0.68          60             0.0646              4.90952                     0.766739
6     12     0.68          60             0.0714              8.6216                     1.01607
6     12     0.68          60             0.0782              9.93879                     1.09092
6     12     0.68          60             0.085              12.2139                     1.20936
6     12     0.68          60             0.0918              17.9617                     1.46656
6     12     0.68          60             0.0986              22.033                     1.62429
6     12     0.68          60             0.1054              25.9845                     1.76395
6     12     0.68          60             0.1122              33.289                     1.99654
6     12     0.68          60             0.119              42.7488                     2.2625
6     12     0.68          60             0.1258              50.6519                     2.46278
6     12     0.68          60             0.1326              58.9143                     2.65606
6     12     0.68          60             0.1394              64.7817                     2.78518
6     12     0.68          60             0.1462              72.8046                     2.95262
6     12     0.68          60             0.153              78.3129                     3.06228
6     12     0.68          60             0.1598              94.2389                     3.35925
6     12     0.68          60             0.1666              104.058                     3.52992
6     12     0.68          60             0.1734              122.379                     3.82808
6     12     0.68          60             0.1802              129.444                     3.93703
6     12     0.68          60             0.187              141.179                     4.11161
6     12     0.68          60             0.1938              162.972                     4.41758
6     12     0.68          60             0.2006              169.917                     4.51073
6     12     0.68          60             0.2074              191.591                     4.78978
6     12     0.68          60             0.2142              203.087                     4.93138
6     12     0.68          60             0.221              225.599                     5.19752
6     12     0.68          60             0.2278              235.657                     5.31212
6     12     0.68          60             0.2346              279.244                     5.78255
6     12     0.68          60             0.2414              289.063                     5.88334
6     12     0.68          60             0.2482              325.346                     6.24166
6     12     0.68          60             0.255              360.79                     6.57287
6     12     0.68          60             0.2618              387.134                     6.80861
6     12     0.68          60             0.2686              419.824                     7.09025
6     12     0.68          60             0.2754              448.682                     7.32989
6     12     0.68          60             0.2822              484.247                     7.61484
6     12     0.68          60             0.289              511.309                     7.82473
6     12     0.68          60             0.2958              549.986                     8.11528
6     12     0.68          60             0.3026              576.57                     8.30909
6     12     0.68          60             0.3094              577.887                     8.31858
6     12     0.68          60             0.3162              592.256                     8.42136
6     12     0.68          60             0.323              616.085                     8.58911
6     12     0.68          60             0.3298              616.205                     8.58994
6     12     0.68          60             0.3366              616.684                     8.59328
6     12     0.68          60             0.3434              608.182                     8.53384
6     12     0.68          60             0.3502              614.648                     8.57909
6     12     0.68          60             0.357              599.8                     8.47483
6     12     0.68          60             0.3638              571.9                     8.27537
6     12     0.68          60             0.3706              545.795                     8.0843
6     12     0.68          60             0.3774              524.002                     7.92126
6     12     0.68          60             0.3842              499.574                     7.73442
6     12     0.68          60             0.391              475.864                     7.54865
6     12     0.68          60             0.3978              438.145                     7.2433
6     12     0.68          60             0.4046              404.257                     6.95755
6     12     0.68          60             0.4114              364.622                     6.60768
6     12     0.68          60             0.4182              330.734                     6.29314
6     12     0.68          60             0.425              316.245                     6.15375
6     12     0.68          60             0.4318              280.322                     5.7937
6     12     0.68          60             0.4386              257.69                     5.5549
6     12     0.68          60             0.4454              220.569                     5.13926
6     12     0.68          60             0.4522              215.78                     5.08315
6     12     0.68          60             0.459              192.19                     4.79726
6     12     0.68          60             0.4658              186.921                     4.73104
6     12     0.68          60             0.4726              185.245                     4.70978
6     12     0.68          60             0.4794              165.008                     4.44508
6     12     0.68          60             0.4862              171.833                     4.53609
6     12     0.68          60             0.493              169.079                     4.49959
6     12     0.68          60             0.4998              176.024                     4.59107
6     12     0.68          60             0.5066              181.652                     4.66389
6     12     0.68          60             0.5134              181.772                     4.66543
6     12     0.68          60             0.5202              184.167                     4.69606
6     12     0.68          60             0.527              189.915                     4.76878
6     12     0.68          60             0.5338              183.688                     4.68995
6     12     0.68          60             0.5406              172.432                     4.54398
6     12     0.68          60             0.5474              182.012                     4.6685
6     12     0.68          60             0.5542              187.64                     4.74013
6     12     0.68          60             0.561              187.999                     4.74466
6     12     0.68          60             0.5678              183.449                     4.68689
6     12     0.68          60             0.5746              190.274                     4.77328
6     12     0.68          60             0.5814              187.999                     4.74466
6     12     0.68          60             0.5882              188.238                     4.74768
6     12     0.68          60             0.595              185.484                     4.71282
6     12     0.68          60             0.6018              179.736                     4.63923
6     12     0.68          60             0.6086              128.486                     3.92243
6     12     0.68          60             0.6154              33.8877                     2.01441
6     12     0.68          60             0.6222              1.31719                     0.397147
6     12     0.68          60             0.629              0                     0
6     12     0.68          60             0.6358              0                     0
6     12     0.68          60             0.6426              0                     0
6     12     0.68          60             0.6494              0                     0
6     12     0.68          60             0.6562              0                     0
6     12     0.68          60             0.663              0                     0
6     12     0.68          60             0.6698              0                     0
*******************************************************************************************************
 Average mean_angle 1.07102e+07 +- 25341.9 deg 
 Average E' 57083.6 +- 135.068 GeV 
