*******************************************************************************************************
Z     A     E(GeV)     Theta(deg)     Energy Loss(GeV)     Sigma(nb/sr/GeV)     ERROR     Citation     
*******************************************************************************************************
6     12     5.15          11.97             1.01875              0                     0
6     12     5.15          11.97             1.05625              0                     0
6     12     5.15          11.97             1.09375              0                     0
6     12     5.15          11.97             1.13125              0                     0
6     12     5.15          11.97             1.16875              0                     0
6     12     5.15          11.97             1.20625              0                     0
6     12     5.15          11.97             1.24375              0                     0
6     12     5.15          11.97             1.28125              0                     0
6     12     5.15          11.97             1.31875              0                     0
6     12     5.15          11.97             1.35625              0                     0
6     12     5.15          11.97             1.39375              0                     0
6     12     5.15          11.97             1.43125              0                     0
6     12     5.15          11.97             1.46875              0                     0
6     12     5.15          11.97             1.50625              127.284                     0.402633
6     12     5.15          11.97             1.54375              488.844                     0.789057
6     12     5.15          11.97             1.58125              796.362                     1.00711
6     12     5.15          11.97             1.61875              1055.07                     1.15921
6     12     5.15          11.97             1.65625              1171.62                     1.22157
6     12     5.15          11.97             1.69375              1154.25                     1.21248
6     12     5.15          11.97             1.73125              1130.6                     1.19999
6     12     5.15          11.97             1.76875              1094.99                     1.18094
6     12     5.15          11.97             1.80625              1057.37                     1.16048
6     12     5.15          11.97             1.84375              1010.6                     1.13452
6     12     5.15          11.97             1.88125              961.549                     1.10665
6     12     5.15          11.97             1.91875              911.147                     1.07725
6     12     5.15          11.97             1.95625              854.033                     1.04294
6     12     5.15          11.97             1.99375              798.41                     1.00841
6     12     5.15          11.97             2.03125              735.801                     0.968062
6     12     5.15          11.97             2.06875              677.83                     0.929145
6     12     5.15          11.97             2.10625              620.21                     0.888776
6     12     5.15          11.97             2.14375              559.968                     0.84451
6     12     5.15          11.97             2.18125              500.995                     0.798803
6     12     5.15          11.97             2.21875              442.938                     0.751095
6     12     5.15          11.97             2.25625              387.333                     0.702369
6     12     5.15          11.97             2.29375              331.039                     0.649326
6     12     5.15          11.97             2.33125              275.122                     0.591951
6     12     5.15          11.97             2.36875              219.672                     0.528945
6     12     5.15          11.97             2.40625              165.135                     0.458609
6     12     5.15          11.97             2.44375              112.236                     0.378084
*******************************************************************************************************
 Average angle 1.829e+08 +- 49049.1 deg 
 Average E' 4.53747e+07 +- 12168.3 GeV 
