*******************************************************************************************************
Z     A     E(GeV)     Theta(deg)     Energy Loss(GeV)     Sigma(nb/sr/GeV)     ERROR     Citation     
*******************************************************************************************************
6     12     1.204          19.01             0.00602              6.18017                     6.18017
6     12     1.204          19.01             0.01806              105.063                     25.4815
6     12     1.204          19.01             0.0301              401.711                     49.8261
6     12     1.204          19.01             0.04214              772.521                     69.0964
6     12     1.204          19.01             0.05418              1458.52                     94.9416
6     12     1.204          19.01             0.06622              1952.93                     109.861
6     12     1.204          19.01             0.07826              2830.52                     132.261
6     12     1.204          19.01             0.0903              3423.81                     145.464
6     12     1.204          19.01             0.10234              3905.87                     155.367
6     12     1.204          19.01             0.11438              4381.74                     164.56
6     12     1.204          19.01             0.12642              4987.4                     175.565
6     12     1.204          19.01             0.13846              6081.29                     193.864
6     12     1.204          19.01             0.1505              6705.49                     203.571
6     12     1.204          19.01             0.16254              6890.89                     206.366
6     12     1.204          19.01             0.17458              7613.97                     216.923
6     12     1.204          19.01             0.18662              8596.62                     230.496
6     12     1.204          19.01             0.19866              9641.07                     244.097
6     12     1.204          19.01             0.2107              11031.6                     261.108
6     12     1.204          19.01             0.22274              11606.4                     267.823
6     12     1.204          19.01             0.23478              12199.7                     274.583
6     12     1.204          19.01             0.24682              12885.7                     282.198
6     12     1.204          19.01             0.25886              13584                     289.744
6     12     1.204          19.01             0.2709              13287.4                     286.563
6     12     1.204          19.01             0.28294              13516                     289.018
6     12     1.204          19.01             0.29498              13268.8                     286.363
6     12     1.204          19.01             0.30702              11909.2                     271.295
6     12     1.204          19.01             0.31906              11179.9                     262.857
6     12     1.204          19.01             0.3311              9795.57                     246.045
6     12     1.204          19.01             0.34314              8473.01                     228.833
6     12     1.204          19.01             0.35518              7583.07                     216.483
6     12     1.204          19.01             0.36722              6316.14                     197.572
6     12     1.204          19.01             0.37926              5104.82                     177.619
6     12     1.204          19.01             0.3913              4826.71                     172.713
6     12     1.204          19.01             0.40334              3652.48                     150.243
6     12     1.204          19.01             0.41538              3306.39                     142.948
6     12     1.204          19.01             0.42742              2898.5                     133.84
6     12     1.204          19.01             0.43946              2583.31                     126.354
6     12     1.204          19.01             0.4515              2305.2                     119.359
6     12     1.204          19.01             0.46354              2379.37                     121.264
6     12     1.204          19.01             0.47558              2082.72                     113.453
6     12     1.204          19.01             0.48762              2305.2                     119.359
6     12     1.204          19.01             0.49966              2336.1                     120.156
6     12     1.204          19.01             0.5117              2224.86                     117.261
6     12     1.204          19.01             0.52374              2360.83                     120.79
6     12     1.204          19.01             0.53578              1977.65                     110.554
6     12     1.204          19.01             0.54782              2088.9                     113.621
6     12     1.204          19.01             0.55986              2231.04                     117.423
6     12     1.204          19.01             0.5719              2045.64                     112.438
6     12     1.204          19.01             0.58394              1946.75                     109.687
6     12     1.204          19.01             0.59598              1977.65                     110.554
6     12     1.204          19.01             0.60802              1786.07                     105.063
6     12     1.204          19.01             0.62006              1662.47                     101.362
6     12     1.204          19.01             0.6321              1575.94                     98.6894
6     12     1.204          19.01             0.64414              1631.57                     100.416
6     12     1.204          19.01             0.65618              1495.6                     96.1409
6     12     1.204          19.01             0.66822              1551.22                     97.9123
6     12     1.204          19.01             0.68026              1477.06                     95.5431
6     12     1.204          19.01             0.6923              1495.6                     96.1409
6     12     1.204          19.01             0.70434              1409.08                     93.3185
6     12     1.204          19.01             0.71638              1223.67                     86.9627
6     12     1.204          19.01             0.72842              1106.25                     82.6851
6     12     1.204          19.01             0.74046              902.305                     74.6753
6     12     1.204          19.01             0.7525              599.477                     60.8676
6     12     1.204          19.01             0.76454              580.936                     59.919
6     12     1.204          19.01             0.77658              401.711                     49.8261
6     12     1.204          19.01             0.78862              160.684                     31.5128
6     12     1.204          19.01             0.80066              98.8827                     24.7207
6     12     1.204          19.01             0.8127              30.9009                     13.8193
6     12     1.204          19.01             0.82474              18.5405                     10.7044
6     12     1.204          19.01             0.83678              0                     0
6     12     1.204          19.01             0.84882              0                     0
6     12     1.204          19.01             0.86086              0                     0
6     12     1.204          19.01             0.8729              0                     0
6     12     1.204          19.01             0.88494              0                     0
6     12     1.204          19.01             0.89698              0                     0
6     12     1.204          19.01             0.90902              0                     0
6     12     1.204          19.01             0.92106              0                     0
6     12     1.204          19.01             0.9331              0                     0
6     12     1.204          19.01             0.94514              0                     0
6     12     1.204          19.01             0.95718              0                     0
6     12     1.204          19.01             0.96922              0                     0
6     12     1.204          19.01             0.98126              0                     0
6     12     1.204          19.01             0.9933              0                     0
6     12     1.204          19.01             1.00534              0                     0
6     12     1.204          19.01             1.01738              0                     0
6     12     1.204          19.01             1.02942              0                     0
6     12     1.204          19.01             1.04146              0                     0
6     12     1.204          19.01             1.0535              0                     0
6     12     1.204          19.01             1.06554              0                     0
6     12     1.204          19.01             1.07758              0                     0
6     12     1.204          19.01             1.08962              0                     0
6     12     1.204          19.01             1.10166              0                     0
6     12     1.204          19.01             1.1137              0                     0
6     12     1.204          19.01             1.12574              0                     0
6     12     1.204          19.01             1.13778              0                     0
6     12     1.204          19.01             1.14982              0                     0
6     12     1.204          19.01             1.16186              0                     0
6     12     1.204          19.01             1.1739              0                     0
6     12     1.204          19.01             1.18594              0                     0
*******************************************************************************************************
 Average mean_angle 906527 +- 4140.6 deg 
 Average E' 42964.3 +- 196.241 GeV 
