*******************************************************************************************************
Z     A     E(GeV)     Theta(deg)     Energy Loss(GeV)     Sigma(nb/sr/GeV)     ERROR     Citation     
*******************************************************************************************************
6     12     0.48          36             0.0012              0.441734                     0.441734
6     12     0.48          36             0.0036              0.441734                     0.441734
6     12     0.48          36             0.006              3.97561                     1.3252
6     12     0.48          36             0.0084              11.4851                     2.25241
6     12     0.48          36             0.0108              16.7859                     2.72303
6     12     0.48          36             0.0132              34.897                     3.92622
6     12     0.48          36             0.0156              56.5419                     4.99765
6     12     0.48          36             0.018              86.5799                     6.18428
6     12     0.48          36             0.0204              117.059                     7.19091
6     12     0.48          36             0.0228              174.485                     8.77929
6     12     0.48          36             0.0252              224.843                     9.96597
6     12     0.48          36             0.0276              289.336                     11.3053
6     12     0.48          36             0.03              371.498                     12.8103
6     12     0.48          36             0.0324              486.791                     14.664
6     12     0.48          36             0.0348              526.989                     15.2574
6     12     0.48          36             0.0372              658.625                     17.0569
6     12     0.48          36             0.0396              793.796                     18.7256
6     12     0.48          36             0.042              921.899                     20.18
6     12     0.48          36             0.0444              980.649                     20.8131
6     12     0.48          36             0.0468              1102.13                     22.0646
6     12     0.48          36             0.0492              1185.61                     22.8851
6     12     0.48          36             0.0516              1352.59                     24.4435
6     12     0.48          36             0.054              1426.36                     25.1012
6     12     0.48          36             0.0564              1519.12                     25.9046
6     12     0.48          36             0.0588              1563.3                     26.2785
6     12     0.48          36             0.0612              1663.57                     27.1082
6     12     0.48          36             0.0636              1793.88                     28.1499
6     12     0.48          36             0.066              1892.39                     28.9125
6     12     0.48          36             0.0684              1961.3                     29.4342
6     12     0.48          36             0.0708              2032.42                     29.9631
6     12     0.48          36             0.0732              2127.39                     30.6552
6     12     0.48          36             0.0756              2163.17                     30.9119
6     12     0.48          36             0.078              2398.17                     32.5477
6     12     0.48          36             0.0804              2315.13                     31.9792
6     12     0.48          36             0.0828              2460.46                     32.9677
6     12     0.48          36             0.0852              2523.18                     33.3853
6     12     0.48          36             0.0876              2580.61                     33.763
6     12     0.48          36             0.09              2649.96                     34.2137
6     12     0.48          36             0.0924              2725.5                     34.6979
6     12     0.48          36             0.0948              2818.26                     35.2835
6     12     0.48          36             0.0972              2893.8                     35.7532
6     12     0.48          36             0.0996              2835.93                     35.3939
6     12     0.48          36             0.102              2972.43                     36.2356
6     12     0.48          36             0.1044              3002.02                     36.4156
6     12     0.48          36             0.1068              3065.63                     36.7994
6     12     0.48          36             0.1092              3110.69                     37.0688
6     12     0.48          36             0.1116              3208.31                     37.646
6     12     0.48          36             0.114              3219.8                     37.7133
6     12     0.48          36             0.1164              3364.25                     38.55
6     12     0.48          36             0.1188              3423.88                     38.8902
6     12     0.48          36             0.1212              3438.9                     38.9754
6     12     0.48          36             0.1236              3468.05                     39.1402
6     12     0.48          36             0.126              3641.21                     40.1055
6     12     0.48          36             0.1284              3611.62                     39.9421
6     12     0.48          36             0.1308              3666.83                     40.2463
6     12     0.48          36             0.1332              3688.04                     40.3625
6     12     0.48          36             0.1356              3702.17                     40.4398
6     12     0.48          36             0.138              3788.31                     40.9075
6     12     0.48          36             0.1404              3855.01                     41.2661
6     12     0.48          36             0.1428              3892.56                     41.4666
6     12     0.48          36             0.1452              3922.16                     41.6239
6     12     0.48          36             0.1476              3962.8                     41.839
6     12     0.48          36             0.15              4047.61                     42.2843
6     12     0.48          36             0.1524              4149.21                     42.8117
6     12     0.48          36             0.1548              4139.05                     42.7593
6     12     0.48          36             0.1572              4191.17                     43.0277
6     12     0.48          36             0.1596              4277.31                     43.4676
6     12     0.48          36             0.162              4328.11                     43.725
6     12     0.48          36             0.1644              4383.33                     44.003
6     12     0.48          36             0.1668              4371.84                     43.9453
6     12     0.48          36             0.1692              4537.93                     44.7723
6     12     0.48          36             0.1716              4560.02                     44.8811
6     12     0.48          36             0.174              4571.5                     44.9376
6     12     0.48          36             0.1764              4665.15                     45.3956
6     12     0.48          36             0.1788              4685.03                     45.4922
6     12     0.48          36             0.1812              4772.49                     45.9148
6     12     0.48          36             0.1836              4849.8                     46.2852
6     12     0.48          36             0.186              4869.23                     46.3779
6     12     0.48          36             0.1884              5072.43                     47.3357
6     12     0.48          36             0.1908              5041.51                     47.1912
6     12     0.48          36             0.1932              5165.2                     47.7665
6     12     0.48          36             0.1956              5177.12                     47.8217
6     12     0.48          36             0.198              5239.41                     48.1085
6     12     0.48          36             0.2004              5373.25                     48.7191
6     12     0.48          36             0.2028              5381.2                     48.7551
6     12     0.48          36             0.2052              5453.21                     49.0802
6     12     0.48          36             0.2076              5553.92                     49.5314
6     12     0.48          36             0.21              5610.9                     49.7848
6     12     0.48          36             0.2124              5689.09                     50.1305
6     12     0.48          36             0.2148              5755.35                     50.4216
6     12     0.48          36             0.2172              5748.73                     50.3925
6     12     0.48          36             0.2196              5861.37                     50.8838
6     12     0.48          36             0.222              5945.74                     51.2488
6     12     0.48          36             0.2244              5877.71                     50.9547
6     12     0.48          36             0.2268              5896.26                     51.0351
6     12     0.48          36             0.2292              5876.83                     50.9509
6     12     0.48          36             0.2316              5929.84                     51.1802
6     12     0.48          36             0.234              5951.48                     51.2735
6     12     0.48          36             0.2364              6019.51                     51.5657
6     12     0.48          36             0.2388              5920.56                     51.1401
6     12     0.48          36             0.2412              5810.57                     50.6629
6     12     0.48          36             0.2436              5822.05                     50.7129
6     12     0.48          36             0.246              5879.04                     50.9605
6     12     0.48          36             0.2484              5766.4                     50.4699
6     12     0.48          36             0.2508              5656.4                     49.9863
6     12     0.48          36             0.2532              5632.11                     49.8788
6     12     0.48          36             0.2556              5700.13                     50.1791
6     12     0.48          36             0.258              5535.81                     49.4505
6     12     0.48          36             0.2604              5446.58                     49.0504
6     12     0.48          36             0.2628              5328.64                     48.5164
6     12     0.48          36             0.2652              5323.34                     48.4922
6     12     0.48          36             0.2676              5154.59                     47.7175
6     12     0.48          36             0.27              5084.8                     47.3933
6     12     0.48          36             0.2724              4968.18                     46.8467
6     12     0.48          36             0.2748              4819.76                     46.1416
6     12     0.48          36             0.2772              4733.18                     45.7253
6     12     0.48          36             0.2796              4574.6                     44.9528
6     12     0.48          36             0.282              4524.68                     44.7069
6     12     0.48          36             0.2844              4342.69                     43.7985
6     12     0.48          36             0.2868              4199.12                     43.0685
6     12     0.48          36             0.2892              4024.64                     42.1642
6     12     0.48          36             0.2916              3927.46                     41.652
6     12     0.48          36             0.294              3753.41                     40.7187
6     12     0.48          36             0.2964              3634.59                     40.0689
6     12     0.48          36             0.2988              3448.18                     39.0279
6     12     0.48          36             0.3012              3384.12                     38.6637
6     12     0.48          36             0.3036              3252.05                     37.9017
6     12     0.48          36             0.306              3057.68                     36.7516
6     12     0.48          36             0.3084              2960.94                     36.1656
6     12     0.48          36             0.3108              2893.8                     35.7532
6     12     0.48          36             0.3132              2751.56                     34.8634
6     12     0.48          36             0.3156              2617.72                     34.0049
6     12     0.48          36             0.318              2429.1                     32.7569
6     12     0.48          36             0.3204              2293.04                     31.8263
6     12     0.48          36             0.3228              2006.8                     29.7737
6     12     0.48          36             0.3252              1918.45                     29.1109
6     12     0.48          36             0.3276              1606.59                     26.6399
6     12     0.48          36             0.33              1482.46                     25.5901
6     12     0.48          36             0.3324              1191.36                     22.9404
6     12     0.48          36             0.3348              948.845                     20.4728
6     12     0.48          36             0.3372              795.563                     18.7464
6     12     0.48          36             0.3396              482.373                     14.5973
6     12     0.48          36             0.342              457.636                     14.2181
6     12     0.48          36             0.3444              200.989                     9.42251
6     12     0.48          36             0.3468              151.073                     8.16909
6     12     0.48          36             0.3492              75.0948                     5.75951
6     12     0.48          36             0.3516              26.504                     3.42166
6     12     0.48          36             0.354              38.8726                     4.14383
6     12     0.48          36             0.3564              0                     0
6     12     0.48          36             0.3588              2.6504                     1.08202
6     12     0.48          36             0.3612              0                     0
6     12     0.48          36             0.3636              0                     0
6     12     0.48          36             0.366              0                     0
6     12     0.48          36             0.3684              0                     0
6     12     0.48          36             0.3708              0                     0
6     12     0.48          36             0.3732              0                     0
6     12     0.48          36             0.3756              0                     0
6     12     0.48          36             0.378              0                     0
6     12     0.48          36             0.3804              0                     0
6     12     0.48          36             0.3828              0                     0
6     12     0.48          36             0.3852              0                     0
6     12     0.48          36             0.3876              0                     0
6     12     0.48          36             0.39              0                     0
6     12     0.48          36             0.3924              0                     0
6     12     0.48          36             0.3948              0                     0
6     12     0.48          36             0.3972              0                     0
6     12     0.48          36             0.3996              0                     0
6     12     0.48          36             0.402              0                     0
6     12     0.48          36             0.4044              0                     0
6     12     0.48          36             0.4068              0                     0
6     12     0.48          36             0.4092              0                     0
6     12     0.48          36             0.4116              0                     0
6     12     0.48          36             0.414              0                     0
6     12     0.48          36             0.4164              0                     0
6     12     0.48          36             0.4188              0                     0
6     12     0.48          36             0.4212              0                     0
6     12     0.48          36             0.4236              0                     0
6     12     0.48          36             0.426              0                     0
6     12     0.48          36             0.4284              0                     0
6     12     0.48          36             0.4308              0                     0
6     12     0.48          36             0.4332              0                     0
6     12     0.48          36             0.4356              0                     0
6     12     0.48          36             0.438              0                     0
6     12     0.48          36             0.4404              0                     0
6     12     0.48          36             0.4428              0                     0
6     12     0.48          36             0.4452              0                     0
6     12     0.48          36             0.4476              0                     0
6     12     0.48          36             0.45              0                     0
6     12     0.48          36             0.4524              0                     0
6     12     0.48          36             0.4548              0                     0
6     12     0.48          36             0.4572              0                     0
6     12     0.48          36             0.4596              0                     0
6     12     0.48          36             0.462              0                     0
6     12     0.48          36             0.4644              0                     0
6     12     0.48          36             0.4668              0                     0
6     12     0.48          36             0.4692              0                     0
6     12     0.48          36             0.4716              0                     0
6     12     0.48          36             0.474              0                     0
6     12     0.48          36             0.4764              0                     0
*******************************************************************************************************
 Average mean_angle 3.89803e+07 +- 37441 deg 
 Average E' 303186 +- 291.214 GeV 
