*******************************************************************************************************
Z     A     E(GeV)     Theta(deg)     Energy Loss(GeV)     Sigma(nb/sr/GeV)     ERROR     Citation     
*******************************************************************************************************
6     12     1.65          11.95             0.00825              93596.5                     372.372
6     12     1.65          11.95             0.02475              289415                     654.798
6     12     1.65          11.95             0.04125              462587                     827.835
6     12     1.65          11.95             0.05775              551646                     904.018
6     12     1.65          11.95             0.07425              547701                     900.779
6     12     1.65          11.95             0.09075              479033                     842.422
6     12     1.65          11.95             0.10725              386977                     757.163
6     12     1.65          11.95             0.12375              292489                     658.266
6     12     1.65          11.95             0.14025              212593                     561.205
6     12     1.65          11.95             0.15675              151556                     473.842
6     12     1.65          11.95             0.17325              108863                     401.594
6     12     1.65          11.95             0.18975              82903.2                     350.455
6     12     1.65          11.95             0.20625              69890                     321.776
6     12     1.65          11.95             0.22275              64573                     309.295
6     12     1.65          11.95             0.23925              63307.8                     306.25
6     12     1.65          11.95             0.25575              64011.5                     307.947
6     12     1.65          11.95             0.27225              64214.4                     308.435
6     12     1.65          11.95             0.28875              64824.8                     309.897
6     12     1.65          11.95             0.30525              66990.7                     315.032
6     12     1.65          11.95             0.32175              71635.1                     325.769
6     12     1.65          11.95             0.33825              76435.1                     336.506
6     12     1.65          11.95             0.35475              81686.9                     347.875
6     12     1.65          11.95             0.37125              85886.9                     356.706
6     12     1.65          11.95             0.38775              87667.6                     360.385
6     12     1.65          11.95             0.40425              86787.6                     358.572
6     12     1.65          11.95             0.42075              83115.1                     350.903
6     12     1.65          11.95             0.43725              79116.6                     342.358
6     12     1.65          11.95             0.45375              74048.5                     331.211
6     12     1.65          11.95             0.47025              68170                     317.792
6     12     1.65          11.95             0.48675              63254.4                     306.12
6     12     1.65          11.95             0.50325              58773                     295.077
6     12     1.65          11.95             0.51975              53759.7                     282.212
6     12     1.65          11.95             0.53625              50167.1                     272.619
6     12     1.65          11.95             0.55275              46127.1                     261.412
6     12     1.65          11.95             0.56925              42782                     251.755
6     12     1.65          11.95             0.58575              40810.1                     245.884
6     12     1.65          11.95             0.60225              38958.3                     240.241
6     12     1.65          11.95             0.61875              37419                     235.447
6     12     1.65          11.95             0.63525              36596.8                     232.846
6     12     1.65          11.95             0.65175              36396.8                     232.209
6     12     1.65          11.95             0.66825              36047.2                     231.091
6     12     1.65          11.95             0.68475              36457.6                     232.402
6     12     1.65          11.95             0.70125              36478.3                     232.469
6     12     1.65          11.95             0.71775              37296.1                     235.06
6     12     1.65          11.95             0.73425              37733.1                     236.433
6     12     1.65          11.95             0.75075              38029.4                     237.36
6     12     1.65          11.95             0.76725              37907.9                     236.98
6     12     1.65          11.95             0.78375              38208.7                     237.918
6     12     1.65          11.95             0.80025              37956.8                     237.133
6     12     1.65          11.95             0.81675              37451.6                     235.55
6     12     1.65          11.95             0.83325              36869.4                     233.711
6     12     1.65          11.95             0.84975              36607.2                     232.879
6     12     1.65          11.95             0.86625              35675.3                     229.896
6     12     1.65          11.95             0.88275              35038.3                     227.834
6     12     1.65          11.95             0.89925              34032.4                     224.54
6     12     1.65          11.95             0.91575              33423.5                     222.522
6     12     1.65          11.95             0.93225              32604.3                     219.778
6     12     1.65          11.95             0.94875              31884.3                     217.338
6     12     1.65          11.95             0.96525              31457.6                     215.879
6     12     1.65          11.95             0.98175              30285.8                     211.82
6     12     1.65          11.95             0.99825              29159.8                     207.845
6     12     1.65          11.95             1.01475              28204.3                     204.411
6     12     1.65          11.95             1.03125              27306.5                     201.131
6     12     1.65          11.95             1.04775              25703.6                     195.139
6     12     1.65          11.95             1.06425              24097.6                     188.944
6     12     1.65          11.95             1.08075              22902.1                     184.198
6     12     1.65          11.95             1.09725              21737.7                     179.454
6     12     1.65          11.95             1.11375              20056.2                     172.374
6     12     1.65          11.95             1.13025              18514                     165.614
6     12     1.65          11.95             1.14675              17656.2                     161.732
6     12     1.65          11.95             1.16325              16028.1                     154.095
6     12     1.65          11.95             1.17975              14595.5                     147.047
6     12     1.65          11.95             1.19625              13674                     142.329
6     12     1.65          11.95             1.21275              12405.9                     135.569
6     12     1.65          11.95             1.22925              11294.7                     129.356
6     12     1.65          11.95             1.24575              10225.1                     123.078
6     12     1.65          11.95             1.26225              9636.98                     119.486
6     12     1.65          11.95             1.27875              8808.84                     114.237
6     12     1.65          11.95             1.29525              7645.88                     106.429
6     12     1.65          11.95             1.31175              6325.89                     96.8072
6     12     1.65          11.95             1.32825              5044.42                     86.4475
6     12     1.65          11.95             1.34475              4032.57                     77.2926
6     12     1.65          11.95             1.36125              3044.43                     67.1583
6     12     1.65          11.95             1.37775              2118.51                     56.0224
6     12     1.65          11.95             1.39425              1451.84                     46.3774
6     12     1.65          11.95             1.41075              645.922                     30.9341
6     12     1.65          11.95             1.42725              106.666                     12.5707
6     12     1.65          11.95             1.44375              0                     0
6     12     1.65          11.95             1.46025              0                     0
6     12     1.65          11.95             1.47675              0                     0
6     12     1.65          11.95             1.49325              0                     0
6     12     1.65          11.95             1.50975              0                     0
6     12     1.65          11.95             1.52625              0                     0
6     12     1.65          11.95             1.54275              0                     0
6     12     1.65          11.95             1.55925              0                     0
6     12     1.65          11.95             1.57575              0                     0
6     12     1.65          11.95             1.59225              0                     0
6     12     1.65          11.95             1.60875              0                     0
6     12     1.65          11.95             1.62525              0                     0
*******************************************************************************************************
 Average angle 11.7881 +- 0.00563178 deg 
 Average E' 1.33969 +- 0.000640043 GeV 
