*******************************************************************************************************
Z     A     E(GeV)     Theta(deg)     Energy Loss(GeV)     Sigma(nb/sr/GeV)     ERROR     Citation     
*******************************************************************************************************
6     12     1.108          37.5             0.00554              0                     0
6     12     1.108          37.5             0.01662              0                     0
6     12     1.108          37.5             0.0277              0                     0
6     12     1.108          37.5             0.03878              0                     0
6     12     1.108          37.5             0.04986              0                     0
6     12     1.108          37.5             0.06094              0                     0
6     12     1.108          37.5             0.07202              0                     0
6     12     1.108          37.5             0.0831              0                     0
6     12     1.108          37.5             0.09418              0                     0
6     12     1.108          37.5             0.10526              0                     0
6     12     1.108          37.5             0.11634              0                     0
6     12     1.108          37.5             0.12742              0                     0
6     12     1.108          37.5             0.1385              0                     0
6     12     1.108          37.5             0.14958              0                     0
6     12     1.108          37.5             0.16066              0                     0
6     12     1.108          37.5             0.17174              0                     0
6     12     1.108          37.5             0.18282              0                     0
6     12     1.108          37.5             0.1939              0                     0
6     12     1.108          37.5             0.20498              0                     0
6     12     1.108          37.5             0.21606              0                     0
6     12     1.108          37.5             0.22714              0                     0
6     12     1.108          37.5             0.23822              0.141794                     0.141794
6     12     1.108          37.5             0.2493              0                     0
6     12     1.108          37.5             0.26038              0                     0
6     12     1.108          37.5             0.27146              1.55974                     0.470279
6     12     1.108          37.5             0.28254              0.99256                     0.375153
6     12     1.108          37.5             0.29362              3.26127                     0.680022
6     12     1.108          37.5             0.3047              8.36587                     1.08914
6     12     1.108          37.5             0.31578              11.4853                     1.27615
6     12     1.108          37.5             0.32686              25.2394                     1.89177
6     12     1.108          37.5             0.33794              39.4188                     2.36418
6     12     1.108          37.5             0.34902              70.4718                     3.16109
6     12     1.108          37.5             0.3601              127.615                     4.25383
6     12     1.108          37.5             0.37118              187.736                     5.15944
6     12     1.108          37.5             0.38226              281.745                     6.32059
6     12     1.108          37.5             0.39334              392.061                     7.45601
6     12     1.108          37.5             0.40442              548.319                     8.81751
6     12     1.108          37.5             0.4155              705.71                     10.0033
6     12     1.108          37.5             0.42658              901.812                     11.308
6     12     1.108          37.5             0.43766              1109.12                     12.5406
6     12     1.108          37.5             0.44874              1303.8                     13.5967
6     12     1.108          37.5             0.45982              1496.07                     14.5648
6     12     1.108          37.5             0.4709              1669.2                     15.3845
6     12     1.108          37.5             0.48198              1813.55                     16.0359
6     12     1.108          37.5             0.49306              1938.05                     16.5772
6     12     1.108          37.5             0.50414              1996.46                     16.8252
6     12     1.108          37.5             0.51522              2070.48                     17.1343
6     12     1.108          37.5             0.5263              2026.24                     16.9502
6     12     1.108          37.5             0.53738              1999.44                     16.8377
6     12     1.108          37.5             0.54846              1983.28                     16.7695
6     12     1.108          37.5             0.55954              1904.3                     16.4322
6     12     1.108          37.5             0.57062              1837.51                     16.1415
6     12     1.108          37.5             0.5817              1738.82                     15.7021
6     12     1.108          37.5             0.59278              1676.43                     15.4178
6     12     1.108          37.5             0.60386              1619.86                     15.1554
6     12     1.108          37.5             0.61494              1486.29                     14.5171
6     12     1.108          37.5             0.62602              1411.99                     14.1496
6     12     1.108          37.5             0.6371              1353.29                     13.8524
6     12     1.108          37.5             0.64818              1280.12                     13.4727
6     12     1.108          37.5             0.65926              1212.34                     13.1112
6     12     1.108          37.5             0.67034              1172.64                     12.8947
6     12     1.108          37.5             0.68142              1167.39                     12.8658
6     12     1.108          37.5             0.6925              1143.29                     12.7323
6     12     1.108          37.5             0.70358              1139.03                     12.7086
6     12     1.108          37.5             0.71466              1157.47                     12.811
6     12     1.108          37.5             0.72574              1155.48                     12.8
6     12     1.108          37.5             0.73682              1234.46                     13.2303
6     12     1.108          37.5             0.7479              1243.54                     13.2788
6     12     1.108          37.5             0.75898              1296.71                     13.5597
6     12     1.108          37.5             0.77006              1353                     13.8509
6     12     1.108          37.5             0.78114              1431.98                     14.2495
6     12     1.108          37.5             0.79222              1487.99                     14.5254
6     12     1.108          37.5             0.8033              1528.54                     14.7221
6     12     1.108          37.5             0.81438              1589.8                     15.0141
6     12     1.108          37.5             0.82546              1645.24                     15.2737
6     12     1.108          37.5             0.83654              1699.12                     15.5218
6     12     1.108          37.5             0.84762              1783.35                     15.9018
6     12     1.108          37.5             0.8587              1805.75                     16.0014
6     12     1.108          37.5             0.86978              1831.7                     16.116
6     12     1.108          37.5             0.88086              1836.24                     16.1359
6     12     1.108          37.5             0.89194              1899.9                     16.4133
6     12     1.108          37.5             0.90302              1953.22                     16.642
6     12     1.108          37.5             0.9141              1939.32                     16.5827
6     12     1.108          37.5             0.92518              1981.15                     16.7605
6     12     1.108          37.5             0.93626              2006.11                     16.8658
6     12     1.108          37.5             0.94734              2008.66                     16.8765
6     12     1.108          37.5             0.95842              2051.76                     17.0566
6     12     1.108          37.5             0.9695              2049.07                     17.0454
6     12     1.108          37.5             0.98058              2075.87                     17.1565
6     12     1.108          37.5             0.99166              2078.99                     17.1694
6     12     1.108          37.5             1.00274              2112.17                     17.3059
6     12     1.108          37.5             1.01382              2096.85                     17.243
6     12     1.108          37.5             1.0249              2126.06                     17.3627
6     12     1.108          37.5             1.03598              2114.86                     17.3169
6     12     1.108          37.5             1.04706              2117.27                     17.3268
6     12     1.108          37.5             1.05814              1996.89                     16.827
6     12     1.108          37.5             1.06922              210.848                     5.46782
6     12     1.108          37.5             1.0803              0                     0
6     12     1.108          37.5             1.09138              0                     0
*******************************************************************************************************
 Average angle 2.63466e+07 +- 31411.5 deg 
 Average E' 250294 +- 298.41 GeV 
