*******************************************************************************************************
Z     A     E(GeV)     Theta(deg)     Energy Loss(GeV)     Sigma(nb/sr/GeV)     ERROR     Citation     
*******************************************************************************************************
6     12     4.6286          20             0.015              0                     0
6     12     4.6286          20             0.045              0                     0
6     12     4.6286          20             0.075              0                     0
6     12     4.6286          20             0.105              0                     0
6     12     4.6286          20             0.135              0                     0
6     12     4.6286          20             0.165              0                     0
6     12     4.6286          20             0.195              0                     0
6     12     4.6286          20             0.225              0                     0
6     12     4.6286          20             0.255              0                     0
6     12     4.6286          20             0.285              0                     0
6     12     4.6286          20             0.315              0                     0
6     12     4.6286          20             0.345              0                     0
6     12     4.6286          20             0.375              0                     0
6     12     4.6286          20             0.405              0                     0
6     12     4.6286          20             0.435              0                     0
6     12     4.6286          20             0.465              0                     0
6     12     4.6286          20             0.495              0                     0
6     12     4.6286          20             0.525              0                     0
6     12     4.6286          20             0.555              0                     0
6     12     4.6286          20             0.585              0                     0
6     12     4.6286          20             0.615              0                     0
6     12     4.6286          20             0.645              0                     0
6     12     4.6286          20             0.675              0                     0
6     12     4.6286          20             0.705              0                     0
6     12     4.6286          20             0.735              0                     0
6     12     4.6286          20             0.765              0                     0
6     12     4.6286          20             0.795              0                     0
6     12     4.6286          20             0.825              0.00349159                     0.00201587
6     12     4.6286          20             0.855              0.0162941                     0.00435478
6     12     4.6286          20             0.885              0.0826343                     0.00980689
6     12     4.6286          20             0.915              0.32821                     0.0195446
6     12     4.6286          20             0.945              1.04166                     0.0348188
6     12     4.6286          20             0.975              2.20436                     0.0506515
6     12     4.6286          20             1.005              4.3738                     0.0713478
6     12     4.6286          20             1.035              7.50925                     0.0934866
6     12     4.6286          20             1.065              11.819                     0.117285
6     12     4.6286          20             1.095              16.7887                     0.139785
6     12     4.6286          20             1.125              23.7905                     0.1664
6     12     4.6286          20             1.155              31.1438                     0.190387
6     12     4.6286          20             1.185              40.0544                     0.215912
6     12     4.6286          20             1.215              49.4316                     0.239858
6     12     4.6286          20             1.245              59.4013                     0.262935
6     12     4.6286          20             1.275              69.2196                     0.283835
6     12     4.6286          20             1.305              80.203                     0.305525
6     12     4.6286          20             1.335              90.0412                     0.323722
6     12     4.6286          20             1.365              101.14                     0.343093
6     12     4.6286          20             1.395              111.381                     0.360044
6     12     4.6286          20             1.425              122.343                     0.377347
6     12     4.6286          20             1.455              132.173                     0.392213
6     12     4.6286          20             1.485              144.042                     0.409445
6     12     4.6286          20             1.515              154.568                     0.424142
6     12     4.6286          20             1.545              166.592                     0.44033
6     12     4.6286          20             1.575              175.849                     0.452399
6     12     4.6286          20             1.605              185.55                     0.46471
6     12     4.6286          20             1.635              192.864                     0.47378
6     12     4.6286          20             1.665              197.568                     0.479523
6     12     4.6286          20             1.695              198.604                     0.480779
6     12     4.6286          20             1.725              199.375                     0.48171
6     12     4.6286          20             1.755              197.226                     0.479108
6     12     4.6286          20             1.785              192.735                     0.473621
6     12     4.6286          20             1.815              183.693                     0.462378
6     12     4.6286          20             1.845              174.431                     0.45057
6     12     4.6286          20             1.875              161.886                     0.434067
6     12     4.6286          20             1.905              148.592                     0.415861
6     12     4.6286          20             1.935              134.297                     0.395352
6     12     4.6286          20             1.965              119.845                     0.373475
6     12     4.6286          20             1.995              106.228                     0.351618
6     12     4.6286          20             2.025              91.6426                     0.326588
6     12     4.6286          20             2.055              79.2684                     0.303739
6     12     4.6286          20             2.085              67.9871                     0.281297
6     12     4.6286          20             2.115              57.1061                     0.257806
6     12     4.6286          20             2.145              47.6602                     0.235521
6     12     4.6286          20             2.175              38.1759                     0.210788
6     12     4.6286          20             2.205              31.1531                     0.190415
6     12     4.6286          20             2.235              24.781                     0.169828
6     12     4.6286          20             2.265              19.5506                     0.150845
6     12     4.6286          20             2.295              15.0499                     0.132348
6     12     4.6286          20             2.325              11.279                     0.114574
6     12     4.6286          20             2.355              8.15287                     0.0974106
6     12     4.6286          20             2.385              5.83329                     0.0823963
6     12     4.6286          20             2.415              3.71622                     0.065766
6     12     4.6286          20             2.445              2.48834                     0.0538153
6     12     4.6286          20             2.475              1.5491                     0.0424611
6     12     4.6286          20             2.505              0.865915                     0.031746
6     12     4.6286          20             2.535              0.405025                     0.0217116
6     12     4.6286          20             2.565              0.176907                     0.0143491
6     12     4.6286          20             2.595              0.0884537                     0.0101463
6     12     4.6286          20             2.625              0.0139664                     0.00403174
6     12     4.6286          20             2.655              0                     0
6     12     4.6286          20             2.685              0                     0
6     12     4.6286          20             2.715              0                     0
6     12     4.6286          20             2.745              0                     0
6     12     4.6286          20             2.775              0                     0
6     12     4.6286          20             2.805              0                     0
6     12     4.6286          20             2.835              0                     0
6     12     4.6286          20             2.865              0                     0
6     12     4.6286          20             2.895              0                     0
6     12     4.6286          20             2.925              0                     0
6     12     4.6286          20             2.955              0                     0
*******************************************************************************************************
 Average angle 7.6508e+07 +- 38929.1 deg 
 Average E' 1.13566e+07 +- 5778.52 GeV 
