*******************************************************************************************************
Z     A     E(GeV)     Theta(deg)     Energy Loss(GeV)     Sigma(nb/sr/GeV)     ERROR     Citation     
*******************************************************************************************************
6     12     1.2044          55             0.308333              5.32028                     0.257166
6     12     1.2044          55             0.325              6.82438                     0.291258
6     12     1.2044          55             0.341667              9.39751                     0.341784
6     12     1.2044          55             0.358333              12.1944                     0.389337
6     12     1.2044          55             0.375              14.8918                     0.430249
6     12     1.2044          55             0.391667              19.69                     0.49473
6     12     1.2044          55             0.408333              26.3901                     0.572751
6     12     1.2044          55             0.425              30.9646                     0.620409
6     12     1.2044          55             0.441667              39.8524                     0.703838
6     12     1.2044          55             0.458333              49.2002                     0.78204
6     12     1.2044          55             0.475              57.0315                     0.841982
6     12     1.2044          55             0.491667              66.4165                     0.908623
6     12     1.2044          55             0.508333              70.6181                     0.936922
6     12     1.2044          55             0.525              75.9384                     0.971575
6     12     1.2044          55             0.541667              80.0156                     0.997316
6     12     1.2044          55             0.558333              82.1909                     1.01078
6     12     1.2044          55             0.575              79.8167                     0.996076
6     12     1.2044          55             0.591667              78.872                     0.990163
6     12     1.2044          55             0.608333              76.6718                     0.976255
6     12     1.2044          55             0.625              69.8847                     0.932044
6     12     1.2044          55             0.641667              62.6128                     0.88222
6     12     1.2044          55             0.658333              57.8146                     0.847743
6     12     1.2044          55             0.675              51.0524                     0.796624
6     12     1.2044          55             0.691667              45.3592                     0.750893
6     12     1.2044          55             0.708333              39.4795                     0.700537
6     12     1.2044          55             0.725              34.5197                     0.655057
6     12     1.2044          55             0.741667              33.0032                     0.640506
6     12     1.2044          55             0.758333              33.575                     0.646031
6     12     1.2044          55             0.775              33.8982                     0.649133
*******************************************************************************************************
 Average mean_angle 9.79356e+06 +- 23197.3 deg 
 Average E' 85912.1 +- 203.493 GeV 
