*******************************************************************************************************
Z     A     E(GeV)     Theta(deg)     Energy Loss(GeV)     Sigma(nb/sr/GeV)     ERROR     Citation     
*******************************************************************************************************
6     12     1.93          18             0.00965              7.22646                     2.95019
6     12     1.93          18             0.02895              361.323                     20.861
6     12     1.93          18             0.04825              1424.82                     41.4254
6     12     1.93          18             0.06755              3581.91                     65.6817
6     12     1.93          18             0.08685              7185.51                     93.0284
6     12     1.93          18             0.10615              12036.9                     120.405
6     12     1.93          18             0.12545              18043.3                     147.416
6     12     1.93          18             0.14475              22539.3                     164.762
6     12     1.93          18             0.16405              26024.9                     177.044
6     12     1.93          18             0.18335              27515.9                     182.045
6     12     1.93          18             0.20265              27089.6                     180.629
6     12     1.93          18             0.22195              25126.4                     173.961
6     12     1.93          18             0.24125              22022.6                     162.863
6     12     1.93          18             0.26055              18356.4                     148.69
6     12     1.93          18             0.27985              14540.8                     132.337
6     12     1.93          18             0.29915              11136                     115.811
6     12     1.93          18             0.31845              8375.46                     100.436
6     12     1.93          18             0.33775              6097.92                     85.6995
6     12     1.93          18             0.35705              4268.43                     71.7003
6     12     1.93          18             0.37635              3000.18                     60.112
6     12     1.93          18             0.39565              2145.05                     50.8284
6     12     1.93          18             0.41495              1501.9                     42.5312
6     12     1.93          18             0.43425              1011.7                     34.9071
6     12     1.93          18             0.45355              761.187                     30.2784
6     12     1.93          18             0.47285              602.205                     26.9314
6     12     1.93          18             0.49215              413.112                     22.306
6     12     1.93          18             0.51145              310.738                     19.3457
6     12     1.93          18             0.53075              296.285                     18.8904
6     12     1.93          18             0.55005              209.567                     15.8872
6     12     1.93          18             0.56935              155.369                     13.6795
6     12     1.93          18             0.58865              109.601                     11.4893
6     12     1.93          18             0.60795              91.5351                     10.4998
6     12     1.93          18             0.62725              84.3086                     10.0768
6     12     1.93          18             0.64655              40.9499                     7.02285
6     12     1.93          18             0.66585              48.1764                     7.61735
6     12     1.93          18             0.68515              28.9058                     5.90038
6     12     1.93          18             0.70445              25.2926                     5.5193
6     12     1.93          18             0.72375              21.6794                     5.10988
6     12     1.93          18             0.74305              12.0441                     3.80868
6     12     1.93          18             0.76235              12.0441                     3.80868
6     12     1.93          18             0.78165              8.43086                     3.18657
6     12     1.93          18             0.80095              6.02205                     2.69314
6     12     1.93          18             0.82025              8.43086                     3.18657
6     12     1.93          18             0.83955              3.61323                     2.0861
6     12     1.93          18             0.85885              3.61323                     2.0861
6     12     1.93          18             0.87815              1.20441                     1.20441
6     12     1.93          18             0.89745              0                     0
6     12     1.93          18             0.91675              0                     0
6     12     1.93          18             0.93605              1.20441                     1.20441
6     12     1.93          18             0.95535              0                     0
6     12     1.93          18             0.97465              1.20441                     1.20441
6     12     1.93          18             0.99395              2.40882                     1.70329
6     12     1.93          18             1.01325              2.40882                     1.70329
6     12     1.93          18             1.03255              1.20441                     1.20441
6     12     1.93          18             1.05185              0                     0
6     12     1.93          18             1.07115              1.20441                     1.20441
6     12     1.93          18             1.09045              0                     0
6     12     1.93          18             1.10975              0                     0
6     12     1.93          18             1.12905              0                     0
6     12     1.93          18             1.14835              0                     0
6     12     1.93          18             1.16765              0                     0
6     12     1.93          18             1.18695              0                     0
6     12     1.93          18             1.20625              0                     0
6     12     1.93          18             1.22555              0                     0
6     12     1.93          18             1.24485              0                     0
6     12     1.93          18             1.26415              0                     0
6     12     1.93          18             1.28345              0                     0
6     12     1.93          18             1.30275              0                     0
6     12     1.93          18             1.32205              0                     0
6     12     1.93          18             1.34135              0                     0
6     12     1.93          18             1.36065              0                     0
6     12     1.93          18             1.37995              0                     0
6     12     1.93          18             1.39925              0                     0
6     12     1.93          18             1.41855              0                     0
6     12     1.93          18             1.43785              0                     0
6     12     1.93          18             1.45715              0                     0
6     12     1.93          18             1.47645              0                     0
6     12     1.93          18             1.49575              0                     0
6     12     1.93          18             1.51505              0                     0
6     12     1.93          18             1.53435              0                     0
6     12     1.93          18             1.55365              0                     0
6     12     1.93          18             1.57295              0                     0
6     12     1.93          18             1.59225              0                     0
6     12     1.93          18             1.61155              0                     0
6     12     1.93          18             1.63085              0                     0
6     12     1.93          18             1.65015              0                     0
6     12     1.93          18             1.66945              0                     0
6     12     1.93          18             1.68875              0                     0
6     12     1.93          18             1.70805              0                     0
6     12     1.93          18             1.72735              0                     0
6     12     1.93          18             1.74665              0                     0
6     12     1.93          18             1.76595              0                     0
6     12     1.93          18             1.78525              0                     0
6     12     1.93          18             1.80455              0                     0
6     12     1.93          18             1.82385              0                     0
6     12     1.93          18             1.84315              0                     0
6     12     1.93          18             1.86245              0                     0
6     12     1.93          18             1.88175              0                     0
6     12     1.93          18             1.90105              0                     0
*******************************************************************************************************
 Average mean_angle 3.94446e+06 +- 8382.97 deg 
 Average E' 380305 +- 808.243 GeV 
