*******************************************************************************************************
Z     A     E(GeV)     Theta(deg)     Energy Loss(GeV)     Sigma(nb/sr/GeV)     ERROR     Citation     
*******************************************************************************************************
6     12     0.1999          60             0.0009995              30832.1                     76.0549
6     12     0.1999          60             0.0029985              41965.7                     88.7306
6     12     0.1999          60             0.0049975              52797.6                     99.5252
6     12     0.1999          60             0.0069965              61915.8                     107.777
6     12     0.1999          60             0.0089955              70105.1                     114.683
6     12     0.1999          60             0.0109945              77419.3                     120.518
6     12     0.1999          60             0.0129935              83289.6                     125.003
6     12     0.1999          60             0.0149925              88147.3                     128.597
6     12     0.1999          60             0.0169915              91275.9                     130.859
6     12     0.1999          60             0.0189905              93511.1                     132.452
6     12     0.1999          60             0.0209895              94585.7                     133.211
6     12     0.1999          60             0.0229885              93734.7                     132.61
6     12     0.1999          60             0.0249875              92879.4                     132.004
6     12     0.1999          60             0.0269865              90857                     130.558
6     12     0.1999          60             0.0289855              88671.7                     128.979
6     12     0.1999          60             0.0309845              85852.1                     126.912
6     12     0.1999          60             0.0329835              83252.8                     124.976
6     12     0.1999          60             0.0349825              80471                     122.87
6     12     0.1999          60             0.0369815              77049.6                     120.229
6     12     0.1999          60             0.0389805              73792.3                     117.661
6     12     0.1999          60             0.0409795              70218.2                     114.776
6     12     0.1999          60             0.0429785              66540.7                     111.73
6     12     0.1999          60             0.0449775              62649.9                     108.414
6     12     0.1999          60             0.0469765              58634.5                     104.882
6     12     0.1999          60             0.0489755              54789.1                     101.385
6     12     0.1999          60             0.0509745              51057.2                     97.8711
6     12     0.1999          60             0.0529735              46959.1                     93.8611
6     12     0.1999          60             0.0549725              43193.2                     90.0189
6     12     0.1999          60             0.0569715              39394.9                     85.9698
6     12     0.1999          60             0.0589705              35616.5                     81.7432
6     12     0.1999          60             0.0609695              32044.2                     77.5355
6     12     0.1999          60             0.0629685              28787.9                     73.4905
6     12     0.1999          60             0.0649675              25473.6                     69.1308
6     12     0.1999          60             0.0669665              22384.7                     64.8039
6     12     0.1999          60             0.0689655              19763.4                     60.8915
6     12     0.1999          60             0.0709645              17246.6                     56.8824
6     12     0.1999          60             0.0729635              14840.4                     52.7653
6     12     0.1999          60             0.0749625              12690.2                     48.7933
6     12     0.1999          60             0.0769615              10918.4                     45.2591
6     12     0.1999          60             0.0789605              9204.43                     41.5551
6     12     0.1999          60             0.0809595              7720.45                     38.0581
6     12     0.1999          60             0.0829585              6501                     34.9234
6     12     0.1999          60             0.0849575              5325.63                     31.6091
6     12     0.1999          60             0.0869565              4447.07                     28.8844
6     12     0.1999          60             0.0889555              3609.96                     26.0242
6     12     0.1999          60             0.0909545              2958.02                     23.5573
6     12     0.1999          60             0.0929535              2460.67                     21.4859
6     12     0.1999          60             0.0949525              2003.47                     19.3873
6     12     0.1999          60             0.0969515              1344.4                     15.8815
6     12     0.1999          60             0.0989505              822.474                     12.4219
6     12     0.1999          60             0.100949              423.432                     8.91287
6     12     0.1999          60             0.102948              152.713                     5.35259
6     12     0.1999          60             0.104947              0.938041                     0.419505
6     12     0.1999          60             0.106946              0                     0
6     12     0.1999          60             0.108946              0                     0
6     12     0.1999          60             0.110945              0                     0
6     12     0.1999          60             0.112943              0                     0
6     12     0.1999          60             0.114942              0                     0
6     12     0.1999          60             0.116941              0                     0
6     12     0.1999          60             0.11894              0                     0
6     12     0.1999          60             0.120939              0                     0
6     12     0.1999          60             0.122938              0                     0
6     12     0.1999          60             0.124937              0                     0
6     12     0.1999          60             0.126936              0                     0
6     12     0.1999          60             0.128935              0                     0
6     12     0.1999          60             0.130934              0                     0
6     12     0.1999          60             0.132933              0                     0
6     12     0.1999          60             0.134932              0                     0
6     12     0.1999          60             0.136931              0                     0
6     12     0.1999          60             0.13893              0                     0
6     12     0.1999          60             0.140929              0                     0
6     12     0.1999          60             0.142928              0                     0
6     12     0.1999          60             0.144927              0                     0
6     12     0.1999          60             0.146926              0                     0
6     12     0.1999          60             0.148925              0                     0
6     12     0.1999          60             0.150924              0                     0
6     12     0.1999          60             0.152923              0                     0
6     12     0.1999          60             0.154922              0                     0
6     12     0.1999          60             0.156921              0                     0
6     12     0.1999          60             0.15892              0                     0
6     12     0.1999          60             0.160919              0                     0
6     12     0.1999          60             0.162918              0                     0
6     12     0.1999          60             0.164917              0                     0
6     12     0.1999          60             0.166916              0                     0
6     12     0.1999          60             0.168915              0                     0
6     12     0.1999          60             0.170914              0                     0
6     12     0.1999          60             0.172913              0                     0
6     12     0.1999          60             0.174912              0                     0
6     12     0.1999          60             0.176911              0                     0
6     12     0.1999          60             0.17891              0                     0
6     12     0.1999          60             0.180909              0                     0
6     12     0.1999          60             0.182908              0                     0
6     12     0.1999          60             0.184907              0                     0
6     12     0.1999          60             0.186906              0                     0
6     12     0.1999          60             0.188905              0                     0
6     12     0.1999          60             0.190904              0                     0
6     12     0.1999          60             0.192903              0                     0
6     12     0.1999          60             0.194902              0                     0
6     12     0.1999          60             0.196901              0                     0
*******************************************************************************************************
 Average mean_angle 7.39122e+08 +- 210520 deg 
 Average E' 2.06068e+06 +- 586.931 GeV 
