*******************************************************************************************************
Z     A     E(GeV)     Theta(deg)     Energy Loss(GeV)     Sigma(nb/sr/GeV)     ERROR     Citation     
*******************************************************************************************************
6     12     0.5568          60             0.002784              0.137073                     0.137073
6     12     0.5568          60             0.008352              0.137073                     0.137073
6     12     0.5568          60             0.01392              0.548294                     0.274147
6     12     0.5568          60             0.019488              1.09659                     0.387702
6     12     0.5568          60             0.025056              2.87854                     0.628149
6     12     0.5568          60             0.030624              5.62001                     0.877698
6     12     0.5568          60             0.036192              8.22441                     1.06177
6     12     0.5568          60             0.04176              10.8288                     1.21834
6     12     0.5568          60             0.047328              18.642                     1.59854
6     12     0.5568          60             0.052896              26.181                     1.89439
6     12     0.5568          60             0.058464              29.1966                     2.00052
6     12     0.5568          60             0.064032              38.5176                     2.29777
6     12     0.5568          60             0.0696              48.3869                     2.57538
6     12     0.5568          60             0.075168              55.926                     2.76875
6     12     0.5568          60             0.080736              71.2782                     3.12576
6     12     0.5568          60             0.086304              80.4621                     3.32103
6     12     0.5568          60             0.091872              100.338                     3.70859
6     12     0.5568          60             0.09744              108.425                     3.85515
6     12     0.5568          60             0.103008              131.728                     4.24928
6     12     0.5568          60             0.108576              145.161                     4.46068
6     12     0.5568          60             0.114144              157.909                     4.65243
6     12     0.5568          60             0.119712              175.454                     4.90409
6     12     0.5568          60             0.12528              189.298                     5.0939
6     12     0.5568          60             0.130848              209.997                     5.36516
6     12     0.5568          60             0.136416              241.112                     5.74892
6     12     0.5568          60             0.141984              263.044                     6.00469
6     12     0.5568          60             0.147552              268.664                     6.0685
6     12     0.5568          60             0.15312              285.798                     6.25902
6     12     0.5568          60             0.158688              308.278                     6.50052
6     12     0.5568          60             0.164256              337.338                     6.8
6     12     0.5568          60             0.169824              360.229                     7.02694
6     12     0.5568          60             0.175392              383.943                     7.25454
6     12     0.5568          60             0.18096              402.448                     7.42731
6     12     0.5568          60             0.186528              437.127                     7.74071
6     12     0.5568          60             0.192096              484.006                     8.14521
6     12     0.5568          60             0.197664              517.041                     8.41859
6     12     0.5568          60             0.203232              544.182                     8.63672
6     12     0.5568          60             0.2088              582.425                     8.93504
6     12     0.5568          60             0.214368              604.768                     9.10481
6     12     0.5568          60             0.219936              669.33                     9.57848
6     12     0.5568          60             0.225504              694.003                     9.75343
6     12     0.5568          60             0.231072              753.356                     10.1619
6     12     0.5568          60             0.23664              770.764                     10.2787
6     12     0.5568          60             0.242208              827.65                     10.6512
6     12     0.5568          60             0.247776              872.884                     10.9384
6     12     0.5568          60             0.253344              922.23                     11.2434
6     12     0.5568          60             0.258912              947.315                     11.3952
6     12     0.5568          60             0.26448              992.412                     11.6633
6     12     0.5568          60             0.270048              1010.92                     11.7716
6     12     0.5568          60             0.275616              1017.09                     11.8074
6     12     0.5568          60             0.281184              1061.63                     12.0632
6     12     0.5568          60             0.286752              1070.82                     12.1153
6     12     0.5568          60             0.29232              1063.28                     12.0726
6     12     0.5568          60             0.297888              1068.49                     12.1021
6     12     0.5568          60             0.303456              1034.9                     11.9104
6     12     0.5568          60             0.309024              1025.86                     11.8582
6     12     0.5568          60             0.314592              1020.51                     11.8273
6     12     0.5568          60             0.32016              969.658                     11.5288
6     12     0.5568          60             0.325728              939.09                     11.3457
6     12     0.5568          60             0.331296              890.566                     11.0487
6     12     0.5568          60             0.336864              818.603                     10.5929
6     12     0.5568          60             0.342432              785.842                     10.3787
6     12     0.5568          60             0.348              735.81                     10.0429
6     12     0.5568          60             0.353568              687.149                     9.70515
6     12     0.5568          60             0.359136              620.394                     9.22169
6     12     0.5568          60             0.364704              578.998                     8.90872
6     12     0.5568          60             0.370272              534.038                     8.55584
6     12     0.5568          60             0.37584              486.885                     8.16939
6     12     0.5568          60             0.381408              452.205                     7.87308
6     12     0.5568          60             0.386976              397.239                     7.37909
6     12     0.5568          60             0.392544              367.357                     7.09612
6     12     0.5568          60             0.398112              339.805                     6.82483
6     12     0.5568          60             0.40368              314.721                     6.56809
6     12     0.5568          60             0.409248              295.119                     6.36027
6     12     0.5568          60             0.414816              266.334                     6.04213
6     12     0.5568          60             0.420384              270.446                     6.08859
6     12     0.5568          60             0.425952              267.979                     6.06076
6     12     0.5568          60             0.43152              249.474                     5.84775
6     12     0.5568          60             0.437088              254.271                     5.90371
6     12     0.5568          60             0.442656              260.714                     5.97804
6     12     0.5568          60             0.448224              265.374                     6.03123
6     12     0.5568          60             0.453792              260.302                     5.97332
6     12     0.5568          60             0.45936              275.929                     6.15
6     12     0.5568          60             0.464928              272.913                     6.1163
6     12     0.5568          60             0.470496              271.817                     6.104
6     12     0.5568          60             0.476064              280.589                     6.20172
6     12     0.5568          60             0.481632              245.361                     5.79936
6     12     0.5568          60             0.4872              163.529                     4.73449
6     12     0.5568          60             0.492768              55.6518                     2.76195
6     12     0.5568          60             0.498336              3.83806                     0.725325
6     12     0.5568          60             0.503904              0                     0
6     12     0.5568          60             0.509472              0                     0
6     12     0.5568          60             0.51504              0                     0
6     12     0.5568          60             0.520608              0                     0
6     12     0.5568          60             0.526176              0                     0
6     12     0.5568          60             0.531744              0                     0
6     12     0.5568          60             0.537312              0                     0
6     12     0.5568          60             0.54288              0                     0
6     12     0.5568          60             0.548448              0                     0
*******************************************************************************************************
 Average mean_angle 1.67724e+07 +- 31714.3 deg 
 Average E' 74765.4 +- 141.371 GeV 
