*******************************************************************************************************
Z     A     E(GeV)     Theta(deg)     Energy Loss(GeV)     Sigma(nb/sr/GeV)     ERROR     Citation     
*******************************************************************************************************
6     12     0.4          145             0.002              0                     0
6     12     0.4          145             0.006              0                     0
6     12     0.4          145             0.01              0                     0
6     12     0.4          145             0.014              0                     0
6     12     0.4          145             0.018              0                     0
6     12     0.4          145             0.022              0                     0
6     12     0.4          145             0.026              0                     0
6     12     0.4          145             0.03              0                     0
6     12     0.4          145             0.034              0                     0
6     12     0.4          145             0.038              0                     0
6     12     0.4          145             0.042              0                     0
6     12     0.4          145             0.046              0                     0
6     12     0.4          145             0.05              0                     0
6     12     0.4          145             0.054              0                     0
6     12     0.4          145             0.058              0                     0
6     12     0.4          145             0.062              0                     0
6     12     0.4          145             0.066              0                     0
6     12     0.4          145             0.07              0                     0
6     12     0.4          145             0.074              0                     0
6     12     0.4          145             0.078              0                     0
6     12     0.4          145             0.082              0                     0
6     12     0.4          145             0.086              0                     0
6     12     0.4          145             0.09              0                     0
6     12     0.4          145             0.094              0                     0
6     12     0.4          145             0.098              0                     0
6     12     0.4          145             0.102              0                     0
6     12     0.4          145             0.106              0                     0
6     12     0.4          145             0.11              0                     0
6     12     0.4          145             0.114              0                     0
6     12     0.4          145             0.118              0                     0
6     12     0.4          145             0.122              0                     0
6     12     0.4          145             0.126              0                     0
6     12     0.4          145             0.13              0                     0
6     12     0.4          145             0.134              0                     0
6     12     0.4          145             0.138              0                     0
6     12     0.4          145             0.142              0                     0
6     12     0.4          145             0.146              0                     0
6     12     0.4          145             0.15              0                     0
6     12     0.4          145             0.154              0                     0
6     12     0.4          145             0.158              0                     0
6     12     0.4          145             0.162              0                     0
6     12     0.4          145             0.166              0                     0
6     12     0.4          145             0.17              0                     0
6     12     0.4          145             0.174              0                     0
6     12     0.4          145             0.178              0                     0
6     12     0.4          145             0.182              0                     0
6     12     0.4          145             0.186              0                     0
6     12     0.4          145             0.19              0                     0
6     12     0.4          145             0.194              0                     0
6     12     0.4          145             0.198              0                     0
6     12     0.4          145             0.202              0                     0
6     12     0.4          145             0.206              0                     0
6     12     0.4          145             0.21              0                     0
6     12     0.4          145             0.214              0                     0
6     12     0.4          145             0.218              0                     0
6     12     0.4          145             0.222              0                     0
6     12     0.4          145             0.226              0                     0
6     12     0.4          145             0.23              0                     0
6     12     0.4          145             0.234              0.248541                     0.248541
6     12     0.4          145             0.238              0.248541                     0.248541
6     12     0.4          145             0.242              0.248541                     0.248541
6     12     0.4          145             0.246              1.49124                     0.608798
6     12     0.4          145             0.25              0.497081                     0.35149
6     12     0.4          145             0.254              0.994163                     0.497081
6     12     0.4          145             0.258              0.994163                     0.497081
6     12     0.4          145             0.262              1.2427                     0.555754
6     12     0.4          145             0.266              4.22519                     1.02476
6     12     0.4          145             0.27              7.45622                     1.36131
6     12     0.4          145             0.274              6.95914                     1.31515
6     12     0.4          145             0.278              10.6873                     1.62979
6     12     0.4          145             0.282              10.9358                     1.64863
6     12     0.4          145             0.286              15.9066                     1.98833
6     12     0.4          145             0.29              28.3336                     2.65369
6     12     0.4          145             0.294              30.322                     2.74522
6     12     0.4          145             0.298              35.2928                     2.9617
6     12     0.4          145             0.302              55.9217                     3.72811
6     12     0.4          145             0.306              70.8341                     4.19585
6     12     0.4          145             0.31              93.2028                     4.81297
6     12     0.4          145             0.314              115.323                     5.35373
6     12     0.4          145             0.318              142.165                     5.94423
6     12     0.4          145             0.322              183.672                     6.75647
6     12     0.4          145             0.326              240.09                     7.72478
6     12     0.4          145             0.33              270.909                     8.20561
6     12     0.4          145             0.334              350.442                     9.3327
6     12     0.4          145             0.338              417.051                     10.1811
6     12     0.4          145             0.342              499.567                     11.1428
6     12     0.4          145             0.346              578.603                     11.9919
6     12     0.4          145             0.35              700.139                     13.1914
6     12     0.4          145             0.354              766.002                     13.7979
6     12     0.4          145             0.358              927.554                     15.1834
6     12     0.4          145             0.362              1091.34                     16.4695
6     12     0.4          145             0.366              1181.31                     17.1349
6     12     0.4          145             0.37              1354.8                     18.35
6     12     0.4          145             0.374              1518.58                     19.4276
6     12     0.4          145             0.378              1668.21                     20.3621
6     12     0.4          145             0.382              1880.96                     21.6216
6     12     0.4          145             0.386              1156.96                     16.9573
6     12     0.4          145             0.39              0                     0
6     12     0.4          145             0.394              0                     0
*******************************************************************************************************
 Average angle 8.99437e+06 +- 36110.3 deg 
 Average E' 2325.89 +- 9.33792 GeV 
