*******************************************************************************************************
Z     A     E(GeV)     Theta(deg)     Energy Loss(GeV)     Sigma(nb/sr/GeV)     ERROR     Citation     
*******************************************************************************************************
6     12     2.015          35.51             0.010075              0                     0
6     12     2.015          35.51             0.030225              0                     0
6     12     2.015          35.51             0.050375              0                     0
6     12     2.015          35.51             0.070525              0                     0
6     12     2.015          35.51             0.090675              0                     0
6     12     2.015          35.51             0.110825              0                     0
6     12     2.015          35.51             0.130975              0                     0
6     12     2.015          35.51             0.151125              0                     0
6     12     2.015          35.51             0.171275              0                     0
6     12     2.015          35.51             0.191425              0                     0
6     12     2.015          35.51             0.211575              0                     0
6     12     2.015          35.51             0.231725              0                     0
6     12     2.015          35.51             0.251875              0                     0
6     12     2.015          35.51             0.272025              0                     0
6     12     2.015          35.51             0.292175              0                     0
6     12     2.015          35.51             0.312325              0                     0
6     12     2.015          35.51             0.332475              0                     0
6     12     2.015          35.51             0.352625              0                     0
6     12     2.015          35.51             0.372775              0                     0
6     12     2.015          35.51             0.392925              0                     0
6     12     2.015          35.51             0.413075              0                     0
6     12     2.015          35.51             0.433225              0                     0
6     12     2.015          35.51             0.453375              0                     0
6     12     2.015          35.51             0.473525              0                     0
6     12     2.015          35.51             0.493675              0                     0
6     12     2.015          35.51             0.513825              0                     0
6     12     2.015          35.51             0.533975              0                     0
6     12     2.015          35.51             0.554125              0                     0
6     12     2.015          35.51             0.574275              0                     0
6     12     2.015          35.51             0.594425              0                     0
6     12     2.015          35.51             0.614575              0                     0
6     12     2.015          35.51             0.634725              0                     0
6     12     2.015          35.51             0.654875              0                     0
6     12     2.015          35.51             0.675025              0                     0
6     12     2.015          35.51             0.695175              0                     0
6     12     2.015          35.51             0.715325              0                     0
6     12     2.015          35.51             0.735475              0                     0
6     12     2.015          35.51             0.755625              0                     0
6     12     2.015          35.51             0.775775              0                     0
6     12     2.015          35.51             0.795925              0                     0
6     12     2.015          35.51             0.816075              0                     0
6     12     2.015          35.51             0.836225              0                     0
6     12     2.015          35.51             0.856375              0                     0
6     12     2.015          35.51             0.876525              0                     0
6     12     2.015          35.51             0.896675              0                     0
6     12     2.015          35.51             0.916825              0                     0
6     12     2.015          35.51             0.936975              0                     0
6     12     2.015          35.51             0.957125              0                     0
6     12     2.015          35.51             0.977275              0                     0
6     12     2.015          35.51             0.997425              0                     0
6     12     2.015          35.51             1.01758              0                     0
6     12     2.015          35.51             1.03773              0                     0
6     12     2.015          35.51             1.05788              0                     0
6     12     2.015          35.51             1.07803              0                     0
6     12     2.015          35.51             1.09818              0                     0
6     12     2.015          35.51             1.11833              0                     0
6     12     2.015          35.51             1.13848              0                     0
6     12     2.015          35.51             1.15863              0                     0
6     12     2.015          35.51             1.17878              0                     0
6     12     2.015          35.51             1.19893              0                     0
6     12     2.015          35.51             1.21908              0                     0
6     12     2.015          35.51             1.23923              0                     0
6     12     2.015          35.51             1.25938              0                     0
6     12     2.015          35.51             1.27953              0                     0
6     12     2.015          35.51             1.29968              0                     0
6     12     2.015          35.51             1.31983              19.8722                     2.00739
6     12     2.015          35.51             1.33998              269.086                     7.38678
6     12     2.015          35.51             1.36013              497.616                     10.0452
6     12     2.015          35.51             1.38028              507.146                     10.1409
6     12     2.015          35.51             1.40043              545.066                     10.5132
6     12     2.015          35.51             1.42058              565.141                     10.705
6     12     2.015          35.51             1.44073              572.643                     10.7759
6     12     2.015          35.51             1.46088              560.477                     10.6608
6     12     2.015          35.51             1.48103              593.327                     10.9687
6     12     2.015          35.51             1.50118              588.866                     10.9274
6     12     2.015          35.51             1.52133              595.557                     10.9893
6     12     2.015          35.51             1.54148              585.824                     10.8992
6     12     2.015          35.51             1.56163              579.132                     10.8367
6     12     2.015          35.51             1.58178              575.685                     10.8044
6     12     2.015          35.51             1.60193              582.377                     10.8671
6     12     2.015          35.51             1.62208              608.941                     11.1121
6     12     2.015          35.51             1.64223              564.127                     10.6954
6     12     2.015          35.51             1.66238              557.841                     10.6357
6     12     2.015          35.51             1.68253              558.246                     10.6395
6     12     2.015          35.51             1.70268              518.907                     10.2578
6     12     2.015          35.51             1.72283              512.216                     10.1915
6     12     2.015          35.51             1.74298              498.021                     10.0493
6     12     2.015          35.51             1.76313              449.355                     9.54563
6     12     2.015          35.51             1.78328              451.991                     9.57358
6     12     2.015          35.51             1.80343              431.916                     9.35857
6     12     2.015          35.51             1.82358              384.263                     8.82722
6     12     2.015          35.51             1.84373              356.077                     8.49732
6     12     2.015          35.51             1.86388              347.56                     8.39508
6     12     2.015          35.51             1.88403              287.538                     7.63585
6     12     2.015          35.51             1.90418              258.947                     7.24628
6     12     2.015          35.51             1.92433              234.613                     6.89741
6     12     2.015          35.51             1.94448              186.758                     6.15388
6     12     2.015          35.51             1.96463              131.603                     5.16585
6     12     2.015          35.51             1.98478              67.7277                     3.70589
*******************************************************************************************************
 Average angle 2.63061e+06 +- 9657.81 deg 
 Average E' 29501.3 +- 108.308 GeV 
