*******************************************************************************************************
Z     A     E(GeV)     Theta(deg)     Energy Loss(GeV)     Sigma(nb/sr/GeV)     ERROR     Citation     
*******************************************************************************************************
6     12     3.605          16.02             0.018025              0                     0
6     12     3.605          16.02             0.054075              0                     0
6     12     3.605          16.02             0.090125              0                     0
6     12     3.605          16.02             0.126175              0                     0
6     12     3.605          16.02             0.162225              0                     0
6     12     3.605          16.02             0.198275              0                     0
6     12     3.605          16.02             0.234325              0                     0
6     12     3.605          16.02             0.270375              0                     0
6     12     3.605          16.02             0.306425              0                     0
6     12     3.605          16.02             0.342475              0                     0
6     12     3.605          16.02             0.378525              0                     0
6     12     3.605          16.02             0.414575              0                     0
6     12     3.605          16.02             0.450625              0                     0
6     12     3.605          16.02             0.486675              0                     0
6     12     3.605          16.02             0.522725              0                     0
6     12     3.605          16.02             0.558775              0                     0
6     12     3.605          16.02             0.594825              0                     0
6     12     3.605          16.02             0.630875              0                     0
6     12     3.605          16.02             0.666925              0                     0
6     12     3.605          16.02             0.702975              0                     0
6     12     3.605          16.02             0.739025              0                     0
6     12     3.605          16.02             0.775075              0                     0
6     12     3.605          16.02             0.811125              0                     0
6     12     3.605          16.02             0.847175              0                     0
6     12     3.605          16.02             0.883225              0                     0
6     12     3.605          16.02             0.919275              0                     0
6     12     3.605          16.02             0.955325              0                     0
6     12     3.605          16.02             0.991375              0                     0
6     12     3.605          16.02             1.02742              0                     0
6     12     3.605          16.02             1.06347              0                     0
6     12     3.605          16.02             1.09952              0                     0
6     12     3.605          16.02             1.13558              0                     0
6     12     3.605          16.02             1.17162              0                     0
6     12     3.605          16.02             1.20767              0                     0
6     12     3.605          16.02             1.24372              0                     0
6     12     3.605          16.02             1.27977              0                     0
6     12     3.605          16.02             1.31583              0                     0
6     12     3.605          16.02             1.35187              241.508                     8.32292
6     12     3.605          16.02             1.38792              1221.31                     18.7164
6     12     3.605          16.02             1.42397              2088.39                     24.4746
6     12     3.605          16.02             1.46002              2672.94                     27.6888
6     12     3.605          16.02             1.49607              2744.93                     28.0592
6     12     3.605          16.02             1.53212              2803.45                     28.3567
6     12     3.605          16.02             1.56817              2835.28                     28.5173
6     12     3.605          16.02             1.60422              2861.1                     28.6468
6     12     3.605          16.02             1.64027              2892.65                     28.8043
6     12     3.605          16.02             1.67632              2827.83                     28.4797
6     12     3.605          16.02             1.71237              2839.01                     28.536
6     12     3.605          16.02             1.74842              2750.38                     28.0871
6     12     3.605          16.02             1.78447              2766.44                     28.169
6     12     3.605          16.02             1.82052              2717.11                     27.9167
6     12     3.605          16.02             1.85657              2717.11                     27.9167
6     12     3.605          16.02             1.89263              2657.74                     27.61
6     12     3.605          16.02             1.92867              2547.02                     27.0288
6     12     3.605          16.02             1.96472              2535.55                     26.9678
6     12     3.605          16.02             2.00077              2465.56                     26.593
6     12     3.605          16.02             2.03682              2487.08                     26.7088
6     12     3.605          16.02             2.07288              2371.2                     26.0792
6     12     3.605          16.02             2.10893              2329.89                     25.851
6     12     3.605          16.02             2.14498              2268.8                     25.5099
6     12     3.605          16.02             2.18102              2234.38                     25.3156
6     12     3.605          16.02             2.21707              2239.83                     25.3465
6     12     3.605          16.02             2.25313              2196.81                     25.1019
6     12     3.605          16.02             2.28918              2140.3                     24.7769
6     12     3.605          16.02             2.32523              2075.19                     24.3971
6     12     3.605          16.02             2.36128              2095.27                     24.5149
6     12     3.605          16.02             2.39732              1991.73                     23.9015
6     12     3.605          16.02             2.43338              1952.43                     23.6645
6     12     3.605          16.02             2.46943              1907.4                     23.39
6     12     3.605          16.02             2.50548              1901.95                     23.3566
6     12     3.605          16.02             2.54153              1819.92                     22.8473
6     12     3.605          16.02             2.57757              1806.72                     22.7644
6     12     3.605          16.02             2.61363              1736.16                     22.3154
6     12     3.605          16.02             2.64968              1670.19                     21.8873
6     12     3.605          16.02             2.68573              1622.29                     21.5712
6     12     3.605          16.02             2.72178              1554.31                     21.1144
6     12     3.605          16.02             2.75782              1539.4                     21.0129
6     12     3.605          16.02             2.79387              1496.95                     20.7211
6     12     3.605          16.02             2.82993              1451.34                     20.403
6     12     3.605          16.02             2.86598              1373.9                     19.8512
6     12     3.605          16.02             2.90203              1350.67                     19.6827
6     12     3.605          16.02             2.93807              1267.49                     19.067
6     12     3.605          16.02             2.97412              1242.25                     18.8762
6     12     3.605          16.02             3.01018              1194.06                     18.5064
6     12     3.605          16.02             3.04623              1100.27                     17.7647
6     12     3.605          16.02             3.08228              1056.1                     17.4045
6     12     3.605          16.02             3.11833              1046.92                     17.3287
6     12     3.605          16.02             3.15437              977.219                     16.7419
6     12     3.605          16.02             3.19042              903.791                     16.1007
6     12     3.605          16.02             3.22648              873.961                     15.8327
6     12     3.605          16.02             3.26253              817.17                     15.3097
6     12     3.605          16.02             3.29858              733.129                     14.5011
6     12     3.605          16.02             3.33462              619.546                     13.3305
6     12     3.605          16.02             3.37067              572.219                     12.8112
6     12     3.605          16.02             3.40673              495.35                     11.9197
6     12     3.605          16.02             3.44278              417.046                     10.9371
6     12     3.605          16.02             3.47883              341.898                     9.9028
6     12     3.605          16.02             3.51487              232.33                     8.16323
6     12     3.605          16.02             3.55092              15.2018                     2.08813
*******************************************************************************************************
 Average angle 6.02903e+06 +- 9793.37 deg 
 Average E' 530723 +- 862.089 GeV 
