*******************************************************************************************************
Z     A     E(GeV)     Theta(deg)     Energy Loss(GeV)     Sigma(nb/sr/GeV)     ERROR     Citation     
*******************************************************************************************************
6     12     0.2801          90             0.0014005              7.52842                     1.09813
6     12     0.2801          90             0.0042015              34.1181                     2.33774
6     12     0.2801          90             0.0070025              200.544                     5.66771
6     12     0.2801          90             0.0098035              433.925                     8.33701
6     12     0.2801          90             0.0126045              700.623                     10.5936
6     12     0.2801          90             0.0154055              966.36                     12.4415
6     12     0.2801          90             0.0182065              1254.68                     14.1765
6     12     0.2801          90             0.0210075              1549.89                     15.7563
6     12     0.2801          90             0.0238085              1861.44                     17.2674
6     12     0.2801          90             0.0266095              2211.43                     18.8209
6     12     0.2801          90             0.0294105              2556.46                     20.2359
6     12     0.2801          90             0.0322115              2951.46                     21.7431
6     12     0.2801          90             0.0350125              3395                     23.3197
6     12     0.2801          90             0.0378135              3863.04                     24.8752
6     12     0.2801          90             0.0406145              4315.06                     26.2904
6     12     0.2801          90             0.0434155              4630.94                     27.2356
6     12     0.2801          90             0.0462165              5034.59                     28.3978
6     12     0.2801          90             0.0490175              5437.44                     29.5121
6     12     0.2801          90             0.0518185              5694.69                     30.2021
6     12     0.2801          90             0.0546195              5980.29                     30.9502
6     12     0.2801          90             0.0574205              6226.96                     31.5821
6     12     0.2801          90             0.0602215              6424.94                     32.0802
6     12     0.2801          90             0.0630225              6570.07                     32.4405
6     12     0.2801          90             0.0658235              6771.57                     32.9342
6     12     0.2801          90             0.0686245              6656.08                     32.6522
6     12     0.2801          90             0.0714255              6726.72                     32.825
6     12     0.2801          90             0.0742265              6752.51                     32.8879
6     12     0.2801          90             0.0770275              6692.6                     32.7416
6     12     0.2801          90             0.0798285              6616.2                     32.5542
6     12     0.2801          90             0.0826295              6509.68                     32.2911
6     12     0.2801          90             0.0854305              6288.15                     31.7369
6     12     0.2801          90             0.0882315              6093.85                     31.2427
6     12     0.2801          90             0.0910325              5966.03                     30.9133
6     12     0.2801          90             0.0938335              5703.82                     30.2263
6     12     0.2801          90             0.0966345              5443.21                     29.5277
6     12     0.2801          90             0.0994355              5243.62                     28.9813
6     12     0.2801          90             0.102237              4976.12                     28.2324
6     12     0.2801          90             0.105038              4616.2                     27.1923
6     12     0.2801          90             0.107839              4383.62                     26.4984
6     12     0.2801          90             0.11064              4039.08                     25.4357
6     12     0.2801          90             0.11344              3707.34                     24.3688
6     12     0.2801          90             0.116241              3490.78                     23.6464
6     12     0.2801          90             0.119043              3192.69                     22.6142
6     12     0.2801          90             0.121844              2920.71                     21.6295
6     12     0.2801          90             0.124645              2685.72                     20.7412
6     12     0.2801          90             0.127446              2385.23                     19.5464
6     12     0.2801          90             0.130247              2126.54                     18.4561
6     12     0.2801          90             0.133048              1935.6                     17.608
6     12     0.2801          90             0.135849              1714.88                     16.5737
6     12     0.2801          90             0.13865              1555.5                     15.7848
6     12     0.2801          90             0.141451              1338.14                     14.6404
6     12     0.2801          90             0.144252              1184.04                     13.7717
6     12     0.2801          90             0.147053              1035.4                     12.8782
6     12     0.2801          90             0.149854              873.777                     11.8305
6     12     0.2801          90             0.152654              755.565                     11.0012
6     12     0.2801          90             0.155455              660.418                     10.2852
6     12     0.2801          90             0.158256              564.151                     9.50606
6     12     0.2801          90             0.161057              471.407                     8.68962
6     12     0.2801          90             0.163859              408.937                     8.0934
6     12     0.2801          90             0.16666              336.857                     7.34557
6     12     0.2801          90             0.169461              277.27                     6.6643
6     12     0.2801          90             0.172262              230.658                     6.07837
6     12     0.2801          90             0.175063              194.137                     5.57644
6     12     0.2801          90             0.177864              157.456                     5.02207
6     12     0.2801          90             0.180665              132.788                     4.61193
6     12     0.2801          90             0.183466              110.363                     4.20451
6     12     0.2801          90             0.186267              87.2976                     3.73942
6     12     0.2801          90             0.189067              67.4354                     3.2866
6     12     0.2801          90             0.191868              52.6989                     2.90539
6     12     0.2801          90             0.194669              41.4864                     2.57784
6     12     0.2801          90             0.19747              25.3083                     2.01342
6     12     0.2801          90             0.200272              21.6242                     1.86111
6     12     0.2801          90             0.203073              19.3817                     1.76197
6     12     0.2801          90             0.205874              15.0568                     1.55299
6     12     0.2801          90             0.208675              11.3727                     1.34969
6     12     0.2801          90             0.211476              10.8922                     1.32087
6     12     0.2801          90             0.214277              7.36824                     1.08639
6     12     0.2801          90             0.217078              5.28591                     0.920159
6     12     0.2801          90             0.219879              4.80537                     0.877337
6     12     0.2801          90             0.22268              4.16466                     0.816756
6     12     0.2801          90             0.225481              3.20358                     0.716343
6     12     0.2801          90             0.228281              2.08233                     0.577534
6     12     0.2801          90             0.231082              1.76197                     0.531254
6     12     0.2801          90             0.233883              1.28143                     0.453055
6     12     0.2801          90             0.236685              0.320358                     0.226527
6     12     0.2801          90             0.239486              0.480537                     0.277438
6     12     0.2801          90             0.242287              0.480537                     0.277438
6     12     0.2801          90             0.245088              0.160179                     0.160179
6     12     0.2801          90             0.247889              0                     0
6     12     0.2801          90             0.25069              0                     0
6     12     0.2801          90             0.253491              0                     0
6     12     0.2801          90             0.256292              0                     0
6     12     0.2801          90             0.259093              0                     0
6     12     0.2801          90             0.261894              0                     0
6     12     0.2801          90             0.264695              0                     0
6     12     0.2801          90             0.267496              0                     0
6     12     0.2801          90             0.270297              0                     0
6     12     0.2801          90             0.273098              0                     0
6     12     0.2801          90             0.275899              0                     0
*******************************************************************************************************
 Average mean_angle 1.16049e+08 +- 102180 deg 
 Average E' 258532 +- 227.635 GeV 
