*******************************************************************************************************
Z     A     E(GeV)     Theta(deg)     Energy Loss(GeV)     Sigma(nb/sr/GeV)     ERROR     Citation     
*******************************************************************************************************
6     12     0.48          36             0.0012              0                     0
6     12     0.48          36             0.0036              0                     0
6     12     0.48          36             0.006              0                     0
6     12     0.48          36             0.0084              0                     0
6     12     0.48          36             0.0108              0                     0
6     12     0.48          36             0.0132              0                     0
6     12     0.48          36             0.0156              0                     0
6     12     0.48          36             0.018              0                     0
6     12     0.48          36             0.0204              0                     0
6     12     0.48          36             0.0228              0                     0
6     12     0.48          36             0.0252              0                     0
6     12     0.48          36             0.0276              0                     0
6     12     0.48          36             0.03              0                     0
6     12     0.48          36             0.0324              0                     0
6     12     0.48          36             0.0348              0                     0
6     12     0.48          36             0.0372              0                     0
6     12     0.48          36             0.0396              0                     0
6     12     0.48          36             0.042              0                     0
6     12     0.48          36             0.0444              0                     0
6     12     0.48          36             0.0468              0                     0
6     12     0.48          36             0.0492              0                     0
6     12     0.48          36             0.0516              0                     0
6     12     0.48          36             0.054              0                     0
6     12     0.48          36             0.0564              0                     0
6     12     0.48          36             0.0588              0                     0
6     12     0.48          36             0.0612              0                     0
6     12     0.48          36             0.0636              0                     0
6     12     0.48          36             0.066              0                     0
6     12     0.48          36             0.0684              0                     0
6     12     0.48          36             0.0708              0                     0
6     12     0.48          36             0.0732              0                     0
6     12     0.48          36             0.0756              0                     0
6     12     0.48          36             0.078              0                     0
6     12     0.48          36             0.0804              0                     0
6     12     0.48          36             0.0828              0                     0
6     12     0.48          36             0.0852              0                     0
6     12     0.48          36             0.0876              0                     0
6     12     0.48          36             0.09              0                     0
6     12     0.48          36             0.0924              0                     0
6     12     0.48          36             0.0948              0                     0
6     12     0.48          36             0.0972              0                     0
6     12     0.48          36             0.0996              0                     0
6     12     0.48          36             0.102              0                     0
6     12     0.48          36             0.1044              0                     0
6     12     0.48          36             0.1068              0                     0
6     12     0.48          36             0.1092              0                     0
6     12     0.48          36             0.1116              0                     0
6     12     0.48          36             0.114              0                     0
6     12     0.48          36             0.1164              0                     0
6     12     0.48          36             0.1188              0                     0
6     12     0.48          36             0.1212              0                     0
6     12     0.48          36             0.1236              0                     0
6     12     0.48          36             0.126              0                     0
6     12     0.48          36             0.1284              0                     0
6     12     0.48          36             0.1308              0                     0
6     12     0.48          36             0.1332              0                     0
6     12     0.48          36             0.1356              0                     0
6     12     0.48          36             0.138              0                     0
6     12     0.48          36             0.1404              0                     0
6     12     0.48          36             0.1428              0                     0
6     12     0.48          36             0.1452              0                     0
6     12     0.48          36             0.1476              0                     0
6     12     0.48          36             0.15              0                     0
6     12     0.48          36             0.1524              0                     0
6     12     0.48          36             0.1548              0                     0
6     12     0.48          36             0.1572              0                     0
6     12     0.48          36             0.1596              0                     0
6     12     0.48          36             0.162              0                     0
6     12     0.48          36             0.1644              7.06774                     1.76694
6     12     0.48          36             0.1668              21.645                     3.09214
6     12     0.48          36             0.1692              41.523                     4.28277
6     12     0.48          36             0.1716              64.0514                     5.31918
6     12     0.48          36             0.174              100.715                     6.67004
6     12     0.48          36             0.1764              114.409                     7.10904
6     12     0.48          36             0.1788              172.276                     8.72355
6     12     0.48          36             0.1812              216.891                     9.78817
6     12     0.48          36             0.1836              251.347                     10.537
6     12     0.48          36             0.186              329.534                     12.0651
6     12     0.48          36             0.1884              401.978                     13.3254
6     12     0.48          36             0.1908              435.55                     13.8707
6     12     0.48          36             0.1932              481.932                     14.5906
6     12     0.48          36             0.1956              540.682                     15.4544
6     12     0.48          36             0.198              603.409                     16.3262
6     12     0.48          36             0.2004              673.203                     17.2446
6     12     0.48          36             0.2028              746.972                     18.1649
6     12     0.48          36             0.2052              827.809                     19.1225
6     12     0.48          36             0.2076              859.173                     19.4814
6     12     0.48          36             0.21              904.671                     19.9906
6     12     0.48          36             0.2124              981.533                     20.8225
6     12     0.48          36             0.2148              1047.79                     21.5138
6     12     0.48          36             0.2172              1047.79                     21.5138
6     12     0.48          36             0.2196              1114.05                     22.1837
6     12     0.48          36             0.222              1137.91                     22.4199
6     12     0.48          36             0.2244              1199.75                     23.0211
6     12     0.48          36             0.2268              1237.74                     23.3827
6     12     0.48          36             0.2292              1266.89                     23.6565
6     12     0.48          36             0.2316              1285                     23.825
6     12     0.48          36             0.234              1311.51                     24.0694
6     12     0.48          36             0.2364              1316.81                     24.118
6     12     0.48          36             0.2388              1334.04                     24.2753
6     12     0.48          36             0.2412              1324.76                     24.1907
6     12     0.48          36             0.2436              1402.06                     24.8865
6     12     0.48          36             0.246              1419.73                     25.0428
6     12     0.48          36             0.2484              1395                     24.8237
6     12     0.48          36             0.2508              1482.46                     25.5901
6     12     0.48          36             0.2532              1399.85                     24.8669
6     12     0.48          36             0.2556              1478.04                     25.5519
6     12     0.48          36             0.258              1454.19                     25.3449
6     12     0.48          36             0.2604              1415.32                     25.0039
6     12     0.48          36             0.2628              1479.37                     25.5634
6     12     0.48          36             0.2652              1450.21                     25.3102
6     12     0.48          36             0.2676              1470.97                     25.4908
6     12     0.48          36             0.27              1518.24                     25.8971
6     12     0.48          36             0.2724              1482.46                     25.5901
6     12     0.48          36             0.2748              1485.99                     25.6206
6     12     0.48          36             0.2772              1473.18                     25.5099
6     12     0.48          36             0.2796              1431.66                     25.1478
6     12     0.48          36             0.282              1453.3                     25.3372
6     12     0.48          36             0.2844              1458.61                     25.3834
6     12     0.48          36             0.2868              1385.72                     24.741
6     12     0.48          36             0.2892              1414.43                     24.9961
6     12     0.48          36             0.2916              1382.19                     24.7095
6     12     0.48          36             0.294              1359.66                     24.5073
6     12     0.48          36             0.2964              1298.26                     23.9475
6     12     0.48          36             0.2988              1329.18                     24.231
6     12     0.48          36             0.3012              1319.9                     24.1463
6     12     0.48          36             0.3036              1292.07                     23.8904
6     12     0.48          36             0.306              1289.42                     23.8659
6     12     0.48          36             0.3084              1280.59                     23.784
6     12     0.48          36             0.3108              1263.8                     23.6276
6     12     0.48          36             0.3132              1201.52                     23.038
6     12     0.48          36             0.3156              1265.13                     23.64
6     12     0.48          36             0.318              1208.14                     23.1015
6     12     0.48          36             0.3204              1189.59                     22.9234
6     12     0.48          36             0.3228              1180.75                     22.8381
6     12     0.48          36             0.3252              1129.51                     22.3371
6     12     0.48          36             0.3276              1118.03                     22.2232
6     12     0.48          36             0.33              1101.68                     22.0602
6     12     0.48          36             0.3324              1098.59                     22.0292
6     12     0.48          36             0.3348              1056.63                     21.6044
6     12     0.48          36             0.3372              1077.39                     21.8156
6     12     0.48          36             0.3396              1032.33                     21.3545
6     12     0.48          36             0.342              1003.18                     21.0508
6     12     0.48          36             0.3444              982.416                     20.8319
6     12     0.48          36             0.3468              948.845                     20.4728
6     12     0.48          36             0.3492              964.305                     20.639
6     12     0.48          36             0.3516              933.826                     20.3102
6     12     0.48          36             0.354              925.433                     20.2187
6     12     0.48          36             0.3564              909.088                     20.0393
6     12     0.48          36             0.3588              879.051                     19.7055
6     12     0.48          36             0.3612              888.327                     19.8092
6     12     0.48          36             0.3636              791.587                     18.6995
6     12     0.48          36             0.366              677.178                     17.2954
6     12     0.48          36             0.3684              526.105                     15.2446
6     12     0.48          36             0.3708              401.978                     13.3254
6     12     0.48          36             0.3732              281.385                     11.1489
6     12     0.48          36             0.3756              180.227                     8.92259
6     12     0.48          36             0.378              60.5176                     5.17036
6     12     0.48          36             0.3804              0                     0
6     12     0.48          36             0.3828              0                     0
6     12     0.48          36             0.3852              0                     0
6     12     0.48          36             0.3876              0                     0
6     12     0.48          36             0.39              0                     0
6     12     0.48          36             0.3924              0                     0
6     12     0.48          36             0.3948              0                     0
6     12     0.48          36             0.3972              0                     0
6     12     0.48          36             0.3996              0                     0
6     12     0.48          36             0.402              0                     0
6     12     0.48          36             0.4044              0                     0
6     12     0.48          36             0.4068              0                     0
6     12     0.48          36             0.4092              0                     0
6     12     0.48          36             0.4116              0                     0
6     12     0.48          36             0.414              0                     0
6     12     0.48          36             0.4164              0                     0
6     12     0.48          36             0.4188              0                     0
6     12     0.48          36             0.4212              0                     0
6     12     0.48          36             0.4236              0                     0
6     12     0.48          36             0.426              0                     0
6     12     0.48          36             0.4284              0                     0
6     12     0.48          36             0.4308              0                     0
6     12     0.48          36             0.4332              0                     0
6     12     0.48          36             0.4356              0                     0
6     12     0.48          36             0.438              0                     0
6     12     0.48          36             0.4404              0                     0
6     12     0.48          36             0.4428              0                     0
6     12     0.48          36             0.4452              0                     0
6     12     0.48          36             0.4476              0                     0
6     12     0.48          36             0.45              0                     0
6     12     0.48          36             0.4524              0                     0
6     12     0.48          36             0.4548              0                     0
6     12     0.48          36             0.4572              0                     0
6     12     0.48          36             0.4596              0                     0
6     12     0.48          36             0.462              0                     0
6     12     0.48          36             0.4644              0                     0
6     12     0.48          36             0.4668              0                     0
6     12     0.48          36             0.4692              0                     0
6     12     0.48          36             0.4716              0                     0
6     12     0.48          36             0.474              0                     0
6     12     0.48          36             0.4764              0                     0
*******************************************************************************************************
 Average mean_angle 7.26387e+06 +- 16166.5 deg 
 Average E' 40642.1 +- 90.4534 GeV 
