*******************************************************************************************************
Z     A     E(GeV)     Theta(deg)     Energy Loss(GeV)     Sigma(nb/sr/GeV)     ERROR     Citation     
*******************************************************************************************************
6     12     1.204          16.01             0.00602              41260.9                     548.782
6     12     1.204          16.01             0.01806              133483                     987.059
6     12     1.204          16.01             0.0301              214027                     1249.87
6     12     1.204          16.01             0.04214              288148                     1450.23
6     12     1.204          16.01             0.05418              325095                     1540.41
6     12     1.204          16.01             0.06622              330701                     1553.63
6     12     1.204          16.01             0.07826              307417                     1497.94
6     12     1.204          16.01             0.0903              268930                     1401.04
6     12     1.204          16.01             0.10234              224121                     1279
6     12     1.204          16.01             0.11438              179561                     1144.82
6     12     1.204          16.01             0.12642              138067                     1003.86
6     12     1.204          16.01             0.13846              103769                     870.29
6     12     1.204          16.01             0.1505              73179.2                     730.843
6     12     1.204          16.01             0.16254              51406.5                     612.546
6     12     1.204          16.01             0.17458              36232                     514.252
6     12     1.204          16.01             0.18662              24816.4                     425.598
6     12     1.204          16.01             0.19866              16656.2                     348.673
6     12     1.204          16.01             0.2107              11408.3                     288.562
6     12     1.204          16.01             0.22274              8072.63                     242.738
6     12     1.204          16.01             0.23478              6007.03                     209.392
6     12     1.204          16.01             0.24682              4065.51                     172.261
6     12     1.204          16.01             0.25886              2751.7                     141.72
6     12     1.204          16.01             0.2709              1846.63                     116.097
6     12     1.204          16.01             0.28294              1394.1                     100.873
6     12     1.204          16.01             0.29498              846.678                     78.6121
6     12     1.204          16.01             0.30702              605.813                     66.4966
6     12     1.204          16.01             0.31906              437.937                     56.5374
6     12     1.204          16.01             0.3311              313.855                     47.8624
6     12     1.204          16.01             0.34314              240.865                     41.9293
6     12     1.204          16.01             0.35518              153.278                     33.448
6     12     1.204          16.01             0.36722              167.876                     35.0045
6     12     1.204          16.01             0.37926              102.185                     27.3102
6     12     1.204          16.01             0.3913              29.1958                     14.5979
6     12     1.204          16.01             0.40334              21.8968                     12.6421
6     12     1.204          16.01             0.41538              21.8968                     12.6421
6     12     1.204          16.01             0.42742              29.1958                     14.5979
6     12     1.204          16.01             0.43946              7.29895                     7.29895
6     12     1.204          16.01             0.4515              14.5979                     10.3223
6     12     1.204          16.01             0.46354              21.8968                     12.6421
6     12     1.204          16.01             0.47558              7.29895                     7.29895
6     12     1.204          16.01             0.48762              7.29895                     7.29895
6     12     1.204          16.01             0.49966              0                     0
6     12     1.204          16.01             0.5117              0                     0
6     12     1.204          16.01             0.52374              0                     0
6     12     1.204          16.01             0.53578              0                     0
6     12     1.204          16.01             0.54782              7.29895                     7.29895
6     12     1.204          16.01             0.55986              0                     0
6     12     1.204          16.01             0.5719              0                     0
6     12     1.204          16.01             0.58394              0                     0
6     12     1.204          16.01             0.59598              0                     0
6     12     1.204          16.01             0.60802              0                     0
6     12     1.204          16.01             0.62006              0                     0
6     12     1.204          16.01             0.6321              0                     0
6     12     1.204          16.01             0.64414              0                     0
6     12     1.204          16.01             0.65618              0                     0
6     12     1.204          16.01             0.66822              0                     0
6     12     1.204          16.01             0.68026              0                     0
6     12     1.204          16.01             0.6923              0                     0
6     12     1.204          16.01             0.70434              0                     0
6     12     1.204          16.01             0.71638              0                     0
6     12     1.204          16.01             0.72842              0                     0
6     12     1.204          16.01             0.74046              0                     0
6     12     1.204          16.01             0.7525              0                     0
6     12     1.204          16.01             0.76454              0                     0
6     12     1.204          16.01             0.77658              0                     0
6     12     1.204          16.01             0.78862              0                     0
6     12     1.204          16.01             0.80066              0                     0
6     12     1.204          16.01             0.8127              0                     0
6     12     1.204          16.01             0.82474              0                     0
6     12     1.204          16.01             0.83678              0                     0
6     12     1.204          16.01             0.84882              0                     0
6     12     1.204          16.01             0.86086              0                     0
6     12     1.204          16.01             0.8729              0                     0
6     12     1.204          16.01             0.88494              0                     0
6     12     1.204          16.01             0.89698              0                     0
6     12     1.204          16.01             0.90902              0                     0
6     12     1.204          16.01             0.92106              0                     0
6     12     1.204          16.01             0.9331              0                     0
6     12     1.204          16.01             0.94514              0                     0
6     12     1.204          16.01             0.95718              0                     0
6     12     1.204          16.01             0.96922              0                     0
6     12     1.204          16.01             0.98126              0                     0
6     12     1.204          16.01             0.9933              0                     0
6     12     1.204          16.01             1.00534              0                     0
6     12     1.204          16.01             1.01738              0                     0
6     12     1.204          16.01             1.02942              0                     0
6     12     1.204          16.01             1.04146              0                     0
6     12     1.204          16.01             1.0535              0                     0
6     12     1.204          16.01             1.06554              0                     0
6     12     1.204          16.01             1.07758              0                     0
6     12     1.204          16.01             1.08962              0                     0
6     12     1.204          16.01             1.10166              0                     0
6     12     1.204          16.01             1.1137              0                     0
6     12     1.204          16.01             1.12574              0                     0
6     12     1.204          16.01             1.13778              0                     0
6     12     1.204          16.01             1.14982              0                     0
6     12     1.204          16.01             1.16186              0                     0
6     12     1.204          16.01             1.1739              0                     0
6     12     1.204          16.01             1.18594              0                     0
*******************************************************************************************************
 Average mean_angle 6.07363e+06 +- 9814.15 deg 
 Average E' 429989 +- 694.802 GeV 
