*******************************************************************************************************
Z     A     E(GeV)     Theta(deg)     Energy Loss(GeV)     Sigma(nb/sr/GeV)     ERROR     Citation     
*******************************************************************************************************
6     12     0.62          60             0.0031              0                     0
6     12     0.62          60             0.0093              0                     0
6     12     0.62          60             0.0155              0.127717                     0.127717
6     12     0.62          60             0.0217              0.255434                     0.180619
6     12     0.62          60             0.0279              1.02174                     0.361239
6     12     0.62          60             0.0341              2.04347                     0.510868
6     12     0.62          60             0.0403              2.93749                     0.61251
6     12     0.62          60             0.0465              5.87499                     0.866219
6     12     0.62          60             0.0527              10.6005                     1.16356
6     12     0.62          60             0.0589              11.75                     1.22502
6     12     0.62          60             0.0651              15.5815                     1.41068
6     12     0.62          60             0.0713              20.307                     1.61045
6     12     0.62          60             0.0775              23.2445                     1.723
6     12     0.62          60             0.0837              33.4619                     2.06728
6     12     0.62          60             0.0899              38.4428                     2.21581
6     12     0.62          60             0.0961              50.0651                     2.52867
6     12     0.62          60             0.1023              60.027                     2.76884
6     12     0.62          60             0.1085              67.8178                     2.94304
6     12     0.62          60             0.1147              78.2906                     3.16213
6     12     0.62          60             0.1209              92.8503                     3.44363
6     12     0.62          60             0.1271              102.94                     3.62591
6     12     0.62          60             0.1333              110.092                     3.74975
6     12     0.62          60             0.1395              126.44                     4.01852
6     12     0.62          60             0.1457              150.578                     4.38537
6     12     0.62          60             0.1519              148.407                     4.35364
6     12     0.62          60             0.1581              168.331                     4.63668
6     12     0.62          60             0.1643              192.214                     4.9547
6     12     0.62          60             0.1705              200.26                     5.05734
6     12     0.62          60             0.1767              230.146                     5.42159
6     12     0.62          60             0.1829              244.706                     5.59045
6     12     0.62          60             0.1891              265.141                     5.81919
6     12     0.62          60             0.1953              277.018                     5.94811
6     12     0.62          60             0.2015              302.179                     6.21236
6     12     0.62          60             0.2077              326.828                     6.46077
6     12     0.62          60             0.2139              356.203                     6.74487
6     12     0.62          60             0.2201              386.6                     7.02676
6     12     0.62          60             0.2263              420.317                     7.32678
6     12     0.62          60             0.2325              459.526                     7.6609
6     12     0.62          60             0.2387              490.689                     7.9164
6     12     0.62          60             0.2449              522.874                     8.1719
6     12     0.62          60             0.2511              543.947                     8.33495
6     12     0.62          60             0.2573              609.594                     8.82358
6     12     0.62          60             0.2635              645.354                     9.0787
6     12     0.62          60             0.2697              674.985                     9.28478
6     12     0.62          60             0.2759              716.621                     9.56685
6     12     0.62          60             0.2821              737.566                     9.70566
6     12     0.62          60             0.2883              767.452                     9.90034
6     12     0.62          60             0.2945              769.879                     9.91598
6     12     0.62          60             0.3007              808.194                     10.1597
6     12     0.62          60             0.3069              809.982                     10.171
6     12     0.62          60             0.3131              825.052                     10.2651
6     12     0.62          60             0.3193              793.379                     10.0662
6     12     0.62          60             0.3255              805.001                     10.1396
6     12     0.62          60             0.3317              791.846                     10.0565
6     12     0.62          60             0.3379              743.314                     9.7434
6     12     0.62          60             0.3441              729.265                     9.65088
6     12     0.62          60             0.3503              702.061                     9.46917
6     12     0.62          60             0.3565              681.882                     9.33209
6     12     0.62          60             0.3627              619.556                     8.89538
6     12     0.62          60             0.3689              596.694                     8.72972
6     12     0.62          60             0.3751              556.847                     8.4332
6     12     0.62          60             0.3813              498.735                     7.98104
6     12     0.62          60             0.3875              473.064                     7.77293
6     12     0.62          60             0.3937              429.513                     7.40649
6     12     0.62          60             0.3999              388.388                     7.04299
6     12     0.62          60             0.4061              353.521                     6.71942
6     12     0.62          60             0.4123              328.744                     6.47968
6     12     0.62          60             0.4185              292.983                     6.1171
6     12     0.62          60             0.4247              273.187                     5.90683
6     12     0.62          60             0.4309              248.793                     5.63694
6     12     0.62          60             0.4371              231.423                     5.43661
6     12     0.62          60             0.4433              213.671                     5.22393
6     12     0.62          60             0.4495              217.885                     5.2752
6     12     0.62          60             0.4557              218.907                     5.28755
6     12     0.62          60             0.4619              209.201                     5.16899
6     12     0.62          60             0.4681              222.1                     5.32597
6     12     0.62          60             0.4743              214.948                     5.23952
6     12     0.62          60             0.4805              212.394                     5.20829
6     12     0.62          60             0.4867              215.331                     5.24418
6     12     0.62          60             0.4929              221.845                     5.32291
6     12     0.62          60             0.4991              222.994                     5.33668
6     12     0.62          60             0.5053              220.312                     5.30449
6     12     0.62          60             0.5115              233.85                     5.46504
6     12     0.62          60             0.5177              221.078                     5.31371
6     12     0.62          60             0.5239              224.654                     5.35651
6     12     0.62          60             0.5301              231.551                     5.43811
6     12     0.62          60             0.5363              231.934                     5.44261
6     12     0.62          60             0.5425              222.739                     5.33362
6     12     0.62          60             0.5487              158.114                     4.49375
6     12     0.62          60             0.5549              43.6792                     2.3619
6     12     0.62          60             0.5611              4.08695                     0.722477
6     12     0.62          60             0.5673              0.127717                     0.127717
6     12     0.62          60             0.5735              0                     0
6     12     0.62          60             0.5797              0                     0
6     12     0.62          60             0.5859              0                     0
6     12     0.62          60             0.5921              0                     0
6     12     0.62          60             0.5983              0                     0
6     12     0.62          60             0.6045              0                     0
6     12     0.62          60             0.6107              0                     0
*******************************************************************************************************
 Average mean_angle 1.33361e+07 +- 28278.9 deg 
 Average E' 65676.2 +- 139.264 GeV 
