*******************************************************************************************************
Z     A     E(GeV)     Theta(deg)     Energy Loss(GeV)     Sigma(nb/sr/GeV)     ERROR     Citation     
*******************************************************************************************************
6     12     1.108          37.5             0.00554              0                     0
6     12     1.108          37.5             0.01662              0.141794                     0.141794
6     12     1.108          37.5             0.0277              1.98512                     0.530546
6     12     1.108          37.5             0.03878              11.3435                     1.26825
6     12     1.108          37.5             0.04986              27.5081                     1.97497
6     12     1.108          37.5             0.06094              50.7624                     2.68288
6     12     1.108          37.5             0.07202              79.8302                     3.36444
6     12     1.108          37.5             0.0831              145.056                     4.5352
6     12     1.108          37.5             0.09418              237.506                     5.80318
6     12     1.108          37.5             0.10526              381.285                     7.35283
6     12     1.108          37.5             0.11634              589.723                     9.14436
6     12     1.108          37.5             0.12742              859.841                     11.0418
6     12     1.108          37.5             0.1385              1194.9                     13.0165
6     12     1.108          37.5             0.14958              1574.77                     14.943
6     12     1.108          37.5             0.16066              2019.86                     16.9235
6     12     1.108          37.5             0.17174              2420.15                     18.5247
6     12     1.108          37.5             0.18282              2847.94                     20.0953
6     12     1.108          37.5             0.1939              3231.78                     21.4067
6     12     1.108          37.5             0.20498              3537.49                     22.3963
6     12     1.108          37.5             0.21606              3777.83                     23.1446
6     12     1.108          37.5             0.22714              3897.93                     23.5097
6     12     1.108          37.5             0.23822              3970.95                     23.7289
6     12     1.108          37.5             0.2493              3988.25                     23.7805
6     12     1.108          37.5             0.26038              3884.17                     23.4681
6     12     1.108          37.5             0.27146              3765.77                     23.1077
6     12     1.108          37.5             0.28254              3568.54                     22.4944
6     12     1.108          37.5             0.29362              3349.47                     21.793
6     12     1.108          37.5             0.3047              3130.11                     21.0673
6     12     1.108          37.5             0.31578              2961.94                     20.4936
6     12     1.108          37.5             0.32686              2773.21                     19.8299
6     12     1.108          37.5             0.33794              2581.22                     19.1312
6     12     1.108          37.5             0.34902              2359.17                     18.2898
6     12     1.108          37.5             0.3601              2283.88                     17.9956
6     12     1.108          37.5             0.37118              2167.89                     17.5327
6     12     1.108          37.5             0.38226              2132.59                     17.3893
6     12     1.108          37.5             0.39334              2138.54                     17.4136
6     12     1.108          37.5             0.40442              2178.1                     17.5739
6     12     1.108          37.5             0.4155              2237.8                     17.8131
6     12     1.108          37.5             0.42658              2353.64                     18.2684
6     12     1.108          37.5             0.43766              2453.75                     18.6528
6     12     1.108          37.5             0.44874              2593.14                     19.1753
6     12     1.108          37.5             0.45982              2682.32                     19.5023
6     12     1.108          37.5             0.4709              2784.84                     19.8715
6     12     1.108          37.5             0.48198              2884.38                     20.2235
6     12     1.108          37.5             0.49306              2942.09                     20.4248
6     12     1.108          37.5             0.50414              2957.12                     20.4769
6     12     1.108          37.5             0.51522              2988.88                     20.5866
6     12     1.108          37.5             0.5263              2913.87                     20.3266
6     12     1.108          37.5             0.53738              2844.11                     20.0818
6     12     1.108          37.5             0.54846              2830.78                     20.0347
6     12     1.108          37.5             0.55954              2717.63                     19.6302
6     12     1.108          37.5             0.57062              2677.08                     19.4832
6     12     1.108          37.5             0.5817              2571.3                     19.0944
6     12     1.108          37.5             0.59278              2514.86                     18.8837
6     12     1.108          37.5             0.60386              2486.65                     18.7774
6     12     1.108          37.5             0.61494              2341.02                     18.2193
6     12     1.108          37.5             0.62602              2257.79                     17.8925
6     12     1.108          37.5             0.6371              2217.24                     17.7311
6     12     1.108          37.5             0.64818              2154                     17.4764
6     12     1.108          37.5             0.65926              2066.94                     17.1196
6     12     1.108          37.5             0.67034              2037.87                     16.9988
6     12     1.108          37.5             0.68142              2057.58                     17.0808
6     12     1.108          37.5             0.6925              2016.74                     16.9104
6     12     1.108          37.5             0.70358              2020.14                     16.9247
6     12     1.108          37.5             0.71466              2031.91                     16.9739
6     12     1.108          37.5             0.72574              2034.61                     16.9852
6     12     1.108          37.5             0.73682              2099.69                     17.2547
6     12     1.108          37.5             0.7479              2118.83                     17.3332
6     12     1.108          37.5             0.75898              2188.45                     17.6156
6     12     1.108          37.5             0.77006              2223.62                     17.7566
6     12     1.108          37.5             0.78114              2273.96                     17.9565
6     12     1.108          37.5             0.79222              2346.84                     18.2419
6     12     1.108          37.5             0.8033              2391.08                     18.4131
6     12     1.108          37.5             0.81438              2440.42                     18.6021
6     12     1.108          37.5             0.82546              2467.93                     18.7066
6     12     1.108          37.5             0.83654              2530.04                     18.9406
6     12     1.108          37.5             0.84762              2586.33                     19.1501
6     12     1.108          37.5             0.8587              2607.03                     19.2266
6     12     1.108          37.5             0.86978              2628.58                     19.3059
6     12     1.108          37.5             0.88086              2613.7                     19.2512
6     12     1.108          37.5             0.89194              2652.69                     19.3942
6     12     1.108          37.5             0.90302              2695.79                     19.5512
6     12     1.108          37.5             0.9141              2652.26                     19.3927
6     12     1.108          37.5             0.92518              2692.82                     19.5404
6     12     1.108          37.5             0.93626              2679.35                     19.4914
6     12     1.108          37.5             0.94734              2602.49                     19.2099
6     12     1.108          37.5             0.95842              2550.17                     19.0158
6     12     1.108          37.5             0.9695              2500.54                     18.8298
6     12     1.108          37.5             0.98058              2500.12                     18.8282
6     12     1.108          37.5             0.99166              2462.26                     18.6851
6     12     1.108          37.5             1.00274              2469.63                     18.7131
6     12     1.108          37.5             1.01382              2433.05                     18.574
6     12     1.108          37.5             1.0249              2429.93                     18.5621
6     12     1.108          37.5             1.03598              2383.7                     18.3847
6     12     1.108          37.5             1.04706              2358.18                     18.286
6     12     1.108          37.5             1.05814              2180.23                     17.5825
6     12     1.108          37.5             1.06922              228.998                     5.6983
6     12     1.108          37.5             1.0803              0                     0
6     12     1.108          37.5             1.09138              0                     0
*******************************************************************************************************
 Average angle 37.4367 +- 0.0300699 deg 
 Average E' 0.532534 +- 0.000427742 GeV 
