*******************************************************************************************************
Z     A     E(GeV)     Theta(deg)     Energy Loss(GeV)     Sigma(nb/sr/GeV)     ERROR     Citation     
*******************************************************************************************************
6     12     0.1999          145             0.0009995              12.7469                     1.90019
6     12     0.1999          145             0.0029985              39.9402                     3.36357
6     12     0.1999          145             0.0049975              71.0992                     4.48774
6     12     0.1999          145             0.0069965              176.473                     7.07026
6     12     0.1999          145             0.0089955              278.165                     8.87661
6     12     0.1999          145             0.0109945              412.999                     10.8161
6     12     0.1999          145             0.0129935              537.352                     12.3374
6     12     0.1999          145             0.0149925              663.404                     13.7083
6     12     0.1999          145             0.0169915              754.615                     14.6204
6     12     0.1999          145             0.0189905              903.328                     15.9963
6     12     0.1999          145             0.0209895              1021.17                     17.0076
6     12     0.1999          145             0.0229885              1160.82                     18.1333
6     12     0.1999          145             0.0249875              1302.73                     19.2098
6     12     0.1999          145             0.0269865              1442.38                     20.2132
6     12     0.1999          145             0.0289855              1552.85                     20.973
6     12     0.1999          145             0.0309845              1729.04                     22.1309
6     12     0.1999          145             0.0329835              1926.48                     23.3603
6     12     0.1999          145             0.0349825              2059.33                     24.1523
6     12     0.1999          145             0.0369815              2309.73                     25.5786
6     12     0.1999          145             0.0389805              2388.76                     26.0125
6     12     0.1999          145             0.0409795              2542.29                     26.8354
6     12     0.1999          145             0.0429785              2641.72                     27.3551
6     12     0.1999          145             0.0449775              2798.36                     28.1545
6     12     0.1999          145             0.0469765              2874.84                     28.5366
6     12     0.1999          145             0.0489755              2935.18                     28.8345
6     12     0.1999          145             0.0509745              3109.1                     29.6765
6     12     0.1999          145             0.0529735              3124.4                     29.7494
6     12     0.1999          145             0.0549725              3150.18                     29.8719
6     12     0.1999          145             0.0569715              3160.66                     29.9216
6     12     0.1999          145             0.0589705              3299.17                     30.5702
6     12     0.1999          145             0.0609695              3253                     30.3555
6     12     0.1999          145             0.0629685              3222.98                     30.2151
6     12     0.1999          145             0.0649675              3190.97                     30.0647
6     12     0.1999          145             0.0669665              3194.37                     30.0807
6     12     0.1999          145             0.0689655              3141.4                     29.8303
6     12     0.1999          145             0.0709645              3104.01                     29.6522
6     12     0.1999          145             0.0729635              3000.9                     29.1555
6     12     0.1999          145             0.0749625              2932.35                     28.8206
6     12     0.1999          145             0.0769615              2871.45                     28.5198
6     12     0.1999          145             0.0789605              2725.85                     27.7873
6     12     0.1999          145             0.0809595              2668.91                     27.4956
6     12     0.1999          145             0.0829585              2568.64                     26.9741
6     12     0.1999          145             0.0849575              2502.35                     26.6238
6     12     0.1999          145             0.0869565              2349.96                     25.8003
6     12     0.1999          145             0.0889555              2222.49                     25.0908
6     12     0.1999          145             0.0909545              2087.37                     24.3162
6     12     0.1999          145             0.0929535              2038.65                     24.0307
6     12     0.1999          145             0.0949525              1860.48                     22.9566
6     12     0.1999          145             0.0969515              1769.27                     22.3868
6     12     0.1999          145             0.0989505              1591.38                     21.2316
6     12     0.1999          145             0.100949              1513.48                     20.7054
6     12     0.1999          145             0.102948              1421.7                     20.0678
6     12     0.1999          145             0.104947              1287.43                     19.0967
6     12     0.1999          145             0.106946              1187.73                     18.3423
6     12     0.1999          145             0.108946              1074.14                     17.4432
6     12     0.1999          145             0.110945              950.917                     16.4122
6     12     0.1999          145             0.112943              856.023                     15.5718
6     12     0.1999          145             0.114942              764.812                     14.7188
6     12     0.1999          145             0.116941              696.546                     14.0466
6     12     0.1999          145             0.11894              622.897                     13.2832
6     12     0.1999          145             0.120939              533.669                     12.2951
6     12     0.1999          145             0.122938              469.085                     11.5271
6     12     0.1999          145             0.124937              389.488                     10.5037
6     12     0.1999          145             0.126936              368.526                     10.2172
6     12     0.1999          145             0.128935              286.946                     9.01563
6     12     0.1999          145             0.130934              252.388                     8.45532
6     12     0.1999          145             0.132933              207.066                     7.65861
6     12     0.1999          145             0.134932              191.203                     7.35941
6     12     0.1999          145             0.136931              158.628                     6.70325
6     12     0.1999          145             0.13893              126.619                     5.98887
6     12     0.1999          145             0.140929              105.941                     5.47806
6     12     0.1999          145             0.142928              76.4812                     4.6545
6     12     0.1999          145             0.144927              64.3009                     4.2678
6     12     0.1999          145             0.146926              45.6055                     3.59422
6     12     0.1999          145             0.148925              32.5753                     3.03767
6     12     0.1999          145             0.150924              27.4766                     2.78983
6     12     0.1999          145             0.152923              19.8285                     2.36996
6     12     0.1999          145             0.154922              18.4122                     2.28375
6     12     0.1999          145             0.156921              10.4808                     1.72303
6     12     0.1999          145             0.15892              12.1803                     1.85749
6     12     0.1999          145             0.160919              7.93139                     1.49889
6     12     0.1999          145             0.162918              6.23181                     1.32863
6     12     0.1999          145             0.164917              6.51507                     1.35849
6     12     0.1999          145             0.166916              4.53222                     1.13306
6     12     0.1999          145             0.168915              4.24896                     1.09708
6     12     0.1999          145             0.170914              0.849792                     0.490627
6     12     0.1999          145             0.172913              0                     0
6     12     0.1999          145             0.174912              0                     0
6     12     0.1999          145             0.176911              0                     0
6     12     0.1999          145             0.17891              0                     0
6     12     0.1999          145             0.180909              0                     0
6     12     0.1999          145             0.182908              0                     0
6     12     0.1999          145             0.184907              0                     0
6     12     0.1999          145             0.186906              0                     0
6     12     0.1999          145             0.188905              0                     0
6     12     0.1999          145             0.190904              0                     0
6     12     0.1999          145             0.192903              0                     0
6     12     0.1999          145             0.194902              0                     0
6     12     0.1999          145             0.196901              0                     0
*******************************************************************************************************
 Average mean_angle 5.96115e+07 +- 92961.2 deg 
 Average E' 54963.5 +- 85.7129 GeV 
