*******************************************************************************************************
Z     A     E(GeV)     Theta(deg)     Energy Loss(GeV)     Sigma(nb/sr/GeV)     ERROR     Citation     
*******************************************************************************************************
6     12     4.074          49.98             0.02037              0                     0
6     12     4.074          49.98             0.06111              0                     0
6     12     4.074          49.98             0.10185              0                     0
6     12     4.074          49.98             0.14259              0                     0
6     12     4.074          49.98             0.18333              0                     0
6     12     4.074          49.98             0.22407              0                     0
6     12     4.074          49.98             0.26481              0                     0
6     12     4.074          49.98             0.30555              0                     0
6     12     4.074          49.98             0.34629              0                     0
6     12     4.074          49.98             0.38703              0                     0
6     12     4.074          49.98             0.42777              0                     0
6     12     4.074          49.98             0.46851              0                     0
6     12     4.074          49.98             0.50925              0                     0
6     12     4.074          49.98             0.54999              0                     0
6     12     4.074          49.98             0.59073              0                     0
6     12     4.074          49.98             0.63147              0                     0
6     12     4.074          49.98             0.67221              0                     0
6     12     4.074          49.98             0.71295              0                     0
6     12     4.074          49.98             0.75369              0                     0
6     12     4.074          49.98             0.79443              0                     0
6     12     4.074          49.98             0.83517              0                     0
6     12     4.074          49.98             0.87591              0                     0
6     12     4.074          49.98             0.91665              0                     0
6     12     4.074          49.98             0.95739              0                     0
6     12     4.074          49.98             0.99813              0                     0
6     12     4.074          49.98             1.03887              0                     0
6     12     4.074          49.98             1.07961              0                     0
6     12     4.074          49.98             1.12035              0                     0
6     12     4.074          49.98             1.16109              0                     0
6     12     4.074          49.98             1.20183              0                     0
6     12     4.074          49.98             1.24257              0                     0
6     12     4.074          49.98             1.28331              0                     0
6     12     4.074          49.98             1.32405              0                     0
6     12     4.074          49.98             1.36479              0                     0
6     12     4.074          49.98             1.40553              0                     0
6     12     4.074          49.98             1.44627              0                     0
6     12     4.074          49.98             1.48701              0                     0
6     12     4.074          49.98             1.52775              0                     0
6     12     4.074          49.98             1.56849              0                     0
6     12     4.074          49.98             1.60923              0                     0
6     12     4.074          49.98             1.64997              0                     0
6     12     4.074          49.98             1.69071              0                     0
6     12     4.074          49.98             1.73145              0                     0
6     12     4.074          49.98             1.77219              0                     0
6     12     4.074          49.98             1.81293              0                     0
6     12     4.074          49.98             1.85367              0                     0
6     12     4.074          49.98             1.89441              0                     0
6     12     4.074          49.98             1.93515              0                     0
6     12     4.074          49.98             1.97589              0                     0
6     12     4.074          49.98             2.01663              0                     0
6     12     4.074          49.98             2.05737              0                     0
6     12     4.074          49.98             2.09811              0                     0
6     12     4.074          49.98             2.13885              0                     0
6     12     4.074          49.98             2.17959              0                     0
6     12     4.074          49.98             2.22033              0                     0
6     12     4.074          49.98             2.26107              0                     0
6     12     4.074          49.98             2.30181              0                     0
6     12     4.074          49.98             2.34255              0.037093                     0.037093
6     12     4.074          49.98             2.38329              0.111279                     0.064247
6     12     4.074          49.98             2.42403              0.074186                     0.0524575
6     12     4.074          49.98             2.46477              0.111279                     0.064247
6     12     4.074          49.98             2.50551              0.482209                     0.133741
6     12     4.074          49.98             2.54625              1.44663                     0.231646
6     12     4.074          49.98             2.58699              1.40953                     0.228657
6     12     4.074          49.98             2.62773              2.29977                     0.292071
6     12     4.074          49.98             2.66847              3.04163                     0.335892
6     12     4.074          49.98             2.70921              3.56093                     0.363436
6     12     4.074          49.98             2.74995              3.89477                     0.38009
6     12     4.074          49.98             2.79069              6.12035                     0.476469
6     12     4.074          49.98             2.83143              6.78802                     0.501785
6     12     4.074          49.98             2.87217              7.4186                     0.524575
6     12     4.074          49.98             2.91291              8.30884                     0.555158
6     12     4.074          49.98             2.95365              9.53291                     0.594646
6     12     4.074          49.98             2.99439              11.4247                     0.65098
6     12     4.074          49.98             3.03513              11.2392                     0.645674
6     12     4.074          49.98             3.07587              11.7956                     0.661463
6     12     4.074          49.98             3.11661              14.0212                     0.721171
6     12     4.074          49.98             3.15735              15.9871                     0.770071
6     12     4.074          49.98             3.19809              17.2483                     0.799869
6     12     4.074          49.98             3.23883              17.2112                     0.799008
6     12     4.074          49.98             3.27957              21.9591                     0.902512
6     12     4.074          49.98             3.32031              23.3686                     0.931027
6     12     4.074          49.98             3.36105              25.6313                     0.97506
6     12     4.074          49.98             3.40179              27.6714                     1.01312
6     12     4.074          49.98             3.44253              30.3792                     1.06153
6     12     4.074          49.98             3.48327              32.7531                     1.10223
6     12     4.074          49.98             3.52401              36.6479                     1.16593
6     12     4.074          49.98             3.56475              37.6865                     1.18233
6     12     4.074          49.98             3.60549              42.4715                     1.25515
6     12     4.074          49.98             3.64623              44.4745                     1.2844
6     12     4.074          49.98             3.68697              48.2951                     1.33844
6     12     4.074          49.98             3.72771              50.261                     1.36541
6     12     4.074          49.98             3.76845              55.3428                     1.43277
6     12     4.074          49.98             3.80919              55.4912                     1.43469
6     12     4.074          49.98             3.84993              61.797                     1.51401
6     12     4.074          49.98             3.89067              63.1323                     1.53028
6     12     4.074          49.98             3.93141              70.6622                     1.61897
6     12     4.074          49.98             3.97215              68.2883                     1.59155
6     12     4.074          49.98             4.01289              61.389                     1.50901
*******************************************************************************************************
 Average angle 49.9353 +- 0.298421 deg 
 Average E' 0.448107 +- 0.00267795 GeV 
