*******************************************************************************************************
Z     A     E(GeV)     Theta(deg)     Energy Loss(GeV)     Sigma(nb/sr/GeV)     ERROR     Citation     
*******************************************************************************************************
6     12     0.4          145             0.002              0                     0
6     12     0.4          145             0.006              0                     0
6     12     0.4          145             0.01              0                     0
6     12     0.4          145             0.014              0                     0
6     12     0.4          145             0.018              0                     0
6     12     0.4          145             0.022              0                     0
6     12     0.4          145             0.026              0.248541                     0.248541
6     12     0.4          145             0.03              0                     0
6     12     0.4          145             0.034              0.248541                     0.248541
6     12     0.4          145             0.038              2.23687                     0.745622
6     12     0.4          145             0.042              1.49124                     0.608798
6     12     0.4          145             0.046              0.745622                     0.430485
6     12     0.4          145             0.05              1.2427                     0.555754
6     12     0.4          145             0.054              3.47957                     0.929954
6     12     0.4          145             0.058              4.22519                     1.02476
6     12     0.4          145             0.062              4.22519                     1.02476
6     12     0.4          145             0.066              4.22519                     1.02476
6     12     0.4          145             0.07              7.9533                     1.40596
6     12     0.4          145             0.074              11.6814                     1.70391
6     12     0.4          145             0.078              12.9241                     1.79225
6     12     0.4          145             0.082              15.161                     1.94117
6     12     0.4          145             0.086              18.8891                     2.16673
6     12     0.4          145             0.09              28.8307                     2.67687
6     12     0.4          145             0.094              31.0676                     2.77877
6     12     0.4          145             0.098              46.2286                     3.38964
6     12     0.4          145             0.102              54.4304                     3.67807
6     12     0.4          145             0.106              66.6089                     4.06879
6     12     0.4          145             0.11              86.9893                     4.64977
6     12     0.4          145             0.114              90.9659                     4.75486
6     12     0.4          145             0.118              125.265                     5.57973
6     12     0.4          145             0.122              144.154                     5.98565
6     12     0.4          145             0.126              164.782                     6.39962
6     12     0.4          145             0.13              212.254                     7.26317
6     12     0.4          145             0.134              233.877                     7.62417
6     12     0.4          145             0.138              267.181                     8.14895
6     12     0.4          145             0.142              278.614                     8.32148
6     12     0.4          145             0.146              328.819                     9.04019
6     12     0.4          145             0.15              366.349                     9.54215
6     12     0.4          145             0.154              351.685                     9.34923
6     12     0.4          145             0.158              419.785                     10.2144
6     12     0.4          145             0.162              433.455                     10.3794
6     12     0.4          145             0.166              471.73                     10.8279
6     12     0.4          145             0.17              523.675                     11.4085
6     12     0.4          145             0.174              516.219                     11.327
6     12     0.4          145             0.178              546.044                     11.6496
6     12     0.4          145             0.182              545.547                     11.6443
6     12     0.4          145             0.186              573.135                     11.9351
6     12     0.4          145             0.19              571.644                     11.9196
6     12     0.4          145             0.194              545.298                     11.6417
6     12     0.4          145             0.198              566.424                     11.8651
6     12     0.4          145             0.202              542.813                     11.6151
6     12     0.4          145             0.206              530.634                     11.4841
6     12     0.4          145             0.21              507.769                     11.2339
6     12     0.4          145             0.214              520.693                     11.376
6     12     0.4          145             0.218              471.482                     10.8251
6     12     0.4          145             0.222              434.201                     10.3883
6     12     0.4          145             0.226              430.97                     10.3496
6     12     0.4          145             0.23              383.25                     9.75977
6     12     0.4          145             0.234              365.106                     9.52595
6     12     0.4          145             0.238              328.819                     9.04019
6     12     0.4          145             0.242              307.942                     8.74849
6     12     0.4          145             0.246              266.187                     8.13378
6     12     0.4          145             0.25              244.316                     7.79245
6     12     0.4          145             0.254              227.415                     7.5181
6     12     0.4          145             0.258              177.707                     6.64585
6     12     0.4          145             0.262              175.221                     6.59921
6     12     0.4          145             0.266              139.928                     5.89728
6     12     0.4          145             0.27              132.472                     5.73801
6     12     0.4          145             0.274              110.849                     5.24886
6     12     0.4          145             0.278              96.6823                     4.90199
6     12     0.4          145             0.282              81.0243                     4.48752
6     12     0.4          145             0.286              65.1177                     4.02298
6     12     0.4          145             0.29              67.106                     4.08394
6     12     0.4          145             0.294              50.7023                     3.54987
6     12     0.4          145             0.298              38.0267                     3.07428
6     12     0.4          145             0.302              33.3045                     2.87707
6     12     0.4          145             0.306              32.3103                     2.8338
6     12     0.4          145             0.31              24.8541                     2.48541
6     12     0.4          145             0.314              20.3803                     2.25063
6     12     0.4          145             0.318              15.6581                     1.97273
6     12     0.4          145             0.322              14.4154                     1.89283
6     12     0.4          145             0.326              8.69893                     1.47039
6     12     0.4          145             0.33              8.45038                     1.44923
6     12     0.4          145             0.334              5.71644                     1.19196
6     12     0.4          145             0.338              3.97665                     0.994163
6     12     0.4          145             0.342              2.98249                     0.86097
6     12     0.4          145             0.346              0.994163                     0.497081
6     12     0.4          145             0.35              0.994163                     0.497081
6     12     0.4          145             0.354              0.745622                     0.430485
6     12     0.4          145             0.358              0.248541                     0.248541
6     12     0.4          145             0.362              0                     0
6     12     0.4          145             0.366              0.248541                     0.248541
6     12     0.4          145             0.37              0                     0
6     12     0.4          145             0.374              0                     0
6     12     0.4          145             0.378              0                     0
6     12     0.4          145             0.382              0                     0
6     12     0.4          145             0.386              0                     0
6     12     0.4          145             0.39              0                     0
6     12     0.4          145             0.394              0                     0
*******************************************************************************************************
 Average mean_angle 9.07077e+06 +- 36263.6 deg 
 Average E' 12850.2 +- 51.3735 GeV 
