*******************************************************************************************************
Z     A     E(GeV)     Theta(deg)     Energy Loss(GeV)     Sigma(nb/sr/GeV)     ERROR     Citation     
*******************************************************************************************************
6     12     0.1597          145             0.0007985              175.372                     6.42084
6     12     0.1597          145             0.0023955              418.684                     9.92098
6     12     0.1597          145             0.0039925              660.115                     12.4572
6     12     0.1597          145             0.0055895              897.55                     14.5258
6     12     0.1597          145             0.0071865              1143.92                     16.3987
6     12     0.1597          145             0.0087835              1380.65                     18.0158
6     12     0.1597          145             0.0103805              1661.1                     19.761
6     12     0.1597          145             0.0119775              1854.58                     20.8802
6     12     0.1597          145             0.0135745              2136.68                     22.412
6     12     0.1597          145             0.0151715              2361.65                     23.5624
6     12     0.1597          145             0.0167685              2594.62                     24.6972
6     12     0.1597          145             0.0183655              2787.86                     25.6004
6     12     0.1597          145             0.0199625              3046.69                     26.7624
6     12     0.1597          145             0.0215595              3224.88                     27.5339
6     12     0.1597          145             0.0231565              3332.78                     27.9908
6     12     0.1597          145             0.0247535              3496.4                     28.6696
6     12     0.1597          145             0.0263505              3750.06                     29.6914
6     12     0.1597          145             0.0279475              3855.14                     30.1045
6     12     0.1597          145             0.0295445              3965.16                     30.531
6     12     0.1597          145             0.0311415              4104.8                     31.064
6     12     0.1597          145             0.0327385              4211.29                     31.4644
6     12     0.1597          145             0.0343355              4347.17                     31.9679
6     12     0.1597          145             0.0359325              4411.11                     32.2022
6     12     0.1597          145             0.0375295              4462.36                     32.3887
6     12     0.1597          145             0.0391265              4563.68                     32.7543
6     12     0.1597          145             0.0407235              4575.67                     32.7973
6     12     0.1597          145             0.0423205              4630.92                     32.9947
6     12     0.1597          145             0.0439175              4629.27                     32.9889
6     12     0.1597          145             0.0455145              4664.77                     33.1151
6     12     0.1597          145             0.0471115              4653.25                     33.0742
6     12     0.1597          145             0.0487085              4565.09                     32.7594
6     12     0.1597          145             0.0503055              4563.68                     32.7543
6     12     0.1597          145             0.0519025              4488.92                     32.485
6     12     0.1597          145             0.0534995              4386.9                     32.1137
6     12     0.1597          145             0.0550965              4334.71                     31.9221
6     12     0.1597          145             0.0566935              4133.24                     31.1714
6     12     0.1597          145             0.0582905              4040.62                     30.8202
6     12     0.1597          145             0.0598875              3977.62                     30.579
6     12     0.1597          145             0.0614845              3797.07                     29.8769
6     12     0.1597          145             0.0630815              3652.73                     29.3035
6     12     0.1597          145             0.0646785              3552.35                     28.8981
6     12     0.1597          145             0.0662755              3393.2                     28.2433
6     12     0.1597          145             0.0678725              3295.4                     27.8334
6     12     0.1597          145             0.0694695              3160.47                     27.2576
6     12     0.1597          145             0.0710665              3033.05                     26.7025
6     12     0.1597          145             0.0726635              2838.17                     25.8303
6     12     0.1597          145             0.0742605              2675.49                     25.0792
6     12     0.1597          145             0.0758575              2537.26                     24.4227
6     12     0.1597          145             0.0774545              2433.12                     23.9162
6     12     0.1597          145             0.0790515              2273.26                     23.1172
6     12     0.1597          145             0.0806485              2106.59                     22.2536
6     12     0.1597          145             0.0822455              1964.83                     21.4919
6     12     0.1597          145             0.0838425              1877.61                     21.0094
6     12     0.1597          145             0.0854395              1745.03                     20.2541
6     12     0.1597          145             0.0870365              1640.18                     19.6362
6     12     0.1597          145             0.0886335              1505.71                     18.814
6     12     0.1597          145             0.0902305              1394.52                     18.106
6     12     0.1597          145             0.0918275              1345.15                     17.7827
6     12     0.1597          145             0.0934245              1232.31                     17.0205
6     12     0.1597          145             0.0950215              1146.74                     16.4189
6     12     0.1597          145             0.0966185              1049.65                     15.7085
6     12     0.1597          145             0.0982155              976.538                     15.1515
6     12     0.1597          145             0.0998125              919.413                     14.7017
6     12     0.1597          145             0.101409              914.006                     14.6584
6     12     0.1597          145             0.103007              826.319                     13.9375
6     12     0.1597          145             0.104604              812.214                     13.818
6     12     0.1597          145             0.106201              767.784                     13.4348
6     12     0.1597          145             0.107798              738.163                     13.1731
6     12     0.1597          145             0.109395              713.479                     12.951
6     12     0.1597          145             0.110992              707.367                     12.8954
6     12     0.1597          145             0.112589              691.381                     12.7488
6     12     0.1597          145             0.114185              669.284                     12.5434
6     12     0.1597          145             0.115782              679.862                     12.6422
6     12     0.1597          145             0.117379              687.855                     12.7163
6     12     0.1597          145             0.118976              648.596                     12.3481
6     12     0.1597          145             0.120574              709.718                     12.9168
6     12     0.1597          145             0.122171              676.571                     12.6115
6     12     0.1597          145             0.123768              679.157                     12.6356
6     12     0.1597          145             0.125365              294.56                     8.32143
6     12     0.1597          145             0.126962              0                     0
6     12     0.1597          145             0.128559              0                     0
6     12     0.1597          145             0.130156              0                     0
6     12     0.1597          145             0.131753              0                     0
6     12     0.1597          145             0.13335              0                     0
6     12     0.1597          145             0.134947              0                     0
6     12     0.1597          145             0.136544              0                     0
6     12     0.1597          145             0.138141              0                     0
6     12     0.1597          145             0.139738              0                     0
6     12     0.1597          145             0.141335              0                     0
6     12     0.1597          145             0.142932              0                     0
6     12     0.1597          145             0.144529              0                     0
6     12     0.1597          145             0.146126              0                     0
6     12     0.1597          145             0.147723              0                     0
6     12     0.1597          145             0.14932              0                     0
6     12     0.1597          145             0.150917              0                     0
6     12     0.1597          145             0.152514              0                     0
6     12     0.1597          145             0.154111              0                     0
6     12     0.1597          145             0.155708              0                     0
6     12     0.1597          145             0.157305              0                     0
*******************************************************************************************************
 Average angle 144.972 +- 0.159895 deg 
 Average E' 0.107285 +- 0.000118329 GeV 
