*******************************************************************************************************
Z     A     E(GeV)     Theta(deg)     Energy Loss(GeV)     Sigma(nb/sr/GeV)     ERROR     Citation     
*******************************************************************************************************
6     12     4.045          55             0.0101125              0                     0
6     12     4.045          55             0.0303375              0                     0
6     12     4.045          55             0.0505625              0                     0
6     12     4.045          55             0.0707875              0                     0
6     12     4.045          55             0.0910125              0                     0
6     12     4.045          55             0.111237              0                     0
6     12     4.045          55             0.131463              0                     0
6     12     4.045          55             0.151688              0                     0
6     12     4.045          55             0.171912              0                     0
6     12     4.045          55             0.192137              0                     0
6     12     4.045          55             0.212362              0                     0
6     12     4.045          55             0.232588              0                     0
6     12     4.045          55             0.252812              0                     0
6     12     4.045          55             0.273038              0                     0
6     12     4.045          55             0.293263              0                     0
6     12     4.045          55             0.313488              0                     0
6     12     4.045          55             0.333713              0                     0
6     12     4.045          55             0.353938              0                     0
6     12     4.045          55             0.374163              0                     0
6     12     4.045          55             0.394388              0                     0
6     12     4.045          55             0.414612              0                     0
6     12     4.045          55             0.434838              0                     0
6     12     4.045          55             0.455063              0                     0
6     12     4.045          55             0.475288              0                     0
6     12     4.045          55             0.495513              0                     0
6     12     4.045          55             0.515737              0                     0
6     12     4.045          55             0.535963              0                     0
6     12     4.045          55             0.556187              0                     0
6     12     4.045          55             0.576412              0                     0
6     12     4.045          55             0.596637              0                     0
6     12     4.045          55             0.616862              0                     0
6     12     4.045          55             0.637087              0                     0
6     12     4.045          55             0.657312              0                     0
6     12     4.045          55             0.677538              0                     0
6     12     4.045          55             0.697762              0                     0
6     12     4.045          55             0.717988              0                     0
6     12     4.045          55             0.738212              0                     0
6     12     4.045          55             0.758437              0                     0
6     12     4.045          55             0.778662              0                     0
6     12     4.045          55             0.798887              0                     0
6     12     4.045          55             0.819112              0                     0
6     12     4.045          55             0.839337              0                     0
6     12     4.045          55             0.859563              0                     0
6     12     4.045          55             0.879787              0                     0
6     12     4.045          55             0.900012              0                     0
6     12     4.045          55             0.920237              0                     0
6     12     4.045          55             0.940462              0                     0
6     12     4.045          55             0.960687              0                     0
6     12     4.045          55             0.980912              0                     0
6     12     4.045          55             1.00114              0                     0
6     12     4.045          55             1.02136              0                     0
6     12     4.045          55             1.04159              0                     0
6     12     4.045          55             1.06181              0                     0
6     12     4.045          55             1.08204              0                     0
6     12     4.045          55             1.10226              0                     0
6     12     4.045          55             1.12249              0                     0
6     12     4.045          55             1.14271              0                     0
6     12     4.045          55             1.16294              0                     0
6     12     4.045          55             1.18316              0                     0
6     12     4.045          55             1.20339              0                     0
6     12     4.045          55             1.22361              0                     0
6     12     4.045          55             1.24384              0                     0
6     12     4.045          55             1.26406              0                     0
6     12     4.045          55             1.28429              0                     0
6     12     4.045          55             1.30451              0                     0
6     12     4.045          55             1.32474              0                     0
6     12     4.045          55             1.34496              0                     0
6     12     4.045          55             1.36519              0                     0
6     12     4.045          55             1.38541              0                     0
6     12     4.045          55             1.40564              0                     0
6     12     4.045          55             1.42586              0                     0
6     12     4.045          55             1.44609              0                     0
6     12     4.045          55             1.46631              0                     0
6     12     4.045          55             1.48654              0                     0
6     12     4.045          55             1.50676              0                     0
6     12     4.045          55             1.52699              0                     0
6     12     4.045          55             1.54721              0                     0
6     12     4.045          55             1.56744              0                     0
6     12     4.045          55             1.58766              0                     0
6     12     4.045          55             1.60789              0                     0
6     12     4.045          55             1.62811              0                     0
6     12     4.045          55             1.64834              0                     0
6     12     4.045          55             1.66856              0                     0
6     12     4.045          55             1.68879              0                     0
6     12     4.045          55             1.70901              0                     0
6     12     4.045          55             1.72924              0                     0
6     12     4.045          55             1.74946              0                     0
6     12     4.045          55             1.76969              0                     0
6     12     4.045          55             1.78991              0                     0
6     12     4.045          55             1.81014              0                     0
6     12     4.045          55             1.83036              0                     0
6     12     4.045          55             1.85059              0                     0
6     12     4.045          55             1.87081              0                     0
6     12     4.045          55             1.89104              0                     0
6     12     4.045          55             1.91126              0                     0
6     12     4.045          55             1.93149              0                     0
6     12     4.045          55             1.95171              0                     0
6     12     4.045          55             1.97194              0                     0
6     12     4.045          55             1.99216              0                     0
6     12     4.045          55             2.01239              0                     0
6     12     4.045          55             2.03261              0                     0
6     12     4.045          55             2.05284              0                     0
6     12     4.045          55             2.07306              0                     0
6     12     4.045          55             2.09329              0                     0
6     12     4.045          55             2.11351              0                     0
6     12     4.045          55             2.13374              0                     0
6     12     4.045          55             2.15396              0                     0
6     12     4.045          55             2.17419              0                     0
6     12     4.045          55             2.19441              0                     0
6     12     4.045          55             2.21464              0                     0
6     12     4.045          55             2.23486              0                     0
6     12     4.045          55             2.25509              0                     0
6     12     4.045          55             2.27531              0                     0
6     12     4.045          55             2.29554              0                     0
6     12     4.045          55             2.31576              0                     0
6     12     4.045          55             2.33599              0                     0
6     12     4.045          55             2.35621              0                     0
6     12     4.045          55             2.37644              0                     0
6     12     4.045          55             2.39666              0                     0
6     12     4.045          55             2.41689              0                     0
6     12     4.045          55             2.43711              0                     0
6     12     4.045          55             2.45734              0                     0
6     12     4.045          55             2.47756              0                     0
6     12     4.045          55             2.49779              0                     0
6     12     4.045          55             2.51801              0                     0
6     12     4.045          55             2.53824              0.0712677                     0.0712677
6     12     4.045          55             2.55846              0.142535                     0.100788
6     12     4.045          55             2.57869              0.285071                     0.142535
6     12     4.045          55             2.59891              0.213803                     0.123439
6     12     4.045          55             2.61914              0.213803                     0.123439
6     12     4.045          55             2.63936              0.427606                     0.174569
6     12     4.045          55             2.65959              0.356338                     0.159359
6     12     4.045          55             2.67981              0.783944                     0.236368
6     12     4.045          55             2.70004              0.92648                     0.256959
6     12     4.045          55             2.72026              0.641409                     0.213803
6     12     4.045          55             2.74049              0.92648                     0.256959
6     12     4.045          55             2.76071              1.42535                     0.318719
6     12     4.045          55             2.78094              1.78169                     0.356338
6     12     4.045          55             2.80116              2.13803                     0.390349
6     12     4.045          55             2.82139              1.78169                     0.356338
6     12     4.045          55             2.84161              2.56564                     0.427606
6     12     4.045          55             2.86184              2.4231                     0.415558
6     12     4.045          55             2.88206              2.6369                     0.433504
6     12     4.045          55             2.90229              4.34733                     0.556618
6     12     4.045          55             2.92251              5.41634                     0.621297
6     12     4.045          55             2.94274              5.20254                     0.608911
6     12     4.045          55             2.96296              6.27155                     0.66855
6     12     4.045          55             2.98319              6.20029                     0.664741
6     12     4.045          55             3.00341              5.41634                     0.621297
6     12     4.045          55             3.02364              6.12902                     0.660909
6     12     4.045          55             3.04386              5.91522                     0.649279
6     12     4.045          55             3.06409              5.84395                     0.645356
6     12     4.045          55             3.08431              7.83944                     0.747462
6     12     4.045          55             3.10454              7.41184                     0.72679
6     12     4.045          55             3.12476              8.33832                     0.770878
6     12     4.045          55             3.14499              8.90846                     0.796797
6     12     4.045          55             3.16521              9.12226                     0.806302
6     12     4.045          55             3.18544              9.19353                     0.809445
6     12     4.045          55             3.20566              12.258                     0.934667
6     12     4.045          55             3.22589              10.0487                     0.846257
6     12     4.045          55             3.24611              12.8994                     0.958808
6     12     4.045          55             3.26634              14.0397                     1.00029
6     12     4.045          55             3.28656              12.9707                     0.961453
6     12     4.045          55             3.30679              15.0375                     1.03522
6     12     4.045          55             3.32701              14.111                     1.00282
6     12     4.045          55             3.34724              15.7502                     1.05947
6     12     4.045          55             3.36746              17.033                     1.10177
6     12     4.045          55             3.38769              18.6721                     1.15357
6     12     4.045          55             3.40791              18.7434                     1.15577
6     12     4.045          55             3.42814              19.5986                     1.18184
6     12     4.045          55             3.44836              21.9504                     1.25074
6     12     4.045          55             3.46859              19.9549                     1.19254
6     12     4.045          55             3.48881              21.8792                     1.24871
6     12     4.045          55             3.50904              25.0862                     1.3371
6     12     4.045          55             3.52926              28.9347                     1.436
6     12     4.045          55             3.54949              26.6541                     1.37825
6     12     4.045          55             3.56971              27.8657                     1.40923
6     12     4.045          55             3.58994              28.7921                     1.43246
6     12     4.045          55             3.61016              29.7186                     1.45533
6     12     4.045          55             3.63039              33.9234                     1.55488
6     12     4.045          55             3.65061              32.7119                     1.52686
6     12     4.045          55             3.67084              34.9212                     1.57758
6     12     4.045          55             3.69106              37.4155                     1.63295
6     12     4.045          55             3.71129              38.7696                     1.66223
6     12     4.045          55             3.73151              41.549                     1.72079
6     12     4.045          55             3.75174              43.2595                     1.75585
6     12     4.045          55             3.77196              44.2572                     1.77598
6     12     4.045          55             3.79219              44.8986                     1.7888
6     12     4.045          55             3.81241              46.4665                     1.81977
6     12     4.045          55             3.83264              46.9654                     1.82951
6     12     4.045          55             3.85286              51.4553                     1.91497
6     12     4.045          55             3.87309              52.8093                     1.94
6     12     4.045          55             3.89331              54.8761                     1.9776
6     12     4.045          55             3.91354              53.522                     1.95305
6     12     4.045          55             3.93376              60.5775                     2.07779
6     12     4.045          55             3.95399              58.582                     2.04328
6     12     4.045          55             3.97421              55.375                     1.98657
6     12     4.045          55             3.99444              46.7516                     1.82534
6     12     4.045          55             4.01466              39.6961                     1.68198
*******************************************************************************************************
 Average angle 54.949 +- 0.382959 deg 
 Average E' 0.383079 +- 0.00266982 GeV 
