*******************************************************************************************************
Z     A     E(GeV)     Theta(deg)     Energy Loss(GeV)     Sigma(nb/sr/GeV)     ERROR     Citation     
*******************************************************************************************************
6     12     3.4886          28             0.017443              0                     0
6     12     3.4886          28             0.052329              0                     0
6     12     3.4886          28             0.087215              0                     0
6     12     3.4886          28             0.122101              0                     0
6     12     3.4886          28             0.156987              0                     0
6     12     3.4886          28             0.191873              0                     0
6     12     3.4886          28             0.226759              0                     0
6     12     3.4886          28             0.261645              0                     0
6     12     3.4886          28             0.296531              0                     0
6     12     3.4886          28             0.331417              0                     0
6     12     3.4886          28             0.366303              0                     0
6     12     3.4886          28             0.401189              0                     0
6     12     3.4886          28             0.436075              0                     0
6     12     3.4886          28             0.470961              0                     0
6     12     3.4886          28             0.505847              0                     0
6     12     3.4886          28             0.540733              0                     0
6     12     3.4886          28             0.575619              0                     0
6     12     3.4886          28             0.610505              0                     0
6     12     3.4886          28             0.645391              0                     0
6     12     3.4886          28             0.680277              0                     0
6     12     3.4886          28             0.715163              0                     0
6     12     3.4886          28             0.750049              0                     0
6     12     3.4886          28             0.784935              0                     0
6     12     3.4886          28             0.819821              0                     0
6     12     3.4886          28             0.854707              0                     0
6     12     3.4886          28             0.889593              0                     0
6     12     3.4886          28             0.924479              0                     0
6     12     3.4886          28             0.959365              0.224329                     0.129516
6     12     3.4886          28             0.994251              1.19642                     0.299105
6     12     3.4886          28             1.02914              1.79463                     0.366328
6     12     3.4886          28             1.06402              3.51449                     0.512641
6     12     3.4886          28             1.09891              7.25331                     0.736462
6     12     3.4886          28             1.1338              11.7399                     0.936945
6     12     3.4886          28             1.16868              16.5256                     1.11163
6     12     3.4886          28             1.20357              20.7878                     1.24677
6     12     3.4886          28             1.23845              29.3871                     1.48238
6     12     3.4886          28             1.27334              36.79                     1.65862
6     12     3.4886          28             1.30823              41.8                     1.76795
6     12     3.4886          28             1.34311              52.3435                     1.9784
6     12     3.4886          28             1.378              58.2508                     2.08705
6     12     3.4886          28             1.41288              66.1771                     2.22452
6     12     3.4886          28             1.44777              76.7953                     2.39635
6     12     3.4886          28             1.48266              83.9739                     2.50585
6     12     3.4886          28             1.51754              90.5542                     2.60217
6     12     3.4886          28             1.55243              96.2372                     2.68259
6     12     3.4886          28             1.58731              106.182                     2.81779
6     12     3.4886          28             1.6222              108.949                     2.85426
6     12     3.4886          28             1.65709              110.669                     2.8767
6     12     3.4886          28             1.69197              112.987                     2.90668
6     12     3.4886          28             1.72686              107.08                     2.82967
6     12     3.4886          28             1.76174              99.8265                     2.73215
6     12     3.4886          28             1.79663              95.4894                     2.67214
6     12     3.4886          28             1.83152              81.8801                     2.47441
6     12     3.4886          28             1.8664              70.5889                     2.29747
6     12     3.4886          28             1.90129              63.1113                     2.17238
6     12     3.4886          28             1.93617              53.839                     2.00646
6     12     3.4886          28             1.97106              42.473                     1.78213
6     12     3.4886          28             2.00595              32.3782                     1.556
6     12     3.4886          28             2.04083              24.9753                     1.36659
6     12     3.4886          28             2.07572              18.2454                     1.16804
6     12     3.4886          28             2.1106              13.4597                     1.00323
6     12     3.4886          28             2.14549              9.64615                     0.849296
6     12     3.4886          28             2.18038              6.6551                     0.705439
6     12     3.4886          28             2.21526              3.43971                     0.507158
6     12     3.4886          28             2.25015              1.12165                     0.289608
6     12     3.4886          28             2.28503              0.897316                     0.259033
6     12     3.4886          28             2.31992              0.523435                     0.19784
6     12     3.4886          28             2.35481              0.0747764                     0.0747764
6     12     3.4886          28             2.38969              0                     0
6     12     3.4886          28             2.42458              0                     0
6     12     3.4886          28             2.45946              0                     0
6     12     3.4886          28             2.49435              0                     0
6     12     3.4886          28             2.52923              0                     0
6     12     3.4886          28             2.56412              0                     0
6     12     3.4886          28             2.59901              0                     0
6     12     3.4886          28             2.63389              0                     0
6     12     3.4886          28             2.66878              0                     0
6     12     3.4886          28             2.70366              0                     0
6     12     3.4886          28             2.73855              0                     0
6     12     3.4886          28             2.77344              0                     0
6     12     3.4886          28             2.80832              0                     0
6     12     3.4886          28             2.84321              0                     0
6     12     3.4886          28             2.8781              0                     0
6     12     3.4886          28             2.91298              0                     0
6     12     3.4886          28             2.94787              0                     0
6     12     3.4886          28             2.98275              0                     0
6     12     3.4886          28             3.01764              0                     0
6     12     3.4886          28             3.05253              0                     0
6     12     3.4886          28             3.08741              0                     0
6     12     3.4886          28             3.1223              0                     0
6     12     3.4886          28             3.15718              0                     0
6     12     3.4886          28             3.19207              0                     0
6     12     3.4886          28             3.22696              0                     0
6     12     3.4886          28             3.26184              0                     0
6     12     3.4886          28             3.29673              0                     0
6     12     3.4886          28             3.33161              0                     0
6     12     3.4886          28             3.3665              0                     0
6     12     3.4886          28             3.40139              0                     0
6     12     3.4886          28             3.43627              0                     0
*******************************************************************************************************
 Average angle 693308 +- 4396.13 deg 
 Average E' 45981.1 +- 291.557 GeV 
