*******************************************************************************************************
Z     A     E(GeV)     Theta(deg)     Energy Loss(GeV)     Sigma(nb/sr/GeV)     ERROR     Citation     
*******************************************************************************************************
6     12     3.595          16.02             0.017975              0                     0
6     12     3.595          16.02             0.053925              0.131963                     0.131963
6     12     3.595          16.02             0.089875              0.659814                     0.295078
6     12     3.595          16.02             0.125825              1.97944                     0.511089
6     12     3.595          16.02             0.161775              13.0643                     1.31301
6     12     3.595          16.02             0.197725              44.0755                     2.41171
6     12     3.595          16.02             0.233675              128.268                     4.11419
6     12     3.595          16.02             0.269625              355.903                     6.85317
6     12     3.595          16.02             0.305575              722.76                     9.76613
6     12     3.595          16.02             0.341525              1201.78                     12.5933
6     12     3.595          16.02             0.377475              1730.82                     15.113
6     12     3.595          16.02             0.413425              2156.14                     16.868
6     12     3.595          16.02             0.449375              2366.49                     17.6717
6     12     3.595          16.02             0.485325              2413.07                     17.8448
6     12     3.595          16.02             0.521275              2241.39                     17.1982
6     12     3.595          16.02             0.557225              2004.12                     16.2625
6     12     3.595          16.02             0.593175              1645.18                     14.7344
6     12     3.595          16.02             0.629125              1287.82                     13.0363
6     12     3.595          16.02             0.665075              989.192                     11.4253
6     12     3.595          16.02             0.701025              747.965                     9.93496
6     12     3.595          16.02             0.736975              531.81                     8.37729
6     12     3.595          16.02             0.772925              386.783                     7.14429
6     12     3.595          16.02             0.808875              274.482                     6.01843
6     12     3.595          16.02             0.844825              200.847                     5.14824
6     12     3.595          16.02             0.880775              153.341                     4.49836
6     12     3.595          16.02             0.916725              112.3                     3.8496
6     12     3.595          16.02             0.952675              89.6027                     3.43864
6     12     3.595          16.02             0.988625              63.2101                     2.88814
6     12     3.595          16.02             1.02458              47.5066                     2.50382
6     12     3.595          16.02             1.06053              42.36                     2.36431
6     12     3.595          16.02             1.09648              32.5948                     2.07396
6     12     3.595          16.02             1.13243              26.5245                     1.87089
6     12     3.595          16.02             1.16838              19.9264                     1.62158
6     12     3.595          16.02             1.20433              16.2314                     1.46354
6     12     3.595          16.02             1.24028              15.8355                     1.44558
6     12     3.595          16.02             1.27623              10.8209                     1.19497
6     12     3.595          16.02             1.31218              9.10543                     1.09616
6     12     3.595          16.02             1.34813              6.86206                     0.951597
6     12     3.595          16.02             1.38408              5.41047                     0.844974
6     12     3.595          16.02             1.42003              4.48673                     0.769468
6     12     3.595          16.02             1.45598              3.16711                     0.646483
6     12     3.595          16.02             1.49193              2.24337                     0.544096
6     12     3.595          16.02             1.52788              2.90318                     0.61896
6     12     3.595          16.02             1.56383              2.24337                     0.544096
6     12     3.595          16.02             1.59978              2.1114                     0.527851
6     12     3.595          16.02             1.63573              1.58355                     0.457132
6     12     3.595          16.02             1.67168              1.0557                     0.373247
6     12     3.595          16.02             1.70763              0.923739                     0.349141
6     12     3.595          16.02             1.74358              0.527851                     0.263925
6     12     3.595          16.02             1.77953              0.527851                     0.263925
6     12     3.595          16.02             1.81548              0.263925                     0.186623
6     12     3.595          16.02             1.85143              0.923739                     0.349141
6     12     3.595          16.02             1.88738              0                     0
6     12     3.595          16.02             1.92333              0                     0
6     12     3.595          16.02             1.95928              0                     0
6     12     3.595          16.02             1.99523              0                     0
6     12     3.595          16.02             2.03118              0                     0
6     12     3.595          16.02             2.06712              0                     0
6     12     3.595          16.02             2.10308              0                     0
6     12     3.595          16.02             2.13903              0                     0
6     12     3.595          16.02             2.17497              0                     0
6     12     3.595          16.02             2.21093              0                     0
6     12     3.595          16.02             2.24688              0                     0
6     12     3.595          16.02             2.28282              0                     0
6     12     3.595          16.02             2.31878              0                     0
6     12     3.595          16.02             2.35473              0                     0
6     12     3.595          16.02             2.39067              0                     0
6     12     3.595          16.02             2.42663              0                     0
6     12     3.595          16.02             2.46258              0                     0
6     12     3.595          16.02             2.49852              0                     0
6     12     3.595          16.02             2.53448              0                     0
6     12     3.595          16.02             2.57043              0                     0
6     12     3.595          16.02             2.60637              0                     0
6     12     3.595          16.02             2.64233              0                     0
6     12     3.595          16.02             2.67828              0                     0
6     12     3.595          16.02             2.71422              0                     0
6     12     3.595          16.02             2.75018              0                     0
6     12     3.595          16.02             2.78613              0                     0
6     12     3.595          16.02             2.82207              0                     0
6     12     3.595          16.02             2.85803              0                     0
6     12     3.595          16.02             2.89398              0                     0
6     12     3.595          16.02             2.92992              0                     0
6     12     3.595          16.02             2.96588              0                     0
6     12     3.595          16.02             3.00183              0                     0
6     12     3.595          16.02             3.03777              0                     0
6     12     3.595          16.02             3.07373              0                     0
6     12     3.595          16.02             3.10968              0                     0
6     12     3.595          16.02             3.14562              0                     0
6     12     3.595          16.02             3.18158              0                     0
6     12     3.595          16.02             3.21753              0                     0
6     12     3.595          16.02             3.25347              0                     0
6     12     3.595          16.02             3.28943              0                     0
6     12     3.595          16.02             3.32538              0                     0
6     12     3.595          16.02             3.36132              0                     0
6     12     3.595          16.02             3.39728              0                     0
6     12     3.595          16.02             3.43323              0                     0
6     12     3.595          16.02             3.46917              0                     0
6     12     3.595          16.02             3.50513              0                     0
6     12     3.595          16.02             3.54108              0                     0
*******************************************************************************************************
 Average mean_angle 2.6395e+06 +- 6447.05 deg 
 Average E' 514916 +- 1257.7 GeV 
