*******************************************************************************************************
Z     A     E(GeV)     Theta(deg)     Energy Loss(GeV)     Sigma(nb/sr/GeV)     ERROR     Citation     
*******************************************************************************************************
6     12     2.095          59.98             1.007              3.97653                     0.937278
6     12     2.095          59.98             1.021              1.98827                     0.662756
6     12     2.095          59.98             1.035              2.87194                     0.796533
6     12     2.095          59.98             1.049              5.30204                     1.08228
6     12     2.095          59.98             1.063              5.30204                     1.08228
6     12     2.095          59.98             1.077              6.62756                     1.21002
6     12     2.095          59.98             1.091              7.95307                     1.32551
6     12     2.095          59.98             1.105              7.73215                     1.30697
6     12     2.095          59.98             1.119              9.27858                     1.43172
6     12     2.095          59.98             1.133              11.0459                     1.56213
6     12     2.095          59.98             1.147              10.3832                     1.51454
6     12     2.095          59.98             1.161              12.3714                     1.6532
6     12     2.095          59.98             1.175              11.7087                     1.60831
6     12     2.095          59.98             1.189              8.83674                     1.39721
6     12     2.095          59.98             1.203              11.7087                     1.60831
6     12     2.095          59.98             1.217              14.8015                     1.8083
6     12     2.095          59.98             1.231              18.3362                     2.01266
6     12     2.095          59.98             1.245              17.6735                     1.97596
6     12     2.095          59.98             1.259              21.4291                     2.1758
6     12     2.095          59.98             1.273              22.9755                     2.25294
6     12     2.095          59.98             1.287              22.0919                     2.20919
6     12     2.095          59.98             1.301              24.0801                     2.30646
6     12     2.095          59.98             1.315              28.7194                     2.51886
6     12     2.095          59.98             1.329              32.2541                     2.66937
6     12     2.095          59.98             1.343              31.8123                     2.65102
6     12     2.095          59.98             1.357              34.0215                     2.74153
6     12     2.095          59.98             1.371              36.6725                     2.84634
6     12     2.095          59.98             1.385              42.4164                     3.06114
6     12     2.095          59.98             1.399              46.3929                     3.20141
6     12     2.095          59.98             1.413              46.6138                     3.20903
6     12     2.095          59.98             1.427              46.8347                     3.21662
6     12     2.095          59.98             1.441              45.7301                     3.17846
6     12     2.095          59.98             1.455              55.2296                     3.49303
6     12     2.095          59.98             1.469              54.5669                     3.47201
6     12     2.095          59.98             1.483              64.7291                     3.78152
6     12     2.095          59.98             1.497              70.473                     3.94573
6     12     2.095          59.98             1.511              67.6011                     3.8645
6     12     2.095          59.98             1.525              62.9618                     3.72953
6     12     2.095          59.98             1.539              80.6353                     4.22064
6     12     2.095          59.98             1.553              79.9725                     4.20326
6     12     2.095          59.98             1.567              83.7281                     4.30082
6     12     2.095          59.98             1.581              94.1113                     4.55971
6     12     2.095          59.98             1.595              107.587                     4.87525
6     12     2.095          59.98             1.609              105.378                     4.82493
6     12     2.095          59.98             1.623              102.064                     4.74846
6     12     2.095          59.98             1.637              103.39                     4.7792
6     12     2.095          59.98             1.651              105.599                     4.82999
6     12     2.095          59.98             1.665              121.947                     5.19041
6     12     2.095          59.98             1.679              111.564                     4.96453
*******************************************************************************************************
 Average angle 59.9419 +- 0.375275 deg 
 Average E' 0.363461 +- 0.0022755 GeV 
