*******************************************************************************************************
Z     A     E(GeV)     Theta(deg)     Energy Loss(GeV)     Sigma(nb/sr/GeV)     ERROR     Citation     
*******************************************************************************************************
6     12     0.44          60             0.0011              0                     0
6     12     0.44          60             0.0033              0                     0
6     12     0.44          60             0.0055              27.6239                     2.94471
6     12     0.44          60             0.0077              111.123                     5.90614
6     12     0.44          60             0.0099              204.354                     8.00926
6     12     0.44          60             0.0121              385.165                     10.9957
6     12     0.44          60             0.0143              549.966                     13.1392
6     12     0.44          60             0.0165              746.786                     15.3108
6     12     0.44          60             0.0187              959.616                     17.356
6     12     0.44          60             0.0209              1128.81                     18.824
6     12     0.44          60             0.0231              1354.51                     20.6202
6     12     0.44          60             0.0253              1584.61                     22.3029
6     12     0.44          60             0.0275              1830.4                     23.9703
6     12     0.44          60             0.0297              2126.1                     25.834
6     12     0.44          60             0.0319              2426.19                     27.5971
6     12     0.44          60             0.0341              2851.85                     29.9202
6     12     0.44          60             0.0363              3134.37                     31.3672
6     12     0.44          60             0.0385              3629.4                     33.7535
6     12     0.44          60             0.0407              3931.69                     35.131
6     12     0.44          60             0.0429              4405.69                     37.1885
6     12     0.44          60             0.0451              4752.25                     38.6234
6     12     0.44          60             0.0473              5196.74                     40.3893
6     12     0.44          60             0.0495              5654.73                     42.1315
6     12     0.44          60             0.0517              6025.14                     43.4895
6     12     0.44          60             0.0539              6358.2                     44.6754
6     12     0.44          60             0.0561              6739.6                     45.9958
6     12     0.44          60             0.0583              7202.61                     47.5495
6     12     0.44          60             0.0605              7591.54                     48.8164
6     12     0.44          60             0.0627              7835.76                     49.5954
6     12     0.44          60             0.0649              8270.21                     50.9518
6     12     0.44          60             0.0671              8498.11                     51.649
6     12     0.44          60             0.0693              8854.39                     52.7206
6     12     0.44          60             0.0715              9090.14                     53.4178
6     12     0.44          60             0.0737              9409.07                     54.3468
6     12     0.44          60             0.0759              9661.76                     55.0718
6     12     0.44          60             0.0781              9796.74                     55.4551
6     12     0.44          60             0.0803              9931.41                     55.835
6     12     0.44          60             0.0825              10143.9                     56.4292
6     12     0.44          60             0.0847              10238.1                     56.6905
6     12     0.44          60             0.0869              10323.8                     56.9273
6     12     0.44          60             0.0891              10324.7                     56.9299
6     12     0.44          60             0.0913              10314.1                     56.9005
6     12     0.44          60             0.0935              10453.1                     57.2828
6     12     0.44          60             0.0957              10371.8                     57.0596
6     12     0.44          60             0.0979              10365.2                     57.0414
6     12     0.44          60             0.1001              10215.8                     56.6288
6     12     0.44          60             0.1023              10067.6                     56.2166
6     12     0.44          60             0.1045              10021.5                     56.0877
6     12     0.44          60             0.1067              10010.2                     56.056
6     12     0.44          60             0.1089              9709.48                     55.2076
6     12     0.44          60             0.1111              9687.19                     55.1442
6     12     0.44          60             0.1133              9498.22                     54.6037
6     12     0.44          60             0.1155              9128.12                     53.5293
6     12     0.44          60             0.1177              8955.79                     53.0216
6     12     0.44          60             0.1199              8861.93                     52.743
6     12     0.44          60             0.1221              8449.77                     51.5019
6     12     0.44          60             0.1243              8263.31                     50.9305
6     12     0.44          60             0.1265              8044.51                     50.2517
6     12     0.44          60             0.1287              7763.56                     49.3664
6     12     0.44          60             0.1309              7553.87                     48.6952
6     12     0.44          60             0.1331              7201.98                     47.5474
6     12     0.44          60             0.1353              6941.44                     46.6795
6     12     0.44          60             0.1375              6658.61                     45.7186
6     12     0.44          60             0.1397              6365.11                     44.6996
6     12     0.44          60             0.1419              6142.86                     43.9123
6     12     0.44          60             0.1441              5801.96                     42.6764
6     12     0.44          60             0.1463              5510.33                     41.5901
6     12     0.44          60             0.1485              5283.69                     40.7258
6     12     0.44          60             0.1507              4958.49                     39.4526
6     12     0.44          60             0.1529              4718.97                     38.4879
6     12     0.44          60             0.1551              4441.17                     37.3379
6     12     0.44          60             0.1573              4309.64                     36.7808
6     12     0.44          60             0.1595              3977.21                     35.3338
6     12     0.44          60             0.1617              3722                     34.1814
6     12     0.44          60             0.1639              3581.69                     33.5309
6     12     0.44          60             0.1661              3315.81                     32.2623
6     12     0.44          60             0.1683              3096.07                     31.175
6     12     0.44          60             0.1705              2911.81                     30.2331
6     12     0.44          60             0.1727              2673.24                     28.9681
6     12     0.44          60             0.1749              2507.49                     28.0557
6     12     0.44          60             0.1771              2349.91                     27.1598
6     12     0.44          60             0.1793              2200.81                     26.284
6     12     0.44          60             0.1815              2041.66                     25.3158
6     12     0.44          60             0.1837              1902.91                     24.4405
6     12     0.44          60             0.1859              1695.73                     23.0717
6     12     0.44          60             0.1881              1576.13                     22.2432
6     12     0.44          60             0.1903              1487.92                     21.6118
6     12     0.44          60             0.1925              1408.5                     21.0271
6     12     0.44          60             0.1947              1270.07                     19.9671
6     12     0.44          60             0.1969              1178.1                     19.2305
6     12     0.44          60             0.1991              1095.85                     18.5471
6     12     0.44          60             0.2013              1010.15                     17.8072
6     12     0.44          60             0.2035              926.028                     17.0495
6     12     0.44          60             0.2057              846.923                     16.3051
6     12     0.44          60             0.2079              777.549                     15.623
6     12     0.44          60             0.2101              707.548                     14.9032
6     12     0.44          60             0.2123              676.157                     14.5688
6     12     0.44          60             0.2145              589.205                     13.5998
6     12     0.44          60             0.2167              537.724                     12.9921
6     12     0.44          60             0.2189              506.647                     12.6111
6     12     0.44          60             0.2211              463.328                     12.0599
6     12     0.44          60             0.2233              438.529                     11.7328
6     12     0.44          60             0.2255              379.2                     10.9103
6     12     0.44          60             0.2277              339.648                     10.3256
6     12     0.44          60             0.2299              328.033                     10.1475
6     12     0.44          60             0.2321              297.584                     9.66509
6     12     0.44          60             0.2343              267.763                     9.16804
6     12     0.44          60             0.2365              236.372                     8.61389
6     12     0.44          60             0.2387              230.722                     8.51031
6     12     0.44          60             0.2409              205.61                     8.03383
6     12     0.44          60             0.2431              191.17                     7.74659
6     12     0.44          60             0.2453              153.815                     6.94864
6     12     0.44          60             0.2475              162.29                     7.13752
6     12     0.44          60             0.2497              142.2                     6.68115
6     12     0.44          60             0.2519              127.133                     6.31727
6     12     0.44          60             0.2541              107.67                     5.81365
6     12     0.44          60             0.2563              89.1498                     5.29007
6     12     0.44          60             0.2585              93.5445                     5.41889
6     12     0.44          60             0.2607              90.4054                     5.32719
6     12     0.44          60             0.2629              73.1405                     4.79159
6     12     0.44          60             0.2651              64.3511                     4.49447
6     12     0.44          60             0.2673              64.0372                     4.4835
6     12     0.44          60             0.2695              54.9338                     4.15261
6     12     0.44          60             0.2717              48.6557                     3.90812
6     12     0.44          60             0.2739              36.4133                     3.38089
6     12     0.44          60             0.2761              29.8212                     3.05959
6     12     0.44          60             0.2783              34.8437                     3.30722
6     12     0.44          60             0.2805              29.1934                     3.02722
6     12     0.44          60             0.2827              25.7404                     2.84255
6     12     0.44          60             0.2849              23.2292                     2.70034
6     12     0.44          60             0.2871              20.0901                     2.51126
6     12     0.44          60             0.2893              18.2066                     2.39065
6     12     0.44          60             0.2915              14.4398                     2.12903
6     12     0.44          60             0.2937              13.498                     2.05843
6     12     0.44          60             0.2959              10.9868                     1.8571
6     12     0.44          60             0.2981              7.53378                     1.53783
6     12     0.44          60             0.3003              9.41723                     1.71934
6     12     0.44          60             0.3025              9.73114                     1.74776
6     12     0.44          60             0.3047              5.65034                     1.3318
6     12     0.44          60             0.3069              7.84769                     1.56954
6     12     0.44          60             0.3091              6.27815                     1.40384
6     12     0.44          60             0.3113              5.33643                     1.29427
6     12     0.44          60             0.3135              3.45298                     1.04111
6     12     0.44          60             0.3157              3.45298                     1.04111
6     12     0.44          60             0.3179              1.25563                     0.627815
6     12     0.44          60             0.3201              3.45298                     1.04111
6     12     0.44          60             0.3223              3.13908                     0.992663
6     12     0.44          60             0.3245              2.19735                     0.830522
6     12     0.44          60             0.3267              1.25563                     0.627815
6     12     0.44          60             0.3289              1.25563                     0.627815
6     12     0.44          60             0.3311              2.51126                     0.887865
6     12     0.44          60             0.3333              0.627815                     0.443932
6     12     0.44          60             0.3355              2.51126                     0.887865
6     12     0.44          60             0.3377              0.627815                     0.443932
6     12     0.44          60             0.3399              0.941723                     0.543704
6     12     0.44          60             0.3421              0.627815                     0.443932
6     12     0.44          60             0.3443              0.313908                     0.313908
6     12     0.44          60             0.3465              0.313908                     0.313908
6     12     0.44          60             0.3487              0.627815                     0.443932
6     12     0.44          60             0.3509              0.313908                     0.313908
6     12     0.44          60             0.3531              0                     0
6     12     0.44          60             0.3553              0                     0
6     12     0.44          60             0.3575              0                     0
6     12     0.44          60             0.3597              0.627815                     0.443932
6     12     0.44          60             0.3619              0.313908                     0.313908
6     12     0.44          60             0.3641              0                     0
6     12     0.44          60             0.3663              0.313908                     0.313908
6     12     0.44          60             0.3685              0                     0
6     12     0.44          60             0.3707              0                     0
6     12     0.44          60             0.3729              0.313908                     0.313908
6     12     0.44          60             0.3751              0                     0
6     12     0.44          60             0.3773              0                     0
6     12     0.44          60             0.3795              0.313908                     0.313908
6     12     0.44          60             0.3817              0                     0
6     12     0.44          60             0.3839              0                     0
6     12     0.44          60             0.3861              0.313908                     0.313908
6     12     0.44          60             0.3883              0                     0
6     12     0.44          60             0.3905              0                     0
6     12     0.44          60             0.3927              0                     0
6     12     0.44          60             0.3949              0                     0
6     12     0.44          60             0.3971              0                     0
6     12     0.44          60             0.3993              0                     0
6     12     0.44          60             0.4015              0                     0
6     12     0.44          60             0.4037              0                     0
6     12     0.44          60             0.4059              0                     0
6     12     0.44          60             0.4081              0                     0
6     12     0.44          60             0.4103              0                     0
6     12     0.44          60             0.4125              0                     0
6     12     0.44          60             0.4147              0                     0
6     12     0.44          60             0.4169              0                     0
6     12     0.44          60             0.4191              0                     0
6     12     0.44          60             0.4213              0                     0
6     12     0.44          60             0.4235              0                     0
6     12     0.44          60             0.4257              0                     0
6     12     0.44          60             0.4279              0                     0
6     12     0.44          60             0.4301              0                     0
6     12     0.44          60             0.4323              0                     0
6     12     0.44          60             0.4345              0                     0
6     12     0.44          60             0.4367              0                     0
*******************************************************************************************************
 Average mean_angle 9.64345e+07 +- 76036.8 deg 
 Average E' 539877 +- 425.683 GeV 
