*******************************************************************************************************
Z     A     E(GeV)     Theta(deg)     Energy Loss(GeV)     Sigma(nb/sr/GeV)     ERROR     Citation     
*******************************************************************************************************
6     12     3.269          32.98             0.016345              0                     0
6     12     3.269          32.98             0.049035              0                     0
6     12     3.269          32.98             0.081725              0                     0
6     12     3.269          32.98             0.114415              0                     0
6     12     3.269          32.98             0.147105              0                     0
6     12     3.269          32.98             0.179795              0                     0
6     12     3.269          32.98             0.212485              0                     0
6     12     3.269          32.98             0.245175              0                     0
6     12     3.269          32.98             0.277865              0                     0
6     12     3.269          32.98             0.310555              0                     0
6     12     3.269          32.98             0.343245              0                     0
6     12     3.269          32.98             0.375935              0                     0
6     12     3.269          32.98             0.408625              0                     0
6     12     3.269          32.98             0.441315              0                     0
6     12     3.269          32.98             0.474005              0                     0
6     12     3.269          32.98             0.506695              0                     0
6     12     3.269          32.98             0.539385              0                     0
6     12     3.269          32.98             0.572075              0                     0
6     12     3.269          32.98             0.604765              0                     0
6     12     3.269          32.98             0.637455              0                     0
6     12     3.269          32.98             0.670145              0                     0
6     12     3.269          32.98             0.702835              0                     0
6     12     3.269          32.98             0.735525              0                     0
6     12     3.269          32.98             0.768215              0                     0
6     12     3.269          32.98             0.800905              0                     0
6     12     3.269          32.98             0.833595              0                     0
6     12     3.269          32.98             0.866285              0                     0
6     12     3.269          32.98             0.898975              0                     0
6     12     3.269          32.98             0.931665              0                     0
6     12     3.269          32.98             0.964355              0                     0
6     12     3.269          32.98             0.997045              0                     0
6     12     3.269          32.98             1.02974              0                     0
6     12     3.269          32.98             1.06243              0                     0
6     12     3.269          32.98             1.09512              0                     0
6     12     3.269          32.98             1.12781              0                     0
6     12     3.269          32.98             1.1605              0                     0
6     12     3.269          32.98             1.19319              0                     0
6     12     3.269          32.98             1.22588              0                     0
6     12     3.269          32.98             1.25857              0                     0
6     12     3.269          32.98             1.29126              0                     0
6     12     3.269          32.98             1.32395              0                     0
6     12     3.269          32.98             1.35664              0                     0
6     12     3.269          32.98             1.38933              0                     0
6     12     3.269          32.98             1.42202              0                     0
6     12     3.269          32.98             1.45471              0                     0
6     12     3.269          32.98             1.4874              0                     0
6     12     3.269          32.98             1.52009              0                     0
6     12     3.269          32.98             1.55278              0                     0
6     12     3.269          32.98             1.58547              0                     0
6     12     3.269          32.98             1.61816              0                     0
6     12     3.269          32.98             1.65085              0                     0
6     12     3.269          32.98             1.68354              0                     0
6     12     3.269          32.98             1.71623              0                     0
6     12     3.269          32.98             1.74892              0                     0
6     12     3.269          32.98             1.78161              0                     0
6     12     3.269          32.98             1.8143              4.89266                     0.564956
6     12     3.269          32.98             1.84699              44.1644                     1.69738
6     12     3.269          32.98             1.87968              93.5477                     2.47035
6     12     3.269          32.98             1.91237              120.686                     2.80589
6     12     3.269          32.98             1.94506              136.342                     2.98234
6     12     3.269          32.98             1.97775              148.15                     3.1088
6     12     3.269          32.98             2.01044              157.87                     3.20916
6     12     3.269          32.98             2.04312              167.068                     3.30133
6     12     3.269          32.98             2.07581              178.158                     3.40914
6     12     3.269          32.98             2.10851              183.377                     3.45871
6     12     3.269          32.98             2.1412              191.858                     3.53779
6     12     3.269          32.98             2.17389              204.448                     3.65202
6     12     3.269          32.98             2.20657              200.991                     3.62101
6     12     3.269          32.98             2.23927              210.841                     3.70868
6     12     3.269          32.98             2.27196              214.886                     3.74409
6     12     3.269          32.98             2.30465              223.954                     3.82227
6     12     3.269          32.98             2.33733              228.455                     3.86049
6     12     3.269          32.98             2.37003              227.802                     3.85497
6     12     3.269          32.98             2.40272              237.523                     3.93636
6     12     3.269          32.98             2.43541              235.044                     3.91576
6     12     3.269          32.98             2.46809              243.72                     3.98738
6     12     3.269          32.98             2.50079              247.96                     4.02192
6     12     3.269          32.98             2.53348              246.395                     4.0092
6     12     3.269          32.98             2.56617              250.961                     4.04618
6     12     3.269          32.98             2.59885              263.291                     4.14438
6     12     3.269          32.98             2.63155              256.376                     4.0896
6     12     3.269          32.98             2.66424              261.268                     4.12843
6     12     3.269          32.98             2.69693              265.9                     4.16487
6     12     3.269          32.98             2.72962              259.115                     4.11139
6     12     3.269          32.98             2.76231              264.465                     4.15361
6     12     3.269          32.98             2.795              264.269                     4.15208
6     12     3.269          32.98             2.82769              261.007                     4.12637
6     12     3.269          32.98             2.86038              263.747                     4.14797
6     12     3.269          32.98             2.89306              266.683                     4.17099
6     12     3.269          32.98             2.92576              262.964                     4.14181
6     12     3.269          32.98             2.95845              258.463                     4.10621
6     12     3.269          32.98             2.99114              246.721                     4.01185
6     12     3.269          32.98             3.02382              242.872                     3.98044
6     12     3.269          32.98             3.05652              224.802                     3.8295
6     12     3.269          32.98             3.08921              218.017                     3.77127
6     12     3.269          32.98             3.1219              189.379                     3.51486
6     12     3.269          32.98             3.15459              169.482                     3.32509
6     12     3.269          32.98             3.18728              132.493                     2.93994
6     12     3.269          32.98             3.21997              89.4379                     2.41548
*******************************************************************************************************
 Average angle 4.58152e+06 +- 12279.8 deg 
 Average E' 95783.4 +- 256.727 GeV 
