*******************************************************************************************************
Z     A     E(GeV)     Theta(deg)     Energy Loss(GeV)     Sigma(nb/sr/GeV)     ERROR     Citation     
*******************************************************************************************************
6     12     1.204          19.01             0.00602              3980.03                     156.835
6     12     1.204          19.01             0.01806              23509.4                     381.172
6     12     1.204          19.01             0.0301              47389.6                     541.18
6     12     1.204          19.01             0.04214              77066.7                     690.135
6     12     1.204          19.01             0.05418              103530                     799.897
6     12     1.204          19.01             0.06622              119982                     861.109
6     12     1.204          19.01             0.07826              129178                     893.5
6     12     1.204          19.01             0.0903              129011                     892.922
6     12     1.204          19.01             0.10234              123702                     874.358
6     12     1.204          19.01             0.11438              111008                     828.281
6     12     1.204          19.01             0.12642              95947.2                     770.045
6     12     1.204          19.01             0.13846              81646.2                     710.343
6     12     1.204          19.01             0.1505              64397.4                     630.862
6     12     1.204          19.01             0.16254              51950.5                     566.624
6     12     1.204          19.01             0.17458              40313.3                     499.142
6     12     1.204          19.01             0.18662              29442.3                     426.566
6     12     1.204          19.01             0.19866              22217.7                     370.553
6     12     1.204          19.01             0.2107              15697.6                     311.471
6     12     1.204          19.01             0.22274              11835                     270.449
6     12     1.204          19.01             0.23478              8330.87                     226.906
6     12     1.204          19.01             0.24682              6025.67                     192.976
6     12     1.204          19.01             0.25886              4202.52                     161.159
6     12     1.204          19.01             0.2709              3312.57                     143.081
6     12     1.204          19.01             0.28294              2329.92                     119.997
6     12     1.204          19.01             0.29498              1792.25                     105.245
6     12     1.204          19.01             0.30702              1433.8                     94.1336
6     12     1.204          19.01             0.31906              834.323                     71.8071
6     12     1.204          19.01             0.3311              593.296                     60.5531
6     12     1.204          19.01             0.34314              519.134                     56.6422
6     12     1.204          19.01             0.35518              426.432                     51.3364
6     12     1.204          19.01             0.36722              315.189                     44.1353
6     12     1.204          19.01             0.37926              228.666                     37.5925
6     12     1.204          19.01             0.3913              135.964                     28.9876
6     12     1.204          19.01             0.40334              74.1621                     21.4087
6     12     1.204          19.01             0.41538              67.9819                     20.4973
6     12     1.204          19.01             0.42742              67.9819                     20.4973
6     12     1.204          19.01             0.43946              18.5405                     10.7044
6     12     1.204          19.01             0.4515              24.7207                     12.3603
6     12     1.204          19.01             0.46354              30.9009                     13.8193
6     12     1.204          19.01             0.47558              0                     0
6     12     1.204          19.01             0.48762              30.9009                     13.8193
6     12     1.204          19.01             0.49966              6.18017                     6.18017
6     12     1.204          19.01             0.5117              12.3603                     8.74008
6     12     1.204          19.01             0.52374              0                     0
6     12     1.204          19.01             0.53578              12.3603                     8.74008
6     12     1.204          19.01             0.54782              0                     0
6     12     1.204          19.01             0.55986              0                     0
6     12     1.204          19.01             0.5719              0                     0
6     12     1.204          19.01             0.58394              0                     0
6     12     1.204          19.01             0.59598              0                     0
6     12     1.204          19.01             0.60802              0                     0
6     12     1.204          19.01             0.62006              0                     0
6     12     1.204          19.01             0.6321              0                     0
6     12     1.204          19.01             0.64414              0                     0
6     12     1.204          19.01             0.65618              0                     0
6     12     1.204          19.01             0.66822              6.18017                     6.18017
6     12     1.204          19.01             0.68026              0                     0
6     12     1.204          19.01             0.6923              0                     0
6     12     1.204          19.01             0.70434              0                     0
6     12     1.204          19.01             0.71638              0                     0
6     12     1.204          19.01             0.72842              0                     0
6     12     1.204          19.01             0.74046              0                     0
6     12     1.204          19.01             0.7525              0                     0
6     12     1.204          19.01             0.76454              0                     0
6     12     1.204          19.01             0.77658              0                     0
6     12     1.204          19.01             0.78862              0                     0
6     12     1.204          19.01             0.80066              0                     0
6     12     1.204          19.01             0.8127              0                     0
6     12     1.204          19.01             0.82474              0                     0
6     12     1.204          19.01             0.83678              0                     0
6     12     1.204          19.01             0.84882              0                     0
6     12     1.204          19.01             0.86086              0                     0
6     12     1.204          19.01             0.8729              0                     0
6     12     1.204          19.01             0.88494              0                     0
6     12     1.204          19.01             0.89698              0                     0
6     12     1.204          19.01             0.90902              0                     0
6     12     1.204          19.01             0.92106              0                     0
6     12     1.204          19.01             0.9331              0                     0
6     12     1.204          19.01             0.94514              0                     0
6     12     1.204          19.01             0.95718              0                     0
6     12     1.204          19.01             0.96922              0                     0
6     12     1.204          19.01             0.98126              0                     0
6     12     1.204          19.01             0.9933              0                     0
6     12     1.204          19.01             1.00534              0                     0
6     12     1.204          19.01             1.01738              0                     0
6     12     1.204          19.01             1.02942              0                     0
6     12     1.204          19.01             1.04146              0                     0
6     12     1.204          19.01             1.0535              0                     0
6     12     1.204          19.01             1.06554              0                     0
6     12     1.204          19.01             1.07758              0                     0
6     12     1.204          19.01             1.08962              0                     0
6     12     1.204          19.01             1.10166              0                     0
6     12     1.204          19.01             1.1137              0                     0
6     12     1.204          19.01             1.12574              0                     0
6     12     1.204          19.01             1.13778              0                     0
6     12     1.204          19.01             1.14982              0                     0
6     12     1.204          19.01             1.16186              0                     0
6     12     1.204          19.01             1.1739              0                     0
6     12     1.204          19.01             1.18594              0                     0
*******************************************************************************************************
 Average mean_angle 4.00812e+06 +- 8696.97 deg 
 Average E' 233309 +- 506.243 GeV 
