*******************************************************************************************************
Z     A     E(GeV)     Theta(deg)     Energy Loss(GeV)     Sigma(nb/sr/GeV)     ERROR     Citation     
*******************************************************************************************************
6     12     1.65          13.54             0.00825              0                     0
6     12     1.65          13.54             0.02475              0                     0
6     12     1.65          13.54             0.04125              0                     0
6     12     1.65          13.54             0.05775              0                     0
6     12     1.65          13.54             0.07425              0                     0
6     12     1.65          13.54             0.09075              0                     0
6     12     1.65          13.54             0.10725              0                     0
6     12     1.65          13.54             0.12375              0                     0
6     12     1.65          13.54             0.14025              0                     0
6     12     1.65          13.54             0.15675              0                     0
6     12     1.65          13.54             0.17325              0                     0
6     12     1.65          13.54             0.18975              18.3429                     4.90234
6     12     1.65          13.54             0.20625              69.4409                     9.53844
6     12     1.65          13.54             0.22275              226.666                     17.2331
6     12     1.65          13.54             0.23925              572.56                     27.3893
6     12     1.65          13.54             0.25575              1183.12                     39.3716
6     12     1.65          13.54             0.27225              2474.98                     56.945
6     12     1.65          13.54             0.28875              4476.97                     76.5882
6     12     1.65          13.54             0.30525              8150.79                     103.34
6     12     1.65          13.54             0.32175              13725.7                     134.103
6     12     1.65          13.54             0.33825              20348.8                     163.282
6     12     1.65          13.54             0.35475              27507.8                     189.844
6     12     1.65          13.54             0.37125              33836.1                     210.552
6     12     1.65          13.54             0.38775              38364.1                     224.198
6     12     1.65          13.54             0.40425              41489                     233.15
6     12     1.65          13.54             0.42075              41652.8                     233.61
6     12     1.65          13.54             0.43725              40805.1                     231.221
6     12     1.65          13.54             0.45375              38560.7                     224.772
6     12     1.65          13.54             0.47025              35695.3                     216.259
6     12     1.65          13.54             0.48675              32638.5                     206.793
6     12     1.65          13.54             0.50325              29482.3                     196.54
6     12     1.65          13.54             0.51975              25946                     184.376
6     12     1.65          13.54             0.53625              23358.4                     174.941
6     12     1.65          13.54             0.55275              21129.7                     166.386
6     12     1.65          13.54             0.56925              19067.4                     158.058
6     12     1.65          13.54             0.58575              17081.2                     149.599
6     12     1.65          13.54             0.60225              16329.1                     146.269
6     12     1.65          13.54             0.61875              15011                     140.241
6     12     1.65          13.54             0.63525              14581.3                     138.219
6     12     1.65          13.54             0.65175              14507.9                     137.871
6     12     1.65          13.54             0.66825              14407                     137.391
6     12     1.65          13.54             0.68475              14788.3                     139.197
6     12     1.65          13.54             0.70125              15346.4                     141.799
6     12     1.65          13.54             0.71775              16116.8                     145.315
6     12     1.65          13.54             0.73425              16618.7                     147.56
6     12     1.65          13.54             0.75075              17521.4                     151.514
6     12     1.65          13.54             0.76725              17869.9                     153.014
6     12     1.65          13.54             0.78375              18382.2                     155.192
6     12     1.65          13.54             0.80025              18373                     155.153
6     12     1.65          13.54             0.81675              18941.6                     157.536
6     12     1.65          13.54             0.83325              18818.5                     157.023
6     12     1.65          13.54             0.84975              18618                     156.184
6     12     1.65          13.54             0.86625              18777.9                     156.853
6     12     1.65          13.54             0.88275              18485.7                     155.628
6     12     1.65          13.54             0.89925              18201.4                     154.427
6     12     1.65          13.54             0.91575              17854.2                     152.947
6     12     1.65          13.54             0.93225              17459.8                     151.248
6     12     1.65          13.54             0.94875              17032.7                     149.386
6     12     1.65          13.54             0.96525              16562.3                     147.309
6     12     1.65          13.54             0.98175              16099.8                     145.238
6     12     1.65          13.54             0.99825              15367.4                     141.896
6     12     1.65          13.54             1.01475              14863                     139.548
6     12     1.65          13.54             1.03125              14021.8                     135.541
6     12     1.65          13.54             1.04775              13031.3                     130.666
6     12     1.65          13.54             1.06425              12097.1                     125.896
6     12     1.65          13.54             1.08075              11185.2                     121.058
6     12     1.65          13.54             1.09725              10079.4                     114.918
6     12     1.65          13.54             1.11375              9102                     109.204
6     12     1.65          13.54             1.13025              8273.95                     104.118
6     12     1.65          13.54             1.14675              7191.72                     97.0703
6     12     1.65          13.54             1.16325              6511.72                     92.3672
6     12     1.65          13.54             1.17975              5485.83                     84.7795
6     12     1.65          13.54             1.19625              4867.42                     79.8581
6     12     1.65          13.54             1.21275              4255.55                     74.6702
6     12     1.65          13.54             1.22925              3665.96                     69.3048
6     12     1.65          13.54             1.24575              3060.64                     63.3251
6     12     1.65          13.54             1.26225              2569.31                     58.0201
6     12     1.65          13.54             1.27875              2226.04                     54.0053
6     12     1.65          13.54             1.29525              1918.14                     50.1314
6     12     1.65          13.54             1.31175              1540.8                     44.9307
6     12     1.65          13.54             1.32825              1315.45                     41.5151
6     12     1.65          13.54             1.34475              1173.94                     39.2187
6     12     1.65          13.54             1.36125              880.458                     33.9644
6     12     1.65          13.54             1.37775              735.026                     31.0328
6     12     1.65          13.54             1.39425              487.397                     25.2703
6     12     1.65          13.54             1.41075              311.829                     20.2129
6     12     1.65          13.54             1.42725              174.257                     15.11
6     12     1.65          13.54             1.44375              121.849                     12.6352
6     12     1.65          13.54             1.46025              44.547                     7.63975
6     12     1.65          13.54             1.47675              1.31021                     1.31021
6     12     1.65          13.54             1.49325              0                     0
6     12     1.65          13.54             1.50975              0                     0
6     12     1.65          13.54             1.52625              0                     0
6     12     1.65          13.54             1.54275              0                     0
6     12     1.65          13.54             1.55925              0                     0
6     12     1.65          13.54             1.57575              0                     0
6     12     1.65          13.54             1.59225              0                     0
6     12     1.65          13.54             1.60875              0                     0
6     12     1.65          13.54             1.62525              0                     0
*******************************************************************************************************
 Average angle 1.1084e+07 +- 12201.9 deg 
 Average E' 806524 +- 887.869 GeV 
