*******************************************************************************************************
Z     A     E(GeV)     Theta(deg)     Energy Loss(GeV)     Sigma(nb/sr/GeV)     ERROR     Citation     
*******************************************************************************************************
6     12     0.68          36             0.0034              0                     0
6     12     0.68          36             0.0102              0                     0
6     12     0.68          36             0.017              0                     0
6     12     0.68          36             0.0238              0                     0
6     12     0.68          36             0.0306              0                     0
6     12     0.68          36             0.0374              0                     0
6     12     0.68          36             0.0442              0                     0
6     12     0.68          36             0.051              0                     0
6     12     0.68          36             0.0578              0                     0
6     12     0.68          36             0.0646              0                     0
6     12     0.68          36             0.0714              0                     0
6     12     0.68          36             0.0782              0                     0
6     12     0.68          36             0.085              0                     0
6     12     0.68          36             0.0918              0                     0
6     12     0.68          36             0.0986              0                     0
6     12     0.68          36             0.1054              0                     0
6     12     0.68          36             0.1122              0                     0
6     12     0.68          36             0.119              0                     0
6     12     0.68          36             0.1258              0                     0
6     12     0.68          36             0.1326              0                     0
6     12     0.68          36             0.1394              0                     0
6     12     0.68          36             0.1462              0                     0
6     12     0.68          36             0.153              0                     0
6     12     0.68          36             0.1598              0                     0
6     12     0.68          36             0.1666              0                     0
6     12     0.68          36             0.1734              1.05857                     0.432158
6     12     0.68          36             0.1802              10.0564                     1.332
6     12     0.68          36             0.187              30.8749                     2.33392
6     12     0.68          36             0.1938              71.4533                     3.55054
6     12     0.68          36             0.2006              121.03                     4.62093
6     12     0.68          36             0.2074              173.429                     5.53152
6     12     0.68          36             0.2142              255.291                     6.71122
6     12     0.68          36             0.221              346.152                     7.81478
6     12     0.68          36             0.2278              450.068                     8.91092
6     12     0.68          36             0.2346              534.929                     9.71476
6     12     0.68          36             0.2414              630.553                     10.5474
6     12     0.68          36             0.2482              734.822                     11.3861
6     12     0.68          36             0.255              808.922                     11.9464
6     12     0.68          36             0.2618              874.024                     12.4178
6     12     0.68          36             0.2686              942.125                     12.8925
6     12     0.68          36             0.2754              1011.99                     13.362
6     12     0.68          36             0.2822              1033.51                     13.5034
6     12     0.68          36             0.289              1085.91                     13.8414
6     12     0.68          36             0.2958              1117.67                     14.0424
6     12     0.68          36             0.3026              1122.26                     14.0712
6     12     0.68          36             0.3094              1172.89                     14.3851
6     12     0.68          36             0.3162              1185.24                     14.4606
6     12     0.68          36             0.323              1166.37                     14.345
6     12     0.68          36             0.3298              1174.83                     14.397
6     12     0.68          36             0.3366              1160.9                     14.3113
6     12     0.68          36             0.3434              1169.01                     14.3613
6     12     0.68          36             0.3502              1194.42                     14.5165
6     12     0.68          36             0.357              1147.84                     14.2306
6     12     0.68          36             0.3638              1128.96                     14.1131
6     12     0.68          36             0.3706              1124.2                     14.0833
6     12     0.68          36             0.3774              1116.79                     14.0368
6     12     0.68          36             0.3842              1089.09                     13.8617
6     12     0.68          36             0.391              1053.8                     13.6353
6     12     0.68          36             0.3978              1071.27                     13.7478
6     12     0.68          36             0.4046              1054.33                     13.6387
6     12     0.68          36             0.4114              1045.51                     13.5815
6     12     0.68          36             0.4182              1025.4                     13.4502
6     12     0.68          36             0.425              998.229                     13.2709
6     12     0.68          36             0.4318              1028.57                     13.4711
6     12     0.68          36             0.4386              983.586                     13.1732
6     12     0.68          36             0.4454              951.829                     12.9587
6     12     0.68          36             0.4522              945.301                     12.9142
6     12     0.68          36             0.459              901.9                     12.6143
6     12     0.68          36             0.4658              901.017                     12.6081
6     12     0.68          36             0.4726              872.965                     12.4103
6     12     0.68          36             0.4794              868.378                     12.3776
6     12     0.68          36             0.4862              822.507                     12.0463
6     12     0.68          36             0.493              805.57                     11.9216
6     12     0.68          36             0.4998              786.163                     11.7771
6     12     0.68          36             0.5066              764.815                     11.6161
6     12     0.68          36             0.5134              749.642                     11.5003
6     12     0.68          36             0.5202              717.18                     11.2486
6     12     0.68          36             0.527              684.717                     10.991
6     12     0.68          36             0.5338              652.431                     10.7288
6     12     0.68          36             0.5406              633.906                     10.5754
6     12     0.68          36             0.5474              607.794                     10.3553
6     12     0.68          36             0.5542              573.038                     10.0548
6     12     0.68          36             0.561              547.985                     9.83259
6     12     0.68          36             0.5678              543.045                     9.78817
6     12     0.68          36             0.5746              500.879                     9.40048
6     12     0.68          36             0.5814              474.591                     9.15047
6     12     0.68          36             0.5882              441.246                     8.82316
6     12     0.68          36             0.595              407.725                     8.4814
6     12     0.68          36             0.6018              238.001                     6.47997
6     12     0.68          36             0.6086              34.4034                     2.46368
6     12     0.68          36             0.6154              0                     0
6     12     0.68          36             0.6222              0                     0
6     12     0.68          36             0.629              0                     0
6     12     0.68          36             0.6358              0                     0
6     12     0.68          36             0.6426              0                     0
6     12     0.68          36             0.6494              0                     0
6     12     0.68          36             0.6562              0                     0
6     12     0.68          36             0.663              0                     0
6     12     0.68          36             0.6698              0                     0
*******************************************************************************************************
 Average mean_angle 1.01663e+07 +- 19120.9 deg 
 Average E' 80973.6 +- 152.296 GeV 
