*******************************************************************************************************
Z     A     E(GeV)     Theta(deg)     Energy Loss(GeV)     Sigma(nb/sr/GeV)     ERROR     Citation     
*******************************************************************************************************
6     12     1.3          11.95             0.0065              94.2218                     6.6459
6     12     1.3          11.95             0.0195              1379.58                     25.4302
6     12     1.3          11.95             0.0325              5346.27                     50.0614
6     12     1.3          11.95             0.0455              11385.4                     73.0552
6     12     1.3          11.95             0.0585              16807.1                     88.7614
6     12     1.3          11.95             0.0715              21384.6                     100.122
6     12     1.3          11.95             0.0845              25414.6                     109.149
6     12     1.3          11.95             0.0975              28598.4                     115.784
6     12     1.3          11.95             0.1105              31583.1                     121.676
6     12     1.3          11.95             0.1235              33898.8                     126.058
6     12     1.3          11.95             0.1365              35959.9                     129.834
6     12     1.3          11.95             0.1495              38650.6                     134.603
6     12     1.3          11.95             0.1625              41099.5                     138.802
6     12     1.3          11.95             0.1755              44068.6                     143.728
6     12     1.3          11.95             0.1885              47561.9                     149.316
6     12     1.3          11.95             0.2015              51134.3                     154.822
6     12     1.3          11.95             0.2145              54388                     159.672
6     12     1.3          11.95             0.2275              56704.7                     163.037
6     12     1.3          11.95             0.2405              57566.3                     164.271
6     12     1.3          11.95             0.2535              56611.4                     162.903
6     12     1.3          11.95             0.2665              53396.1                     158.21
6     12     1.3          11.95             0.2795              48706.6                     151.102
6     12     1.3          11.95             0.2925              42809.5                     141.66
6     12     1.3          11.95             0.3055              36523.4                     130.847
6     12     1.3          11.95             0.3185              30566.8                     119.702
6     12     1.3          11.95             0.3315              24947.2                     108.141
6     12     1.3          11.95             0.3445              20136.3                     97.1555
6     12     1.3          11.95             0.3575              16352.9                     87.5538
6     12     1.3          11.95             0.3705              13526.7                     79.6294
6     12     1.3          11.95             0.3835              11590.7                     73.711
6     12     1.3          11.95             0.3965              10202.2                     69.1552
6     12     1.3          11.95             0.4095              9301.71                     66.0327
6     12     1.3          11.95             0.4225              8949.67                     64.7711
6     12     1.3          11.95             0.4355              8742.94                     64.0187
6     12     1.3          11.95             0.4485              8454.65                     62.9543
6     12     1.3          11.95             0.4615              7913.7                     60.907
6     12     1.3          11.95             0.4745              7509.15                     59.3298
6     12     1.3          11.95             0.4875              6589.43                     55.5779
6     12     1.3          11.95             0.5005              5861.91                     52.42
6     12     1.3          11.95             0.5135              5074.38                     48.7719
6     12     1.3          11.95             0.5265              4310.77                     44.9526
6     12     1.3          11.95             0.5395              3519.96                     40.6206
6     12     1.3          11.95             0.5525              2909.16                     36.9285
6     12     1.3          11.95             0.5655              2290.39                     32.7667
6     12     1.3          11.95             0.5785              1672.09                     27.9967
6     12     1.3          11.95             0.5915              1148.01                     23.198
6     12     1.3          11.95             0.6045              739.243                     18.6154
6     12     1.3          11.95             0.6175              430.795                     14.2106
6     12     1.3          11.95             0.6305              203.913                     9.77688
6     12     1.3          11.95             0.6435              105.472                     7.03148
6     12     1.3          11.95             0.6565              21.0944                     3.14457
6     12     1.3          11.95             0.6695              9.84407                     2.14815
6     12     1.3          11.95             0.6825              0.468765                     0.468765
6     12     1.3          11.95             0.6955              0                     0
6     12     1.3          11.95             0.7085              0                     0
6     12     1.3          11.95             0.7215              0                     0
6     12     1.3          11.95             0.7345              0                     0
6     12     1.3          11.95             0.7475              0                     0
6     12     1.3          11.95             0.7605              0                     0
6     12     1.3          11.95             0.7735              0                     0
6     12     1.3          11.95             0.7865              0                     0
6     12     1.3          11.95             0.7995              0                     0
6     12     1.3          11.95             0.8125              0                     0
6     12     1.3          11.95             0.8255              0                     0
6     12     1.3          11.95             0.8385              0                     0
6     12     1.3          11.95             0.8515              0                     0
6     12     1.3          11.95             0.8645              0                     0
6     12     1.3          11.95             0.8775              0                     0
6     12     1.3          11.95             0.8905              0                     0
6     12     1.3          11.95             0.9035              0                     0
6     12     1.3          11.95             0.9165              0                     0
6     12     1.3          11.95             0.9295              0                     0
6     12     1.3          11.95             0.9425              0                     0
6     12     1.3          11.95             0.9555              0                     0
6     12     1.3          11.95             0.9685              0                     0
6     12     1.3          11.95             0.9815              0                     0
6     12     1.3          11.95             0.9945              0                     0
6     12     1.3          11.95             1.0075              0                     0
6     12     1.3          11.95             1.0205              0                     0
6     12     1.3          11.95             1.0335              0                     0
6     12     1.3          11.95             1.0465              0                     0
6     12     1.3          11.95             1.0595              0                     0
6     12     1.3          11.95             1.0725              0                     0
6     12     1.3          11.95             1.0855              0                     0
6     12     1.3          11.95             1.0985              0                     0
6     12     1.3          11.95             1.1115              0                     0
6     12     1.3          11.95             1.1245              0                     0
6     12     1.3          11.95             1.1375              0                     0
6     12     1.3          11.95             1.1505              0                     0
6     12     1.3          11.95             1.1635              0                     0
6     12     1.3          11.95             1.1765              0                     0
6     12     1.3          11.95             1.1895              0                     0
6     12     1.3          11.95             1.2025              0                     0
6     12     1.3          11.95             1.2155              0                     0
6     12     1.3          11.95             1.2285              0                     0
6     12     1.3          11.95             1.2415              0                     0
6     12     1.3          11.95             1.2545              0                     0
6     12     1.3          11.95             1.2675              0                     0
6     12     1.3          11.95             1.2805              0                     0
*******************************************************************************************************
 Average mean_angle 2.66184e+07 +- 17750.4 deg 
 Average E' 2.39098e+06 +- 1594.42 GeV 
