*******************************************************************************************************
Z     A     E(GeV)     Theta(deg)     Energy Loss(GeV)     Sigma(nb/sr/GeV)     ERROR     Citation     
*******************************************************************************************************
6     12     0.48          145             0.0012              0                     0
6     12     0.48          145             0.0036              0                     0
6     12     0.48          145             0.006              0                     0
6     12     0.48          145             0.0084              0                     0
6     12     0.48          145             0.0108              0                     0
6     12     0.48          145             0.0132              0                     0
6     12     0.48          145             0.0156              0                     0
6     12     0.48          145             0.018              0                     0
6     12     0.48          145             0.0204              0                     0
6     12     0.48          145             0.0228              0                     0
6     12     0.48          145             0.0252              0                     0
6     12     0.48          145             0.0276              0                     0
6     12     0.48          145             0.03              0                     0
6     12     0.48          145             0.0324              0                     0
6     12     0.48          145             0.0348              0                     0
6     12     0.48          145             0.0372              0                     0
6     12     0.48          145             0.0396              0                     0
6     12     0.48          145             0.042              0                     0
6     12     0.48          145             0.0444              0                     0
6     12     0.48          145             0.0468              0                     0
6     12     0.48          145             0.0492              0                     0
6     12     0.48          145             0.0516              0                     0
6     12     0.48          145             0.054              0                     0
6     12     0.48          145             0.0564              0                     0
6     12     0.48          145             0.0588              0                     0
6     12     0.48          145             0.0612              0                     0
6     12     0.48          145             0.0636              0                     0
6     12     0.48          145             0.066              0                     0
6     12     0.48          145             0.0684              0                     0
6     12     0.48          145             0.0708              0                     0
6     12     0.48          145             0.0732              0                     0
6     12     0.48          145             0.0756              0                     0
6     12     0.48          145             0.078              0                     0
6     12     0.48          145             0.0804              0                     0
6     12     0.48          145             0.0828              0                     0
6     12     0.48          145             0.0852              0                     0
6     12     0.48          145             0.0876              0                     0
6     12     0.48          145             0.09              0                     0
6     12     0.48          145             0.0924              0                     0
6     12     0.48          145             0.0948              0                     0
6     12     0.48          145             0.0972              0                     0
6     12     0.48          145             0.0996              0                     0
6     12     0.48          145             0.102              0                     0
6     12     0.48          145             0.1044              0                     0
6     12     0.48          145             0.1068              0                     0
6     12     0.48          145             0.1092              0                     0
6     12     0.48          145             0.1116              0                     0
6     12     0.48          145             0.114              0                     0
6     12     0.48          145             0.1164              0                     0
6     12     0.48          145             0.1188              0                     0
6     12     0.48          145             0.1212              0                     0
6     12     0.48          145             0.1236              0                     0
6     12     0.48          145             0.126              0                     0
6     12     0.48          145             0.1284              0                     0
6     12     0.48          145             0.1308              0                     0
6     12     0.48          145             0.1332              0                     0
6     12     0.48          145             0.1356              0                     0
6     12     0.48          145             0.138              0                     0
6     12     0.48          145             0.1404              0                     0
6     12     0.48          145             0.1428              0                     0
6     12     0.48          145             0.1452              0                     0
6     12     0.48          145             0.1476              0                     0
6     12     0.48          145             0.15              0                     0
6     12     0.48          145             0.1524              0                     0
6     12     0.48          145             0.1548              0                     0
6     12     0.48          145             0.1572              0                     0
6     12     0.48          145             0.1596              0                     0
6     12     0.48          145             0.162              0                     0
6     12     0.48          145             0.1644              0                     0
6     12     0.48          145             0.1668              0                     0
6     12     0.48          145             0.1692              0                     0
6     12     0.48          145             0.1716              0                     0
6     12     0.48          145             0.174              0                     0
6     12     0.48          145             0.1764              0                     0
6     12     0.48          145             0.1788              0                     0
6     12     0.48          145             0.1812              0                     0
6     12     0.48          145             0.1836              0                     0
6     12     0.48          145             0.186              0                     0
6     12     0.48          145             0.1884              0                     0
6     12     0.48          145             0.1908              0                     0
6     12     0.48          145             0.1932              0                     0
6     12     0.48          145             0.1956              0                     0
6     12     0.48          145             0.198              0                     0
6     12     0.48          145             0.2004              0                     0
6     12     0.48          145             0.2028              0                     0
6     12     0.48          145             0.2052              0                     0
6     12     0.48          145             0.2076              0                     0
6     12     0.48          145             0.21              0                     0
6     12     0.48          145             0.2124              0                     0
6     12     0.48          145             0.2148              0                     0
6     12     0.48          145             0.2172              0                     0
6     12     0.48          145             0.2196              0                     0
6     12     0.48          145             0.222              0                     0
6     12     0.48          145             0.2244              0                     0
6     12     0.48          145             0.2268              0                     0
6     12     0.48          145             0.2292              0                     0
6     12     0.48          145             0.2316              0                     0
6     12     0.48          145             0.234              0                     0
6     12     0.48          145             0.2364              0                     0
6     12     0.48          145             0.2388              0                     0
6     12     0.48          145             0.2412              0                     0
6     12     0.48          145             0.2436              0                     0
6     12     0.48          145             0.246              0                     0
6     12     0.48          145             0.2484              0                     0
6     12     0.48          145             0.2508              0                     0
6     12     0.48          145             0.2532              0                     0
6     12     0.48          145             0.2556              0                     0
6     12     0.48          145             0.258              0                     0
6     12     0.48          145             0.2604              0                     0
6     12     0.48          145             0.2628              0                     0
6     12     0.48          145             0.2652              0                     0
6     12     0.48          145             0.2676              0                     0
6     12     0.48          145             0.27              0                     0
6     12     0.48          145             0.2724              0                     0
6     12     0.48          145             0.2748              0                     0
6     12     0.48          145             0.2772              0                     0
6     12     0.48          145             0.2796              0                     0
6     12     0.48          145             0.282              0                     0
6     12     0.48          145             0.2844              0.905353                     0.640182
6     12     0.48          145             0.2868              0.452677                     0.452677
6     12     0.48          145             0.2892              0.905353                     0.640182
6     12     0.48          145             0.2916              1.35803                     0.784059
6     12     0.48          145             0.294              0.452677                     0.452677
6     12     0.48          145             0.2964              0.452677                     0.452677
6     12     0.48          145             0.2988              2.71606                     1.10883
6     12     0.48          145             0.3012              1.35803                     0.784059
6     12     0.48          145             0.3036              2.71606                     1.10883
6     12     0.48          145             0.306              4.07409                     1.35803
6     12     0.48          145             0.3084              4.07409                     1.35803
6     12     0.48          145             0.3108              5.8848                     1.63215
6     12     0.48          145             0.3132              6.33747                     1.69376
6     12     0.48          145             0.3156              6.33747                     1.69376
6     12     0.48          145             0.318              7.24283                     1.81071
6     12     0.48          145             0.3204              6.79015                     1.75321
6     12     0.48          145             0.3228              9.95889                     2.12324
6     12     0.48          145             0.3252              15.391                     2.63954
6     12     0.48          145             0.3276              18.1071                     2.86298
6     12     0.48          145             0.33              25.8026                     3.41763
6     12     0.48          145             0.3324              19.4651                     2.9684
6     12     0.48          145             0.3348              22.1812                     3.16874
6     12     0.48          145             0.3372              22.1812                     3.16874
6     12     0.48          145             0.3396              40.7409                     4.29447
6     12     0.48          145             0.342              31.2347                     3.76022
6     12     0.48          145             0.3444              45.7203                     4.54934
6     12     0.48          145             0.3468              45.7203                     4.54934
6     12     0.48          145             0.3492              56.1319                     5.04079
6     12     0.48          145             0.3516              64.2801                     5.39427
6     12     0.48          145             0.354              71.5229                     5.69006
6     12     0.48          145             0.3564              94.6094                     6.54427
6     12     0.48          145             0.3588              107.737                     6.98356
6     12     0.48          145             0.3612              100.042                     6.72952
6     12     0.48          145             0.3636              115.433                     7.22867
6     12     0.48          145             0.366              148.478                     8.19832
6     12     0.48          145             0.3684              142.593                     8.03421
6     12     0.48          145             0.3708              176.091                     8.92818
6     12     0.48          145             0.3732              170.659                     8.78939
6     12     0.48          145             0.3756              220.001                     9.97944
6     12     0.48          145             0.378              243.54                     10.4998
6     12     0.48          145             0.3804              259.384                     10.8359
6     12     0.48          145             0.3828              290.166                     11.4609
6     12     0.48          145             0.3852              319.59                     12.0279
6     12     0.48          145             0.3876              320.042                     12.0364
6     12     0.48          145             0.39              349.014                     12.5694
6     12     0.48          145             0.3924              361.236                     12.7876
6     12     0.48          145             0.3948              390.66                     13.2982
6     12     0.48          145             0.3972              423.705                     13.8492
6     12     0.48          145             0.3996              448.603                     14.2503
6     12     0.48          145             0.402              467.162                     14.5421
6     12     0.48          145             0.4044              514.241                     15.2573
6     12     0.48          145             0.4068              552.266                     15.8113
6     12     0.48          145             0.4092              565.393                     15.9981
6     12     0.48          145             0.4116              566.299                     16.0109
6     12     0.48          145             0.414              599.344                     16.4715
6     12     0.48          145             0.4164              612.019                     16.6447
6     12     0.48          145             0.4188              659.55                     17.279
6     12     0.48          145             0.4212              680.373                     17.5496
6     12     0.48          145             0.4236              651.402                     17.1719
6     12     0.48          145             0.426              726.999                     18.141
6     12     0.48          145             0.4284              745.106                     18.3655
6     12     0.48          145             0.4308              745.559                     18.3711
6     12     0.48          145             0.4332              777.246                     18.7574
6     12     0.48          145             0.4356              781.32                     18.8065
6     12     0.48          145             0.438              799.88                     19.0286
6     12     0.48          145             0.4404              782.678                     18.8229
6     12     0.48          145             0.4428              810.291                     19.152
6     12     0.48          145             0.4452              843.337                     19.5387
6     12     0.48          145             0.4476              859.18                     19.7213
6     12     0.48          145             0.45              875.477                     19.9075
6     12     0.48          145             0.4524              851.032                     19.6276
6     12     0.48          145             0.4548              894.489                     20.1225
6     12     0.48          145             0.4572              872.308                     19.8714
6     12     0.48          145             0.4596              904.448                     20.2342
6     12     0.48          145             0.462              906.259                     20.2544
6     12     0.48          145             0.4644              889.51                     20.0664
6     12     0.48          145             0.4668              907.617                     20.2696
6     12     0.48          145             0.4692              206.873                     9.67712
6     12     0.48          145             0.4716              0                     0
6     12     0.48          145             0.474              0                     0
6     12     0.48          145             0.4764              0                     0
*******************************************************************************************************
 Average angle 8.41308e+06 +- 34923.8 deg 
 Average E' 3109.94 +- 12.9097 GeV 
