*******************************************************************************************************
Z     A     E(GeV)     Theta(deg)     Energy Loss(GeV)     Sigma(nb/sr/GeV)     ERROR     Citation     
*******************************************************************************************************
6     12     4.6286          20             0.015              0                     0
6     12     4.6286          20             0.045              0                     0
6     12     4.6286          20             0.075              0                     0
6     12     4.6286          20             0.105              0                     0
6     12     4.6286          20             0.135              0                     0
6     12     4.6286          20             0.165              0                     0
6     12     4.6286          20             0.195              0                     0
6     12     4.6286          20             0.225              0                     0
6     12     4.6286          20             0.255              0                     0
6     12     4.6286          20             0.285              0                     0
6     12     4.6286          20             0.315              0                     0
6     12     4.6286          20             0.345              0.00349159                     0.00201587
6     12     4.6286          20             0.375              0.00465546                     0.00232773
6     12     4.6286          20             0.405              0.0128025                     0.0038601
6     12     4.6286          20             0.435              0.0232773                     0.00520496
6     12     4.6286          20             0.465              0.0826343                     0.00980689
6     12     4.6286          20             0.495              0.101256                     0.0108558
6     12     4.6286          20             0.525              0.172252                     0.014159
6     12     4.6286          20             0.555              0.280491                     0.018068
6     12     4.6286          20             0.585              0.380583                     0.0210463
6     12     4.6286          20             0.615              0.57844                     0.0259466
6     12     4.6286          20             0.645              0.75302                     0.0296043
6     12     4.6286          20             0.675              1.05097                     0.0349741
6     12     4.6286          20             0.705              1.29654                     0.0388459
6     12     4.6286          20             0.735              1.75511                     0.0451963
6     12     4.6286          20             0.765              2.16828                     0.0502353
6     12     4.6286          20             0.795              2.75719                     0.056648
6     12     4.6286          20             0.825              3.45318                     0.0633959
6     12     4.6286          20             0.855              4.59377                     0.0731199
6     12     4.6286          20             0.885              5.8263                     0.082347
6     12     4.6286          20             0.915              7.22178                     0.0916797
6     12     4.6286          20             0.945              8.85817                     0.101537
6     12     4.6286          20             0.975              10.0779                     0.108302
6     12     4.6286          20             1.005              11.1475                     0.113904
6     12     4.6286          20             1.035              12.3451                     0.119867
6     12     4.6286          20             1.065              13.4612                     0.125168
6     12     4.6286          20             1.095              13.6486                     0.126036
6     12     4.6286          20             1.125              14.0606                     0.127924
6     12     4.6286          20             1.155              14.5285                     0.130035
6     12     4.6286          20             1.185              14.3179                     0.129089
6     12     4.6286          20             1.215              14.2294                     0.12869
6     12     4.6286          20             1.245              13.6521                     0.126052
6     12     4.6286          20             1.275              13.2192                     0.124038
6     12     4.6286          20             1.305              12.3928                     0.120098
6     12     4.6286          20             1.335              11.918                     0.117775
6     12     4.6286          20             1.365              11.0579                     0.113445
6     12     4.6286          20             1.395              9.92543                     0.10748
6     12     4.6286          20             1.425              8.07256                     0.0969297
6     12     4.6286          20             1.455              6.5316                     0.0871889
6     12     4.6286          20             1.485              4.94759                     0.0758836
6     12     4.6286          20             1.515              3.4043                     0.0629456
6     12     4.6286          20             1.545              2.24044                     0.0510643
6     12     4.6286          20             1.575              1.07774                     0.0354167
6     12     4.6286          20             1.605              0.0453907                     0.00726833
6     12     4.6286          20             1.635              0                     0
6     12     4.6286          20             1.665              0                     0
6     12     4.6286          20             1.695              0                     0
6     12     4.6286          20             1.725              0                     0
6     12     4.6286          20             1.755              0                     0
6     12     4.6286          20             1.785              0                     0
6     12     4.6286          20             1.815              0                     0
6     12     4.6286          20             1.845              0                     0
6     12     4.6286          20             1.875              0                     0
6     12     4.6286          20             1.905              0                     0
6     12     4.6286          20             1.935              0                     0
6     12     4.6286          20             1.965              0                     0
6     12     4.6286          20             1.995              0                     0
6     12     4.6286          20             2.025              0                     0
6     12     4.6286          20             2.055              0                     0
6     12     4.6286          20             2.085              0                     0
6     12     4.6286          20             2.115              0                     0
6     12     4.6286          20             2.145              0                     0
6     12     4.6286          20             2.175              0                     0
6     12     4.6286          20             2.205              0                     0
6     12     4.6286          20             2.235              0                     0
6     12     4.6286          20             2.265              0                     0
6     12     4.6286          20             2.295              0                     0
6     12     4.6286          20             2.325              0                     0
6     12     4.6286          20             2.355              0                     0
6     12     4.6286          20             2.385              0                     0
6     12     4.6286          20             2.415              0                     0
6     12     4.6286          20             2.445              0                     0
6     12     4.6286          20             2.475              0                     0
6     12     4.6286          20             2.505              0                     0
6     12     4.6286          20             2.535              0                     0
6     12     4.6286          20             2.565              0                     0
6     12     4.6286          20             2.595              0                     0
6     12     4.6286          20             2.625              0                     0
6     12     4.6286          20             2.655              0                     0
6     12     4.6286          20             2.685              0                     0
6     12     4.6286          20             2.715              0                     0
6     12     4.6286          20             2.745              0                     0
6     12     4.6286          20             2.775              0                     0
6     12     4.6286          20             2.805              0                     0
6     12     4.6286          20             2.835              0                     0
6     12     4.6286          20             2.865              0                     0
6     12     4.6286          20             2.895              0                     0
6     12     4.6286          20             2.925              0                     0
6     12     4.6286          20             2.955              0                     0
*******************************************************************************************************
 Average mean_angle 4.34082e+06 +- 9225.41 deg 
 Average E' 768155 +- 1632.54 GeV 
