*******************************************************************************************************
Z     A     E(GeV)     Theta(deg)     Energy Loss(GeV)     Sigma(nb/sr/GeV)     ERROR     Citation     
*******************************************************************************************************
6     12     0.5188          90             0.002594              0                     0
6     12     0.5188          90             0.007782              0                     0
6     12     0.5188          90             0.01297              0                     0
6     12     0.5188          90             0.018158              0                     0
6     12     0.5188          90             0.023346              0                     0
6     12     0.5188          90             0.028534              0                     0
6     12     0.5188          90             0.033722              0                     0
6     12     0.5188          90             0.03891              0                     0
6     12     0.5188          90             0.044098              0                     0
6     12     0.5188          90             0.049286              0                     0
6     12     0.5188          90             0.054474              0                     0
6     12     0.5188          90             0.059662              0                     0
6     12     0.5188          90             0.06485              0                     0
6     12     0.5188          90             0.070038              0                     0
6     12     0.5188          90             0.075226              0                     0
6     12     0.5188          90             0.080414              0                     0
6     12     0.5188          90             0.085602              0                     0
6     12     0.5188          90             0.09079              0                     0
6     12     0.5188          90             0.095978              0                     0
6     12     0.5188          90             0.101166              0                     0
6     12     0.5188          90             0.106354              0                     0
6     12     0.5188          90             0.111542              0                     0
6     12     0.5188          90             0.11673              0                     0
6     12     0.5188          90             0.121918              0                     0
6     12     0.5188          90             0.127106              0                     0
6     12     0.5188          90             0.132294              0                     0
6     12     0.5188          90             0.137482              0                     0
6     12     0.5188          90             0.14267              0                     0
6     12     0.5188          90             0.147858              0                     0
6     12     0.5188          90             0.153046              0                     0
6     12     0.5188          90             0.158234              0                     0
6     12     0.5188          90             0.163422              0                     0
6     12     0.5188          90             0.16861              0                     0
6     12     0.5188          90             0.173798              0                     0
6     12     0.5188          90             0.178986              0                     0
6     12     0.5188          90             0.184174              0                     0
6     12     0.5188          90             0.189362              0                     0
6     12     0.5188          90             0.19455              0                     0
6     12     0.5188          90             0.199738              0                     0
6     12     0.5188          90             0.204926              0                     0
6     12     0.5188          90             0.210114              0                     0
6     12     0.5188          90             0.215302              0.124443                     0.124443
6     12     0.5188          90             0.22049              0                     0
6     12     0.5188          90             0.225678              0.373329                     0.215541
6     12     0.5188          90             0.230866              0.373329                     0.215541
6     12     0.5188          90             0.236054              1.24443                     0.393523
6     12     0.5188          90             0.241242              2.98663                     0.609643
6     12     0.5188          90             0.24643              3.23552                     0.634537
6     12     0.5188          90             0.251618              5.35105                     0.816027
6     12     0.5188          90             0.256806              7.34213                     0.955864
6     12     0.5188          90             0.261994              11.6976                     1.20652
6     12     0.5188          90             0.267182              15.8042                     1.4024
6     12     0.5188          90             0.27237              18.4176                     1.51391
6     12     0.5188          90             0.277558              23.2708                     1.70173
6     12     0.5188          90             0.282746              27.6263                     1.85416
6     12     0.5188          90             0.287934              35.3418                     2.09715
6     12     0.5188          90             0.293122              41.4395                     2.27087
6     12     0.5188          90             0.29831              48.2838                     2.45124
6     12     0.5188          90             0.303498              49.6527                     2.48575
6     12     0.5188          90             0.308686              62.7192                     2.79374
6     12     0.5188          90             0.313874              68.1947                     2.91313
6     12     0.5188          90             0.319062              80.8879                     3.17268
6     12     0.5188          90             0.32425              83.5012                     3.22353
6     12     0.5188          90             0.329438              85.7412                     3.26648
6     12     0.5188          90             0.334626              93.4566                     3.41028
6     12     0.5188          90             0.339814              102.665                     3.57435
6     12     0.5188          90             0.345002              104.905                     3.61313
6     12     0.5188          90             0.35019              110.381                     3.70623
6     12     0.5188          90             0.355378              116.105                     3.80111
6     12     0.5188          90             0.360566              120.087                     3.86575
6     12     0.5188          90             0.365754              122.452                     3.90362
6     12     0.5188          90             0.370942              134.647                     4.0934
6     12     0.5188          90             0.37613              131.785                     4.04966
6     12     0.5188          90             0.381318              132.158                     4.05539
6     12     0.5188          90             0.386506              139.003                     4.15907
6     12     0.5188          90             0.391694              135.643                     4.1085
6     12     0.5188          90             0.396882              133.776                     4.08013
6     12     0.5188          90             0.40207              134.398                     4.08961
6     12     0.5188          90             0.407258              132.656                     4.06302
6     12     0.5188          90             0.412446              131.412                     4.04392
6     12     0.5188          90             0.417634              136.265                     4.11791
6     12     0.5188          90             0.422822              129.296                     4.01123
6     12     0.5188          90             0.42801              122.95                     3.91155
6     12     0.5188          90             0.433198              120.585                     3.87375
6     12     0.5188          90             0.438386              124.194                     3.93129
6     12     0.5188          90             0.443574              126.683                     3.97049
6     12     0.5188          90             0.448762              118.47                     3.83962
6     12     0.5188          90             0.45395              110.381                     3.70623
6     12     0.5188          90             0.459138              106.523                     3.64089
6     12     0.5188          90             0.464326              96.8166                     3.47104
6     12     0.5188          90             0.469514              92.2122                     3.3875
6     12     0.5188          90             0.474702              84.4967                     3.24269
6     12     0.5188          90             0.47989              72.1769                     2.99698
6     12     0.5188          90             0.485078              72.5502                     3.00472
6     12     0.5188          90             0.490266              59.1104                     2.71217
6     12     0.5188          90             0.495454              52.6394                     2.55941
6     12     0.5188          90             0.500642              12.8176                     1.26296
6     12     0.5188          90             0.50583              0                     0
6     12     0.5188          90             0.511018              0                     0
*******************************************************************************************************
 Average mean_angle 3.09985e+06 +- 16700.6 deg 
 Average E' 4318.33 +- 23.2653 GeV 
