*******************************************************************************************************
Z     A     E(GeV)     Theta(deg)     Energy Loss(GeV)     Sigma(nb/sr/GeV)     ERROR     Citation     
*******************************************************************************************************
6     12     1.2044          70             0.406667              0                     0
6     12     1.2044          70             0.42              0                     0
6     12     1.2044          70             0.433333              0                     0
6     12     1.2044          70             0.446667              0                     0
6     12     1.2044          70             0.46              0                     0
6     12     1.2044          70             0.473333              0                     0
6     12     1.2044          70             0.486667              0                     0
6     12     1.2044          70             0.5              0                     0
6     12     1.2044          70             0.513333              0                     0
6     12     1.2044          70             0.526667              0.02709                     0.0191556
6     12     1.2044          70             0.54              0.10836                     0.0383111
6     12     1.2044          70             0.553333              0.230265                     0.0558476
6     12     1.2044          70             0.566667              0.392806                     0.0729422
6     12     1.2044          70             0.58              0.934607                     0.112513
6     12     1.2044          70             0.593333              2.56001                     0.186213
6     12     1.2044          70             0.606667              4.34795                     0.242679
6     12     1.2044          70             0.62              7.69357                     0.322815
6     12     1.2044          70             0.633333              12.4885                     0.411287
6     12     1.2044          70             0.646667              17.446                     0.486114
6     12     1.2044          70             0.66              26.6024                     0.600275
6     12     1.2044          70             0.673333              33.998                     0.678604
6     12     1.2044          70             0.686667              45.4029                     0.784209
6     12     1.2044          70             0.7              56.3067                     0.873313
6     12     1.2044          70             0.713333              68.5514                     0.963603
6     12     1.2044          70             0.726667              81.4327                     1.05024
6     12     1.2044          70             0.74              88.2865                     1.09355
6     12     1.2044          70             0.753333              100.098                     1.1644
6     12     1.2044          70             0.766667              103.078                     1.1816
6     12     1.2044          70             0.78              109.85                     1.2198
*******************************************************************************************************
 Average angle 3.42032e+07 +- 48919.8 deg 
 Average E' 110363 +- 157.849 GeV 
