*******************************************************************************************************
Z     A     E(GeV)     Theta(deg)     Energy Loss(GeV)     Sigma(nb/sr/GeV)     ERROR     Citation     
*******************************************************************************************************
6     12     0.32          60             0.0016              0                     0
6     12     0.32          60             0.0048              0                     0
6     12     0.32          60             0.008              0                     0
6     12     0.32          60             0.0112              0                     0
6     12     0.32          60             0.0144              0                     0
6     12     0.32          60             0.0176              0                     0
6     12     0.32          60             0.0208              0                     0
6     12     0.32          60             0.024              0                     0
6     12     0.32          60             0.0272              0                     0
6     12     0.32          60             0.0304              0                     0
6     12     0.32          60             0.0336              0                     0
6     12     0.32          60             0.0368              0                     0
6     12     0.32          60             0.04              0                     0
6     12     0.32          60             0.0432              0                     0
6     12     0.32          60             0.0464              0                     0
6     12     0.32          60             0.0496              0                     0
6     12     0.32          60             0.0528              0                     0
6     12     0.32          60             0.056              0                     0
6     12     0.32          60             0.0592              0                     0
6     12     0.32          60             0.0624              0                     0
6     12     0.32          60             0.0656              0                     0
6     12     0.32          60             0.0688              0                     0
6     12     0.32          60             0.072              0                     0
6     12     0.32          60             0.0752              0                     0
6     12     0.32          60             0.0784              0                     0
6     12     0.32          60             0.0816              0                     0
6     12     0.32          60             0.0848              0                     0
6     12     0.32          60             0.088              0                     0
6     12     0.32          60             0.0912              0                     0
6     12     0.32          60             0.0944              0                     0
6     12     0.32          60             0.0976              0                     0
6     12     0.32          60             0.1008              0                     0
6     12     0.32          60             0.104              0                     0
6     12     0.32          60             0.1072              0                     0
6     12     0.32          60             0.1104              0                     0
6     12     0.32          60             0.1136              0                     0
6     12     0.32          60             0.1168              0                     0
6     12     0.32          60             0.12              0                     0
6     12     0.32          60             0.1232              0                     0
6     12     0.32          60             0.1264              0                     0
6     12     0.32          60             0.1296              0                     0
6     12     0.32          60             0.1328              0                     0
6     12     0.32          60             0.136              0                     0
6     12     0.32          60             0.1392              0                     0
6     12     0.32          60             0.1424              0                     0
6     12     0.32          60             0.1456              0                     0
6     12     0.32          60             0.1488              0                     0
6     12     0.32          60             0.152              0                     0
6     12     0.32          60             0.1552              0                     0
6     12     0.32          60             0.1584              0                     0
6     12     0.32          60             0.1616              0                     0
6     12     0.32          60             0.1648              0                     0
6     12     0.32          60             0.168              0.539825                     0.311668
6     12     0.32          60             0.1712              0.359884                     0.254476
6     12     0.32          60             0.1744              1.61948                     0.539825
6     12     0.32          60             0.1776              1.61948                     0.539825
6     12     0.32          60             0.1808              3.77878                     0.824597
6     12     0.32          60             0.184              5.03837                     0.952162
6     12     0.32          60             0.1872              5.75814                     1.0179
6     12     0.32          60             0.1904              8.81715                     1.25959
6     12     0.32          60             0.1936              12.9558                     1.52686
6     12     0.32          60             0.1968              18.3541                     1.81732
6     12     0.32          60             0.2              26.8113                     2.19647
6     12     0.32          60             0.2032              39.4072                     2.66289
6     12     0.32          60             0.2064              49.6639                     2.98942
6     12     0.32          60             0.2096              62.9796                     3.3664
6     12     0.32          60             0.2128              72.8764                     3.62126
6     12     0.32          60             0.216              97.5284                     4.1892
6     12     0.32          60             0.2192              126.499                     4.771
6     12     0.32          60             0.2224              157.269                     5.31971
6     12     0.32          60             0.2256              180.482                     5.69879
6     12     0.32          60             0.2288              232.485                     6.4679
6     12     0.32          60             0.232              289.166                     7.2134
6     12     0.32          60             0.2352              337.931                     7.79794
6     12     0.32          60             0.2384              384.715                     8.32024
6     12     0.32          60             0.2416              495.56                     9.44309
6     12     0.32          60             0.2448              568.616                     10.1152
6     12     0.32          60             0.248              687.917                     11.1259
6     12     0.32          60             0.2512              819.275                     12.1417
6     12     0.32          60             0.2544              906.367                     12.7708
6     12     0.32          60             0.2576              509.775                     9.57757
6     12     0.32          60             0.2608              35.4485                     2.5256
6     12     0.32          60             0.264              0                     0
6     12     0.32          60             0.2672              0                     0
6     12     0.32          60             0.2704              0                     0
6     12     0.32          60             0.2736              0                     0
6     12     0.32          60             0.2768              0                     0
6     12     0.32          60             0.28              0                     0
6     12     0.32          60             0.2832              0                     0
6     12     0.32          60             0.2864              0                     0
6     12     0.32          60             0.2896              0                     0
6     12     0.32          60             0.2928              0                     0
6     12     0.32          60             0.296              0                     0
6     12     0.32          60             0.2992              0                     0
6     12     0.32          60             0.3024              0                     0
6     12     0.32          60             0.3056              0                     0
6     12     0.32          60             0.3088              0                     0
6     12     0.32          60             0.312              0                     0
6     12     0.32          60             0.3152              0                     0
*******************************************************************************************************
 Average angle 2.04887e+06 +- 11092 deg 
 Average E' 2659.95 +- 14.4002 GeV 
