*******************************************************************************************************
Z     A     E(GeV)     Theta(deg)     Energy Loss(GeV)     Sigma(nb/sr/GeV)     ERROR     Citation     
*******************************************************************************************************
6     12     1.2044          45             0.113333              0.612011                     0.0742173
6     12     1.2044          45             0.14              2.03404                     0.135302
6     12     1.2044          45             0.166667              5.03109                     0.212793
6     12     1.2044          45             0.193333              9.28817                     0.289128
6     12     1.2044          45             0.22              15.9753                     0.379184
6     12     1.2044          45             0.246667              25.1285                     0.475563
6     12     1.2044          45             0.273333              37.5667                     0.581469
6     12     1.2044          45             0.3              54.739                     0.701898
6     12     1.2044          45             0.326667              79.5885                     0.846351
6     12     1.2044          45             0.353333              111.206                     1.00044
6     12     1.2044          45             0.38              152.589                     1.17189
6     12     1.2044          45             0.406667              193.63                     1.32011
6     12     1.2044          45             0.433333              220.504                     1.40875
6     12     1.2044          45             0.46              236.227                     1.45811
6     12     1.2044          45             0.486667              237.181                     1.46105
6     12     1.2044          45             0.513333              223.978                     1.4198
6     12     1.2044          45             0.54              203.485                     1.35329
6     12     1.2044          45             0.566667              165.711                     1.22124
6     12     1.2044          45             0.593333              137.523                     1.11253
6     12     1.2044          45             0.62              111.071                     0.999829
6     12     1.2044          45             0.646667              87.8326                     0.889105
6     12     1.2044          45             0.673333              78.3015                     0.83948
6     12     1.2044          45             0.7              78.3915                     0.839962
6     12     1.2044          45             0.726667              80.7495                     0.852502
6     12     1.2044          45             0.753333              81.2175                     0.854969
6     12     1.2044          45             0.78              81.1095                     0.8544
6     12     1.2044          45             0.806667              78.9495                     0.842946
6     12     1.2044          45             0.833333              79.3455                     0.845058
6     12     1.2044          45             0.86              79.9845                     0.848454
*******************************************************************************************************
 Average mean_angle 1.78653e+07 +- 28332.8 deg 
 Average E' 235708 +- 373.811 GeV 
