*******************************************************************************************************
Z     A     E(GeV)     Theta(deg)     Energy Loss(GeV)     Sigma(nb/sr/GeV)     ERROR     Citation     
*******************************************************************************************************
6     12     1.204          13.01             0.00602              308194                     1660.1
6     12     1.204          13.01             0.01806              666358                     2441.05
6     12     1.204          13.01             0.0301              858848                     2771.29
6     12     1.204          13.01             0.04214              948459                     2912.27
6     12     1.204          13.01             0.05418              903372                     2842.21
6     12     1.204          13.01             0.06622              776973                     2635.88
6     12     1.204          13.01             0.07826              619563                     2353.78
6     12     1.204          13.01             0.0903              465506                     2040.26
6     12     1.204          13.01             0.10234              329244                     1715.86
6     12     1.204          13.01             0.11438              227222                     1425.44
6     12     1.204          13.01             0.12642              148307                     1151.61
6     12     1.204          13.01             0.13846              94403.2                     918.791
6     12     1.204          13.01             0.1505              58768.4                     724.928
6     12     1.204          13.01             0.16254              36403.9                     570.554
6     12     1.204          13.01             0.17458              22677.5                     450.32
6     12     1.204          13.01             0.18662              14155.6                     355.784
6     12     1.204          13.01             0.19866              9666.56                     294.008
6     12     1.204          13.01             0.2107              5553.13                     222.839
6     12     1.204          13.01             0.22274              3836.22                     185.214
6     12     1.204          13.01             0.23478              2351.81                     145.019
6     12     1.204          13.01             0.24682              1457.58                     114.167
6     12     1.204          13.01             0.25886              1153.55                     101.564
6     12     1.204          13.01             0.2709              563.361                     70.9768
6     12     1.204          13.01             0.28294              500.765                     66.9176
6     12     1.204          13.01             0.29498              277.209                     49.7883
6     12     1.204          13.01             0.30702              178.845                     39.9909
6     12     1.204          13.01             0.31906              152.018                     36.8698
6     12     1.204          13.01             0.3311              107.307                     30.9768
6     12     1.204          13.01             0.34314              80.4802                     26.8267
6     12     1.204          13.01             0.35518              53.6534                     21.9039
6     12     1.204          13.01             0.36722              44.7112                     19.9955
6     12     1.204          13.01             0.37926              44.7112                     19.9955
6     12     1.204          13.01             0.3913              44.7112                     19.9955
6     12     1.204          13.01             0.40334              8.94224                     8.94224
6     12     1.204          13.01             0.41538              17.8845                     12.6462
6     12     1.204          13.01             0.42742              8.94224                     8.94224
6     12     1.204          13.01             0.43946              8.94224                     8.94224
6     12     1.204          13.01             0.4515              0                     0
6     12     1.204          13.01             0.46354              0                     0
6     12     1.204          13.01             0.47558              0                     0
6     12     1.204          13.01             0.48762              0                     0
6     12     1.204          13.01             0.49966              0                     0
6     12     1.204          13.01             0.5117              0                     0
6     12     1.204          13.01             0.52374              0                     0
6     12     1.204          13.01             0.53578              0                     0
6     12     1.204          13.01             0.54782              0                     0
6     12     1.204          13.01             0.55986              0                     0
6     12     1.204          13.01             0.5719              0                     0
6     12     1.204          13.01             0.58394              0                     0
6     12     1.204          13.01             0.59598              0                     0
6     12     1.204          13.01             0.60802              0                     0
6     12     1.204          13.01             0.62006              0                     0
6     12     1.204          13.01             0.6321              0                     0
6     12     1.204          13.01             0.64414              0                     0
6     12     1.204          13.01             0.65618              0                     0
6     12     1.204          13.01             0.66822              0                     0
6     12     1.204          13.01             0.68026              0                     0
6     12     1.204          13.01             0.6923              0                     0
6     12     1.204          13.01             0.70434              0                     0
6     12     1.204          13.01             0.71638              0                     0
6     12     1.204          13.01             0.72842              0                     0
6     12     1.204          13.01             0.74046              0                     0
6     12     1.204          13.01             0.7525              0                     0
6     12     1.204          13.01             0.76454              0                     0
6     12     1.204          13.01             0.77658              0                     0
6     12     1.204          13.01             0.78862              0                     0
6     12     1.204          13.01             0.80066              0                     0
6     12     1.204          13.01             0.8127              0                     0
6     12     1.204          13.01             0.82474              0                     0
6     12     1.204          13.01             0.83678              0                     0
6     12     1.204          13.01             0.84882              0                     0
6     12     1.204          13.01             0.86086              0                     0
6     12     1.204          13.01             0.8729              0                     0
6     12     1.204          13.01             0.88494              0                     0
6     12     1.204          13.01             0.89698              0                     0
6     12     1.204          13.01             0.90902              0                     0
6     12     1.204          13.01             0.92106              0                     0
6     12     1.204          13.01             0.9331              0                     0
6     12     1.204          13.01             0.94514              0                     0
6     12     1.204          13.01             0.95718              0                     0
6     12     1.204          13.01             0.96922              0                     0
6     12     1.204          13.01             0.98126              0                     0
6     12     1.204          13.01             0.9933              0                     0
6     12     1.204          13.01             1.00534              0                     0
6     12     1.204          13.01             1.01738              0                     0
6     12     1.204          13.01             1.02942              0                     0
6     12     1.204          13.01             1.04146              0                     0
6     12     1.204          13.01             1.0535              0                     0
6     12     1.204          13.01             1.06554              0                     0
6     12     1.204          13.01             1.07758              0                     0
6     12     1.204          13.01             1.08962              0                     0
6     12     1.204          13.01             1.10166              0                     0
6     12     1.204          13.01             1.1137              0                     0
6     12     1.204          13.01             1.12574              0                     0
6     12     1.204          13.01             1.13778              0                     0
6     12     1.204          13.01             1.14982              0                     0
6     12     1.204          13.01             1.16186              0                     0
6     12     1.204          13.01             1.1739              0                     0
6     12     1.204          13.01             1.18594              0                     0
*******************************************************************************************************
 Average mean_angle 9.34212e+06 +- 10953.7 deg 
 Average E' 832264 +- 975.832 GeV 
