*******************************************************************************************************
Z     A     E(GeV)     Theta(deg)     Energy Loss(GeV)     Sigma(nb/sr/GeV)     ERROR     Citation     
*******************************************************************************************************
6     12     0.36          60             0.0018              239.823                     6.41183
6     12     0.36          60             0.0054              929.978                     12.6262
6     12     0.36          60             0.009              2210.18                     19.4648
6     12     0.36          60             0.0126              3589.63                     24.8063
6     12     0.36          60             0.0162              4909.26                     29.0098
6     12     0.36          60             0.0198              6362.25                     33.0249
6     12     0.36          60             0.0234              7733.13                     36.4095
6     12     0.36          60             0.027              9156.64                     39.6191
6     12     0.36          60             0.0306              10635.2                     42.6981
6     12     0.36          60             0.0342              12182.1                     45.6981
6     12     0.36          60             0.0378              13890.2                     48.7967
6     12     0.36          60             0.0414              15275.6                     51.1724
6     12     0.36          60             0.045              16503.7                     53.1897
6     12     0.36          60             0.0486              17509.1                     54.7859
6     12     0.36          60             0.0522              18341.1                     56.0723
6     12     0.36          60             0.0558              18954.1                     57.0017
6     12     0.36          60             0.0594              19365                     57.6162
6     12     0.36          60             0.063              19587.5                     57.9463
6     12     0.36          60             0.0666              19547.4                     57.8869
6     12     0.36          60             0.0702              19484.6                     57.794
6     12     0.36          60             0.0738              19047                     57.1412
6     12     0.36          60             0.0774              18643.1                     56.5322
6     12     0.36          60             0.081              17969.1                     55.5008
6     12     0.36          60             0.0846              17163.7                     54.2428
6     12     0.36          60             0.0882              16377.7                     52.9863
6     12     0.36          60             0.0918              15512.7                     51.568
6     12     0.36          60             0.0954              14581.5                     49.9963
6     12     0.36          60             0.099              13646.4                     48.3666
6     12     0.36          60             0.1026              12681.6                     46.6256
6     12     0.36          60             0.1062              11589.8                     44.5733
6     12     0.36          60             0.1098              10604.7                     42.6368
6     12     0.36          60             0.1134              9678.8                     40.7331
6     12     0.36          60             0.117              8667.74                     38.5469
6     12     0.36          60             0.1206              7818.16                     36.6091
6     12     0.36          60             0.1242              6904.98                     34.4047
6     12     0.36          60             0.1278              6129.46                     32.4151
6     12     0.36          60             0.1314              5415.82                     30.4697
6     12     0.36          60             0.135              4710.92                     28.4177
6     12     0.36          60             0.1386              4106.82                     26.5332
6     12     0.36          60             0.1422              3522.43                     24.573
6     12     0.36          60             0.1458              3099.36                     23.0501
6     12     0.36          60             0.1494              2613.88                     21.168
6     12     0.36          60             0.153              2185.15                     19.3543
6     12     0.36          60             0.1566              1871.78                     17.9128
6     12     0.36          60             0.1602              1562.88                     16.3681
6     12     0.36          60             0.1638              1345.51                     15.1873
6     12     0.36          60             0.1674              1119.75                     13.8547
6     12     0.36          60             0.171              917.293                     12.5398
6     12     0.36          60             0.1746              775.01                     11.5263
6     12     0.36          60             0.1782              642.671                     10.4962
6     12     0.36          60             0.1818              540.673                     9.62728
6     12     0.36          60             0.1854              430.104                     8.58664
6     12     0.36          60             0.189              355.363                     7.805
6     12     0.36          60             0.1926              286.622                     7.00957
6     12     0.36          60             0.1962              243.423                     6.45977
6     12     0.36          60             0.1998              194.053                     5.76761
6     12     0.36          60             0.2034              159.939                     5.23617
6     12     0.36          60             0.207              118.797                     4.51273
6     12     0.36          60             0.2106              88.9693                     3.90532
6     12     0.36          60             0.2142              79.7124                     3.69657
6     12     0.36          60             0.2178              62.2271                     3.26608
6     12     0.36          60             0.2214              48.6846                     2.8889
6     12     0.36          60             0.225              33.5992                     2.39994
6     12     0.36          60             0.2286              27.2565                     2.16158
6     12     0.36          60             0.2322              25.028                     2.07133
6     12     0.36          60             0.2358              21.4281                     1.91658
6     12     0.36          60             0.2394              16.6282                     1.68834
6     12     0.36          60             0.243              14.0568                     1.55232
6     12     0.36          60             0.2466              9.7712                     1.29423
6     12     0.36          60             0.2502              6.85698                     1.08418
6     12     0.36          60             0.2538              4.79989                     0.907093
6     12     0.36          60             0.2574              4.11419                     0.839805
6     12     0.36          60             0.261              3.77134                     0.804052
6     12     0.36          60             0.2646              1.54282                     0.514274
6     12     0.36          60             0.2682              2.57137                     0.663924
6     12     0.36          60             0.2718              1.02855                     0.419903
6     12     0.36          60             0.2754              0.857123                     0.383317
6     12     0.36          60             0.279              1.19997                     0.453547
6     12     0.36          60             0.2826              0.685698                     0.342849
6     12     0.36          60             0.2862              0.685698                     0.342849
6     12     0.36          60             0.2898              1.02855                     0.419903
6     12     0.36          60             0.2934              0                     0
6     12     0.36          60             0.297              0                     0
6     12     0.36          60             0.3006              0.342849                     0.242431
6     12     0.36          60             0.3042              0                     0
6     12     0.36          60             0.3078              0                     0
6     12     0.36          60             0.3114              0                     0
6     12     0.36          60             0.315              0                     0
6     12     0.36          60             0.3186              0                     0
6     12     0.36          60             0.3222              0                     0
6     12     0.36          60             0.3258              0                     0
6     12     0.36          60             0.3294              0                     0
6     12     0.36          60             0.333              0                     0
6     12     0.36          60             0.3366              0                     0
6     12     0.36          60             0.3402              0                     0
6     12     0.36          60             0.3438              0                     0
6     12     0.36          60             0.3474              0                     0
6     12     0.36          60             0.351              0                     0
6     12     0.36          60             0.3546              0                     0
*******************************************************************************************************
 Average mean_angle 1.67916e+08 +- 100338 deg 
 Average E' 795164 +- 475.147 GeV 
