*******************************************************************************************************
Z     A     E(GeV)     Theta(deg)     Energy Loss(GeV)     Sigma(nb/sr/GeV)     ERROR     Citation     
*******************************************************************************************************
6     12     0.2801          145             0.0014005              0                     0
6     12     0.2801          145             0.0042015              0                     0
6     12     0.2801          145             0.0070025              0                     0
6     12     0.2801          145             0.0098035              0                     0
6     12     0.2801          145             0.0126045              0                     0
6     12     0.2801          145             0.0154055              0                     0
6     12     0.2801          145             0.0182065              0                     0
6     12     0.2801          145             0.0210075              0                     0
6     12     0.2801          145             0.0238085              0                     0
6     12     0.2801          145             0.0266095              0                     0
6     12     0.2801          145             0.0294105              0                     0
6     12     0.2801          145             0.0322115              0                     0
6     12     0.2801          145             0.0350125              0                     0
6     12     0.2801          145             0.0378135              0                     0
6     12     0.2801          145             0.0406145              0                     0
6     12     0.2801          145             0.0434155              0                     0
6     12     0.2801          145             0.0462165              0                     0
6     12     0.2801          145             0.0490175              0                     0
6     12     0.2801          145             0.0518185              0                     0
6     12     0.2801          145             0.0546195              0                     0
6     12     0.2801          145             0.0574205              0                     0
6     12     0.2801          145             0.0602215              0                     0
6     12     0.2801          145             0.0630225              0                     0
6     12     0.2801          145             0.0658235              0                     0
6     12     0.2801          145             0.0686245              0                     0
6     12     0.2801          145             0.0714255              0                     0
6     12     0.2801          145             0.0742265              0                     0
6     12     0.2801          145             0.0770275              0                     0
6     12     0.2801          145             0.0798285              0                     0
6     12     0.2801          145             0.0826295              0                     0
6     12     0.2801          145             0.0854305              0                     0
6     12     0.2801          145             0.0882315              0                     0
6     12     0.2801          145             0.0910325              0                     0
6     12     0.2801          145             0.0938335              0                     0
6     12     0.2801          145             0.0966345              0                     0
6     12     0.2801          145             0.0994355              0                     0
6     12     0.2801          145             0.102237              0                     0
6     12     0.2801          145             0.105038              0                     0
6     12     0.2801          145             0.107839              0                     0
6     12     0.2801          145             0.11064              0                     0
6     12     0.2801          145             0.11344              0                     0
6     12     0.2801          145             0.116241              0                     0
6     12     0.2801          145             0.119043              0                     0
6     12     0.2801          145             0.121844              0                     0
6     12     0.2801          145             0.124645              0                     0
6     12     0.2801          145             0.127446              0                     0
6     12     0.2801          145             0.130247              0                     0
6     12     0.2801          145             0.133048              0                     0
6     12     0.2801          145             0.135849              0                     0
6     12     0.2801          145             0.13865              0                     0
6     12     0.2801          145             0.141451              0                     0
6     12     0.2801          145             0.144252              0                     0
6     12     0.2801          145             0.147053              0                     0
6     12     0.2801          145             0.149854              0                     0
6     12     0.2801          145             0.152654              0                     0
6     12     0.2801          145             0.155455              0                     0
6     12     0.2801          145             0.158256              0                     0
6     12     0.2801          145             0.161057              0                     0
6     12     0.2801          145             0.163859              0                     0
6     12     0.2801          145             0.16666              0                     0
6     12     0.2801          145             0.169461              0                     0
6     12     0.2801          145             0.172262              0                     0
6     12     0.2801          145             0.175063              0                     0
6     12     0.2801          145             0.177864              0                     0
6     12     0.2801          145             0.180665              0                     0
6     12     0.2801          145             0.183466              1.11705                     0.558527
6     12     0.2801          145             0.186267              0                     0
6     12     0.2801          145             0.189067              0.279264                     0.279264
6     12     0.2801          145             0.191868              0                     0
6     12     0.2801          145             0.194669              1.11705                     0.558527
6     12     0.2801          145             0.19747              0.837791                     0.483699
6     12     0.2801          145             0.200272              1.67558                     0.684054
6     12     0.2801          145             0.203073              2.79264                     0.883109
6     12     0.2801          145             0.205874              0.837791                     0.483699
6     12     0.2801          145             0.208675              3.90969                     1.04491
6     12     0.2801          145             0.211476              6.98159                     1.39632
6     12     0.2801          145             0.214277              4.74748                     1.15143
6     12     0.2801          145             0.217078              8.65717                     1.55487
6     12     0.2801          145             0.219879              13.1254                     1.91454
6     12     0.2801          145             0.22268              16.7558                     2.16317
6     12     0.2801          145             0.225481              26.8093                     2.73621
6     12     0.2801          145             0.228281              31.5568                     2.96861
6     12     0.2801          145             0.231082              41.0518                     3.38589
6     12     0.2801          145             0.233883              54.1772                     3.88969
6     12     0.2801          145             0.236685              72.6086                     4.50299
6     12     0.2801          145             0.239486              84.6169                     4.86111
6     12     0.2801          145             0.242287              106.958                     5.4653
6     12     0.2801          145             0.245088              130.137                     6.02847
6     12     0.2801          145             0.247889              164.486                     6.77754
6     12     0.2801          145             0.25069              213.357                     7.719
6     12     0.2801          145             0.253491              270.327                     8.68865
6     12     0.2801          145             0.256292              352.431                     9.92074
6     12     0.2801          145             0.259093              451.29                     11.2263
6     12     0.2801          145             0.261894              5.02675                     1.18482
6     12     0.2801          145             0.264695              0                     0
6     12     0.2801          145             0.267496              0                     0
6     12     0.2801          145             0.270297              0                     0
6     12     0.2801          145             0.273098              0                     0
6     12     0.2801          145             0.275899              0                     0
*******************************************************************************************************
 Average angle 1.07342e+06 +- 12474.9 deg 
 Average E' 227.301 +- 2.64161 GeV 
