*******************************************************************************************************
Z     A     E(GeV)     Theta(deg)     Energy Loss(GeV)     Sigma(nb/sr/GeV)     ERROR     Citation     
*******************************************************************************************************
6     12     2.02          20.01             0.0101              0                     0
6     12     2.02          20.01             0.0303              0                     0
6     12     2.02          20.01             0.0505              0                     0
6     12     2.02          20.01             0.0707              0                     0
6     12     2.02          20.01             0.0909              0                     0
6     12     2.02          20.01             0.1111              0                     0
6     12     2.02          20.01             0.1313              0                     0
6     12     2.02          20.01             0.1515              0                     0
6     12     2.02          20.01             0.1717              0                     0
6     12     2.02          20.01             0.1919              0                     0
6     12     2.02          20.01             0.2121              0                     0
6     12     2.02          20.01             0.2323              0                     0
6     12     2.02          20.01             0.2525              0                     0
6     12     2.02          20.01             0.2727              0                     0
6     12     2.02          20.01             0.2929              0                     0
6     12     2.02          20.01             0.3131              0                     0
6     12     2.02          20.01             0.3333              0                     0
6     12     2.02          20.01             0.3535              0                     0
6     12     2.02          20.01             0.3737              0                     0
6     12     2.02          20.01             0.3939              0                     0
6     12     2.02          20.01             0.4141              0                     0
6     12     2.02          20.01             0.4343              0                     0
6     12     2.02          20.01             0.4545              0                     0
6     12     2.02          20.01             0.4747              0                     0
6     12     2.02          20.01             0.4949              0                     0
6     12     2.02          20.01             0.5151              0                     0
6     12     2.02          20.01             0.5353              0                     0
6     12     2.02          20.01             0.5555              0                     0
6     12     2.02          20.01             0.5757              0                     0
6     12     2.02          20.01             0.5959              0                     0
6     12     2.02          20.01             0.6161              0                     0
6     12     2.02          20.01             0.6363              0                     0
6     12     2.02          20.01             0.6565              0                     0
6     12     2.02          20.01             0.6767              0                     0
6     12     2.02          20.01             0.6969              0                     0
6     12     2.02          20.01             0.7171              0                     0
6     12     2.02          20.01             0.7373              0                     0
6     12     2.02          20.01             0.7575              0                     0
6     12     2.02          20.01             0.7777              0                     0
6     12     2.02          20.01             0.7979              0                     0
6     12     2.02          20.01             0.8181              0                     0
6     12     2.02          20.01             0.8383              0                     0
6     12     2.02          20.01             0.8585              0                     0
6     12     2.02          20.01             0.8787              0                     0
6     12     2.02          20.01             0.8989              0                     0
6     12     2.02          20.01             0.9191              0                     0
6     12     2.02          20.01             0.9393              0                     0
6     12     2.02          20.01             0.9595              0                     0
6     12     2.02          20.01             0.9797              0                     0
6     12     2.02          20.01             0.9999              0                     0
6     12     2.02          20.01             1.0201              0                     0
6     12     2.02          20.01             1.0403              0                     0
6     12     2.02          20.01             1.0605              0                     0
6     12     2.02          20.01             1.0807              0                     0
6     12     2.02          20.01             1.1009              0                     0
6     12     2.02          20.01             1.1211              0                     0
6     12     2.02          20.01             1.1413              0                     0
6     12     2.02          20.01             1.1615              141.406                     6.5435
6     12     2.02          20.01             1.1817              1864.32                     23.7594
6     12     2.02          20.01             1.2019              3011.01                     30.1948
6     12     2.02          20.01             1.2221              3034.93                     30.3145
6     12     2.02          20.01             1.2423              3037.36                     30.3266
6     12     2.02          20.01             1.2625              3080.66                     30.542
6     12     2.02          20.01             1.2827              3061.88                     30.4488
6     12     2.02          20.01             1.3029              2948.33                     29.8789
6     12     2.02          20.01             1.3231              2934.71                     29.8097
6     12     2.02          20.01             1.3433              2837.51                     29.3119
6     12     2.02          20.01             1.3635              2840.54                     29.3276
6     12     2.02          20.01             1.3837              2768.47                     28.9532
6     12     2.02          20.01             1.4039              2728.81                     28.745
6     12     2.02          20.01             1.4241              2630.09                     28.2203
6     12     2.02          20.01             1.4443              2532.29                     27.6906
6     12     2.02          20.01             1.4645              2466.28                     27.3273
6     12     2.02          20.01             1.4847              2391.79                     26.9115
6     12     2.02          20.01             1.5049              2252.2                     26.1144
6     12     2.02          20.01             1.5251              2226.47                     25.9647
6     12     2.02          20.01             1.5453              2090.51                     25.1595
6     12     2.02          20.01             1.5655              1986.05                     24.5228
6     12     2.02          20.01             1.5857              1912.47                     24.0643
6     12     2.02          20.01             1.6059              1839.19                     23.5987
6     12     2.02          20.01             1.6261              1757.13                     23.0663
6     12     2.02          20.01             1.6463              1694.15                     22.6491
6     12     2.02          20.01             1.6665              1551.83                     21.677
6     12     2.02          20.01             1.6867              1490.97                     21.2476
6     12     2.02          20.01             1.7069              1382.87                     20.4629
6     12     2.02          20.01             1.7271              1325.95                     20.0373
6     12     2.02          20.01             1.7473              1220.57                     19.2246
6     12     2.02          20.01             1.7675              1127.62                     18.4781
6     12     2.02          20.01             1.7877              1023.76                     17.6065
6     12     2.02          20.01             1.8079              945.332                     16.9187
6     12     2.02          20.01             1.8281              868.422                     16.2159
6     12     2.02          20.01             1.8483              782.125                     15.3891
6     12     2.02          20.01             1.8685              675.843                     14.3054
6     12     2.02          20.01             1.8887              604.383                     13.5279
6     12     2.02          20.01             1.9089              477.814                     12.0283
6     12     2.02          20.01             1.9291              339.435                     10.138
6     12     2.02          20.01             1.9493              48.1447                     3.81813
6     12     2.02          20.01             1.9695              0                     0
6     12     2.02          20.01             1.9897              0                     0
*******************************************************************************************************
 Average angle 4.87192e+06 +- 9859.51 deg 
 Average E' 135909 +- 275.045 GeV 
