*******************************************************************************************************
Z     A     E(GeV)     Theta(deg)     Energy Loss(GeV)     Sigma(nb/sr/GeV)     ERROR     Citation     
*******************************************************************************************************
6     12     0.48          90             0.0012              0                     0
6     12     0.48          90             0.0036              0                     0
6     12     0.48          90             0.006              0                     0
6     12     0.48          90             0.0084              0                     0
6     12     0.48          90             0.0108              0                     0
6     12     0.48          90             0.0132              0                     0
6     12     0.48          90             0.0156              0                     0
6     12     0.48          90             0.018              0                     0
6     12     0.48          90             0.0204              0.259645                     0.259645
6     12     0.48          90             0.0228              1.29822                     0.580583
6     12     0.48          90             0.0252              1.03858                     0.519289
6     12     0.48          90             0.0276              3.63503                     0.971502
6     12     0.48          90             0.03              3.11574                     0.899436
6     12     0.48          90             0.0324              5.45254                     1.18984
6     12     0.48          90             0.0348              6.75076                     1.32393
6     12     0.48          90             0.0372              8.56828                     1.49155
6     12     0.48          90             0.0396              8.30863                     1.46877
6     12     0.48          90             0.042              10.1261                     1.62148
6     12     0.48          90             0.0444              13.5015                     1.87232
6     12     0.48          90             0.0468              18.6944                     2.20316
6     12     0.48          90             0.0492              20.7716                     2.32233
6     12     0.48          90             0.0516              23.1084                     2.44948
6     12     0.48          90             0.054              28.3013                     2.71077
6     12     0.48          90             0.0564              29.3399                     2.76006
6     12     0.48          90             0.0588              42.8414                     3.3352
6     12     0.48          90             0.0612              40.5046                     3.24296
6     12     0.48          90             0.0636              51.15                     3.64429
6     12     0.48          90             0.066              61.0165                     3.98028
6     12     0.48          90             0.0684              65.6901                     4.1299
6     12     0.48          90             0.0708              73.9987                     4.38331
6     12     0.48          90             0.0732              85.9424                     4.72382
6     12     0.48          90             0.0756              96.0685                     4.99437
6     12     0.48          90             0.078              104.637                     5.21233
6     12     0.48          90             0.0804              126.707                     5.73574
6     12     0.48          90             0.0828              145.92                     6.15528
6     12     0.48          90             0.0852              172.404                     6.69058
6     12     0.48          90             0.0876              179.155                     6.82031
6     12     0.48          90             0.09              195.772                     7.1296
6     12     0.48          90             0.0924              230.564                     7.73724
6     12     0.48          90             0.0948              250.557                     8.06572
6     12     0.48          90             0.0972              278.858                     8.50906
6     12     0.48          90             0.0996              296.774                     8.77814
6     12     0.48          90             0.102              350.001                     9.53289
6     12     0.48          90             0.1044              354.934                     9.59983
6     12     0.48          90             0.1068              404.267                     10.2453
6     12     0.48          90             0.1092              435.684                     10.6359
6     12     0.48          90             0.1116              491.767                     11.2998
6     12     0.48          90             0.114              515.914                     11.5739
6     12     0.48          90             0.1164              539.542                     11.8359
6     12     0.48          90             0.1188              586.278                     12.3379
6     12     0.48          90             0.1212              644.179                     12.9328
6     12     0.48          90             0.1236              679.75                     13.2851
6     12     0.48          90             0.126              712.205                     13.5985
6     12     0.48          90             0.1284              787.243                     14.297
6     12     0.48          90             0.1308              811.13                     14.5123
6     12     0.48          90             0.1332              867.213                     15.0056
6     12     0.48          90             0.1356              894.216                     15.2374
6     12     0.48          90             0.138              949.521                     15.7015
6     12     0.48          90             0.1404              995.218                     16.0749
6     12     0.48          90             0.1428              1015.99                     16.2418
6     12     0.48          90             0.1452              1075.19                     16.7083
6     12     0.48          90             0.1476              1096.22                     16.8709
6     12     0.48          90             0.15              1149.45                     17.2756
6     12     0.48          90             0.1524              1178.79                     17.4947
6     12     0.48          90             0.1548              1183.2                     17.5275
6     12     0.48          90             0.1572              1204.23                     17.6825
6     12     0.48          90             0.1596              1286.02                     18.2732
6     12     0.48          90             0.162              1282.9                     18.251
6     12     0.48          90             0.1644              1316.14                     18.4859
6     12     0.48          90             0.1668              1334.57                     18.6149
6     12     0.48          90             0.1692              1358.98                     18.7844
6     12     0.48          90             0.1716              1367.29                     18.8417
6     12     0.48          90             0.174              1381.31                     18.9381
6     12     0.48          90             0.1764              1371.44                     18.8703
6     12     0.48          90             0.1788              1402.6                     19.0834
6     12     0.48          90             0.1812              1424.93                     19.2347
6     12     0.48          90             0.1836              1372.74                     18.8792
6     12     0.48          90             0.186              1375.86                     18.9006
6     12     0.48          90             0.1884              1401.56                     19.0764
6     12     0.48          90             0.1908              1382.61                     18.9469
6     12     0.48          90             0.1932              1340.03                     18.6529
6     12     0.48          90             0.1956              1330.42                     18.5859
6     12     0.48          90             0.198              1355.35                     18.7592
6     12     0.48          90             0.2004              1320.55                     18.5169
6     12     0.48          90             0.2028              1289.91                     18.3008
6     12     0.48          90             0.2052              1265.77                     18.1287
6     12     0.48          90             0.2076              1275.89                     18.2011
6     12     0.48          90             0.21              1239.28                     17.938
6     12     0.48          90             0.2124              1243.96                     17.9718
6     12     0.48          90             0.2148              1220.33                     17.8003
6     12     0.48          90             0.2172              1193.85                     17.6061
6     12     0.48          90             0.2196              1121.92                     17.0676
6     12     0.48          90             0.222              1116.21                     17.0241
6     12     0.48          90             0.2244              1118.55                     17.0419
6     12     0.48          90             0.2268              1074.41                     16.7022
6     12     0.48          90             0.2292              1030.79                     16.3597
6     12     0.48          90             0.2316              1021.18                     16.2833
6     12     0.48          90             0.234              1000.93                     16.121
6     12     0.48          90             0.2364              944.847                     15.6628
6     12     0.48          90             0.2388              931.865                     15.5549
6     12     0.48          90             0.2412              906.939                     15.3454
6     12     0.48          90             0.2436              880.974                     15.1242
6     12     0.48          90             0.246              883.311                     15.1442
6     12     0.48          90             0.2484              863.059                     14.9696
6     12     0.48          90             0.2508              842.547                     14.7906
6     12     0.48          90             0.2532              818.4                     14.5771
6     12     0.48          90             0.2556              813.467                     14.5331
6     12     0.48          90             0.258              770.366                     14.1429
6     12     0.48          90             0.2604              770.366                     14.1429
6     12     0.48          90             0.2628              784.646                     14.2734
6     12     0.48          90             0.2652              764.913                     14.0928
6     12     0.48          90             0.2676              762.576                     14.0712
6     12     0.48          90             0.27              743.622                     13.8952
6     12     0.48          90             0.2724              750.373                     13.9582
6     12     0.48          90             0.2748              740.766                     13.8685
6     12     0.48          90             0.2772              732.458                     13.7905
6     12     0.48          90             0.2796              730.381                     13.771
6     12     0.48          90             0.282              725.188                     13.7219
6     12     0.48          90             0.2844              734.795                     13.8125
6     12     0.48          90             0.2868              704.156                     13.5215
6     12     0.48          90             0.2892              728.303                     13.7514
6     12     0.48          90             0.2916              711.946                     13.5961
6     12     0.48          90             0.294              721.033                     13.6826
6     12     0.48          90             0.2964              729.861                     13.7661
6     12     0.48          90             0.2988              709.349                     13.5712
6     12     0.48          90             0.3012              705.974                     13.5389
6     12     0.48          90             0.3036              717.398                     13.648
6     12     0.48          90             0.306              740.247                     13.8637
6     12     0.48          90             0.3084              725.447                     13.7244
6     12     0.48          90             0.3108              754.008                     13.9919
6     12     0.48          90             0.3132              757.384                     14.0232
6     12     0.48          90             0.3156              758.163                     14.0304
6     12     0.48          90             0.318              764.134                     14.0856
6     12     0.48          90             0.3204              775.559                     14.1905
6     12     0.48          90             0.3228              821.256                     14.6026
6     12     0.48          90             0.3252              824.632                     14.6325
6     12     0.48          90             0.3276              846.961                     14.8293
6     12     0.48          90             0.33              828.267                     14.6648
6     12     0.48          90             0.3324              869.55                     15.0258
6     12     0.48          90             0.3348              895.255                     15.2463
6     12     0.48          90             0.3372              919.921                     15.4549
6     12     0.48          90             0.3396              911.093                     15.3805
6     12     0.48          90             0.342              952.896                     15.7294
6     12     0.48          90             0.3444              934.202                     15.5744
6     12     0.48          90             0.3468              1000.67                     16.1189
6     12     0.48          90             0.3492              1037.8                     16.4152
6     12     0.48          90             0.3516              1063.76                     16.6193
6     12     0.48          90             0.354              1078.56                     16.7345
6     12     0.48          90             0.3564              1114.4                     17.0102
6     12     0.48          90             0.3588              1197.22                     17.631
6     12     0.48          90             0.3612              1195.92                     17.6214
6     12     0.48          90             0.3636              1203.19                     17.6749
6     12     0.48          90             0.366              1271.74                     18.1714
6     12     0.48          90             0.3684              1297.44                     18.3541
6     12     0.48          90             0.3708              1333.54                     18.6077
6     12     0.48          90             0.3732              1361.32                     18.8005
6     12     0.48          90             0.3756              1407.27                     19.1152
6     12     0.48          90             0.378              1453.23                     19.4248
6     12     0.48          90             0.3804              1462.32                     19.4855
6     12     0.48          90             0.3828              1463.1                     19.4907
6     12     0.48          90             0.3852              1518.4                     19.8556
6     12     0.48          90             0.3876              1560.21                     20.1271
6     12     0.48          90             0.39              1566.7                     20.1689
6     12     0.48          90             0.3924              1604.6                     20.4114
6     12     0.48          90             0.3948              1635.24                     20.6054
6     12     0.48          90             0.3972              1631.61                     20.5825
6     12     0.48          90             0.3996              1679.9                     20.8849
6     12     0.48          90             0.402              1717.55                     21.1176
6     12     0.48          90             0.4044              1732.61                     21.21
6     12     0.48          90             0.4068              1757.53                     21.362
6     12     0.48          90             0.4092              1752.08                     21.3288
6     12     0.48          90             0.4116              1793.89                     21.5818
6     12     0.48          90             0.414              1820.63                     21.742
6     12     0.48          90             0.4164              1814.14                     21.7033
6     12     0.48          90             0.4188              1838.54                     21.8488
6     12     0.48          90             0.4212              1835.43                     21.8302
6     12     0.48          90             0.4236              1882.42                     22.1079
6     12     0.48          90             0.426              1875.41                     22.0667
6     12     0.48          90             0.4284              1876.19                     22.0713
6     12     0.48          90             0.4308              1879.05                     22.0881
6     12     0.48          90             0.4332              1916.96                     22.3098
6     12     0.48          90             0.4356              1904.23                     22.2357
6     12     0.48          90             0.438              1925.01                     22.3566
6     12     0.48          90             0.4404              1912.54                     22.2841
6     12     0.48          90             0.4428              1892.03                     22.1643
6     12     0.48          90             0.4452              1800.64                     21.6223
6     12     0.48          90             0.4476              1807.91                     21.6659
6     12     0.48          90             0.45              1791.81                     21.5693
6     12     0.48          90             0.4524              1746.11                     21.2924
6     12     0.48          90             0.4548              1771.04                     21.4439
6     12     0.48          90             0.4572              1705.87                     21.0456
6     12     0.48          90             0.4596              570.699                     12.1729
6     12     0.48          90             0.462              0                     0
6     12     0.48          90             0.4644              0                     0
6     12     0.48          90             0.4668              0                     0
6     12     0.48          90             0.4692              0                     0
6     12     0.48          90             0.4716              0                     0
6     12     0.48          90             0.474              0                     0
6     12     0.48          90             0.4764              0                     0
*******************************************************************************************************
 Average angle 89.9741 +- 0.109788 deg 
 Average E' 0.181043 +- 0.000220912 GeV 
