*******************************************************************************************************
Z     A     E(GeV)     Theta(deg)     Energy Loss(GeV)     Sigma(nb/sr/GeV)     ERROR     Citation     
*******************************************************************************************************
6     12     2.095          44.98             1.30667              1.70484                     0.695996
6     12     2.095          44.98             1.32              2.27311                     0.803667
6     12     2.095          44.98             1.33333              2.27311                     0.803667
6     12     2.095          44.98             1.34667              1.4207                     0.635355
6     12     2.095          44.98             1.36              1.70484                     0.695996
6     12     2.095          44.98             1.37333              0.852418                     0.492144
6     12     2.095          44.98             1.38667              1.4207                     0.635355
6     12     2.095          44.98             1.4              0.852418                     0.492144
6     12     2.095          44.98             1.41333              0.284139                     0.284139
6     12     2.095          44.98             1.42667              1.4207                     0.635355
6     12     2.095          44.98             1.44              0.284139                     0.284139
6     12     2.095          44.98             1.45333              0.852418                     0.492144
6     12     2.095          44.98             1.46667              0.852418                     0.492144
6     12     2.095          44.98             1.48              0.284139                     0.284139
6     12     2.095          44.98             1.49333              0.568278                     0.401833
6     12     2.095          44.98             1.50667              0                     0
6     12     2.095          44.98             1.52              0                     0
6     12     2.095          44.98             1.53333              0                     0
6     12     2.095          44.98             1.54667              0                     0
6     12     2.095          44.98             1.56              0.568278                     0.401833
6     12     2.095          44.98             1.57333              0                     0
6     12     2.095          44.98             1.58667              0                     0
6     12     2.095          44.98             1.6              0                     0
6     12     2.095          44.98             1.61333              0                     0
6     12     2.095          44.98             1.62667              0.284139                     0.284139
6     12     2.095          44.98             1.64              0                     0
6     12     2.095          44.98             1.65333              0                     0
6     12     2.095          44.98             1.66667              0                     0
6     12     2.095          44.98             1.68              0                     0
*******************************************************************************************************
 Average mean_angle 148805 +- 2584.1 deg 
 Average E' 3911.51 +- 67.9262 GeV 
