*******************************************************************************************************
Z     A     E(GeV)     Theta(deg)     Energy Loss(GeV)     Sigma(nb/sr/GeV)     ERROR     Citation     
*******************************************************************************************************
6     12     0.5568          90             0.002784              0                     0
6     12     0.5568          90             0.008352              0                     0
6     12     0.5568          90             0.01392              0                     0
6     12     0.5568          90             0.019488              0                     0
6     12     0.5568          90             0.025056              0                     0
6     12     0.5568          90             0.030624              0                     0
6     12     0.5568          90             0.036192              0                     0
6     12     0.5568          90             0.04176              0                     0
6     12     0.5568          90             0.047328              0                     0
6     12     0.5568          90             0.052896              0                     0
6     12     0.5568          90             0.058464              0                     0
6     12     0.5568          90             0.064032              0                     0
6     12     0.5568          90             0.0696              0                     0
6     12     0.5568          90             0.075168              0                     0
6     12     0.5568          90             0.080736              0                     0
6     12     0.5568          90             0.086304              0                     0
6     12     0.5568          90             0.091872              0                     0
6     12     0.5568          90             0.09744              0                     0
6     12     0.5568          90             0.103008              0                     0
6     12     0.5568          90             0.108576              0                     0
6     12     0.5568          90             0.114144              0                     0
6     12     0.5568          90             0.119712              0                     0
6     12     0.5568          90             0.12528              0                     0
6     12     0.5568          90             0.130848              0                     0
6     12     0.5568          90             0.136416              0                     0
6     12     0.5568          90             0.141984              0                     0
6     12     0.5568          90             0.147552              0                     0
6     12     0.5568          90             0.15312              0                     0
6     12     0.5568          90             0.158688              0                     0
6     12     0.5568          90             0.164256              0                     0
6     12     0.5568          90             0.169824              0                     0
6     12     0.5568          90             0.175392              0                     0
6     12     0.5568          90             0.18096              0                     0
6     12     0.5568          90             0.186528              0                     0
6     12     0.5568          90             0.192096              0                     0
6     12     0.5568          90             0.197664              0                     0
6     12     0.5568          90             0.203232              0                     0
6     12     0.5568          90             0.2088              0                     0
6     12     0.5568          90             0.214368              0                     0
6     12     0.5568          90             0.219936              0                     0
6     12     0.5568          90             0.225504              0                     0
6     12     0.5568          90             0.231072              0                     0
6     12     0.5568          90             0.23664              0                     0
6     12     0.5568          90             0.242208              0.356127                     0.20561
6     12     0.5568          90             0.247776              0.830964                     0.314075
6     12     0.5568          90             0.253344              1.78064                     0.459758
6     12     0.5568          90             0.258912              1.78064                     0.459758
6     12     0.5568          90             0.26448              4.98578                     0.769323
6     12     0.5568          90             0.270048              5.34191                     0.796325
6     12     0.5568          90             0.275616              7.00384                     0.911822
6     12     0.5568          90             0.281184              9.1406                     1.04167
6     12     0.5568          90             0.286752              13.1767                     1.25068
6     12     0.5568          90             0.29232              19.4683                     1.52022
6     12     0.5568          90             0.297888              18.9935                     1.50156
6     12     0.5568          90             0.303456              25.4037                     1.73656
6     12     0.5568          90             0.309024              28.965                     1.8543
6     12     0.5568          90             0.314592              36.9185                     2.09346
6     12     0.5568          90             0.32016              44.1598                     2.28958
6     12     0.5568          90             0.325728              50.8075                     2.45587
6     12     0.5568          90             0.331296              54.6062                     2.54603
6     12     0.5568          90             0.336864              59.4733                     2.65707
6     12     0.5568          90             0.342432              65.4087                     2.7865
6     12     0.5568          90             0.348              75.499                     2.99373
6     12     0.5568          90             0.353568              78.1106                     3.04507
6     12     0.5568          90             0.359136              79.5351                     3.07271
6     12     0.5568          90             0.364704              93.4241                     3.33021
6     12     0.5568          90             0.370272              99.2408                     3.43231
6     12     0.5568          90             0.37584              101.496                     3.4711
6     12     0.5568          90             0.381408              100.428                     3.45278
6     12     0.5568          90             0.386976              109.212                     3.60063
6     12     0.5568          90             0.392544              111.943                     3.64536
6     12     0.5568          90             0.398112              116.097                     3.71239
6     12     0.5568          90             0.40368              115.385                     3.70098
6     12     0.5568          90             0.409248              124.17                     3.83928
6     12     0.5568          90             0.414816              125.357                     3.85759
6     12     0.5568          90             0.420384              128.443                     3.90479
6     12     0.5568          90             0.425952              122.983                     3.82088
6     12     0.5568          90             0.43152              124.763                     3.84845
6     12     0.5568          90             0.437088              125.119                     3.85393
6     12     0.5568          90             0.442656              126.306                     3.87217
6     12     0.5568          90             0.448224              125.238                     3.85576
6     12     0.5568          90             0.453792              132.954                     3.97277
6     12     0.5568          90             0.45936              119.777                     3.77077
6     12     0.5568          90             0.464928              125.357                     3.85759
6     12     0.5568          90             0.470496              121.202                     3.79312
6     12     0.5568          90             0.476064              116.454                     3.71808
6     12     0.5568          90             0.481632              111.468                     3.63762
6     12     0.5568          90             0.4872              106.007                     3.5474
6     12     0.5568          90             0.492768              102.446                     3.4873
6     12     0.5568          90             0.498336              97.6976                     3.40552
6     12     0.5568          90             0.503904              86.6576                     3.20734
6     12     0.5568          90             0.509472              86.4202                     3.20295
6     12     0.5568          90             0.51504              75.499                     2.99373
6     12     0.5568          90             0.520608              66.8332                     2.81668
6     12     0.5568          90             0.526176              60.5416                     2.68083
6     12     0.5568          90             0.531744              48.0772                     2.38897
6     12     0.5568          90             0.537312              32.8824                     1.97571
6     12     0.5568          90             0.54288              0                     0
6     12     0.5568          90             0.548448              0                     0
*******************************************************************************************************
 Average mean_angle 3.04811e+06 +- 16560.4 deg 
 Average E' 4469.13 +- 24.2809 GeV 
