*******************************************************************************************************
Z     A     E(GeV)     Theta(deg)     Energy Loss(GeV)     Sigma(nb/sr/GeV)     ERROR     Citation     
*******************************************************************************************************
6     12     0.32          145             0.0016              0                     0
6     12     0.32          145             0.0048              0                     0
6     12     0.32          145             0.008              0                     0
6     12     0.32          145             0.0112              0                     0
6     12     0.32          145             0.0144              0                     0
6     12     0.32          145             0.0176              0                     0
6     12     0.32          145             0.0208              0                     0
6     12     0.32          145             0.024              0                     0
6     12     0.32          145             0.0272              0                     0
6     12     0.32          145             0.0304              0                     0
6     12     0.32          145             0.0336              0                     0
6     12     0.32          145             0.0368              0                     0
6     12     0.32          145             0.04              0                     0
6     12     0.32          145             0.0432              0                     0
6     12     0.32          145             0.0464              0                     0
6     12     0.32          145             0.0496              0                     0
6     12     0.32          145             0.0528              0                     0
6     12     0.32          145             0.056              0                     0
6     12     0.32          145             0.0592              0                     0
6     12     0.32          145             0.0624              0                     0
6     12     0.32          145             0.0656              0                     0
6     12     0.32          145             0.0688              0                     0
6     12     0.32          145             0.072              0                     0
6     12     0.32          145             0.0752              0                     0
6     12     0.32          145             0.0784              0                     0
6     12     0.32          145             0.0816              0                     0
6     12     0.32          145             0.0848              0                     0
6     12     0.32          145             0.088              0                     0
6     12     0.32          145             0.0912              0                     0
6     12     0.32          145             0.0944              0                     0
6     12     0.32          145             0.0976              0                     0
6     12     0.32          145             0.1008              0                     0
6     12     0.32          145             0.104              0                     0
6     12     0.32          145             0.1072              0                     0
6     12     0.32          145             0.1104              0                     0
6     12     0.32          145             0.1136              0                     0
6     12     0.32          145             0.1168              0                     0
6     12     0.32          145             0.12              0                     0
6     12     0.32          145             0.1232              0                     0
6     12     0.32          145             0.1264              0                     0
6     12     0.32          145             0.1296              0                     0
6     12     0.32          145             0.1328              0                     0
6     12     0.32          145             0.136              0                     0
6     12     0.32          145             0.1392              0                     0
6     12     0.32          145             0.1424              0                     0
6     12     0.32          145             0.1456              0                     0
6     12     0.32          145             0.1488              0                     0
6     12     0.32          145             0.152              0                     0
6     12     0.32          145             0.1552              0                     0
6     12     0.32          145             0.1584              0                     0
6     12     0.32          145             0.1616              0                     0
6     12     0.32          145             0.1648              0                     0
6     12     0.32          145             0.168              0                     0
6     12     0.32          145             0.1712              0                     0
6     12     0.32          145             0.1744              0                     0
6     12     0.32          145             0.1776              0                     0
6     12     0.32          145             0.1808              0                     0
6     12     0.32          145             0.184              0                     0
6     12     0.32          145             0.1872              0                     0
6     12     0.32          145             0.1904              0                     0
6     12     0.32          145             0.1936              0.543377                     0.384226
6     12     0.32          145             0.1968              0                     0
6     12     0.32          145             0.2              0                     0
6     12     0.32          145             0.2032              0.271689                     0.271689
6     12     0.32          145             0.2064              0                     0
6     12     0.32          145             0.2096              0                     0
6     12     0.32          145             0.2128              1.08675                     0.543377
6     12     0.32          145             0.216              0.815066                     0.470578
6     12     0.32          145             0.2192              1.35844                     0.607514
6     12     0.32          145             0.2224              1.90182                     0.71882
6     12     0.32          145             0.2256              2.4452                     0.815066
6     12     0.32          145             0.2288              5.70546                     1.24503
6     12     0.32          145             0.232              8.42234                     1.5127
6     12     0.32          145             0.2352              11.1392                     1.73966
6     12     0.32          145             0.2384              15.7579                     2.06912
6     12     0.32          145             0.2416              21.4634                     2.41482
6     12     0.32          145             0.2448              26.0821                     2.66199
6     12     0.32          145             0.248              36.9496                     3.16841
6     12     0.32          145             0.2512              46.4587                     3.55279
6     12     0.32          145             0.2544              63.0317                     4.13824
6     12     0.32          145             0.2576              74.986                     4.51363
6     12     0.32          145             0.2608              90.744                     4.96529
6     12     0.32          145             0.264              126.063                     5.85235
6     12     0.32          145             0.2672              160.84                     6.61047
6     12     0.32          145             0.2704              196.702                     7.31039
6     12     0.32          145             0.2736              238.814                     8.055
6     12     0.32          145             0.2768              306.736                     9.1289
6     12     0.32          145             0.28              370.311                     10.0304
6     12     0.32          145             0.2832              459.969                     11.1789
6     12     0.32          145             0.2864              578.153                     12.5331
6     12     0.32          145             0.2896              697.153                     13.7626
6     12     0.32          145             0.2928              886.248                     15.5172
6     12     0.32          145             0.296              1086.48                     17.1809
6     12     0.32          145             0.2992              1364.42                     19.2535
6     12     0.32          145             0.3024              1002.8                     16.5061
6     12     0.32          145             0.3056              0                     0
6     12     0.32          145             0.3088              0                     0
6     12     0.32          145             0.312              0                     0
6     12     0.32          145             0.3152              0                     0
*******************************************************************************************************
 Average angle 4.20696e+06 +- 24696.4 deg 
 Average E' 907.151 +- 5.32532 GeV 
