*******************************************************************************************************
Z     A     E(GeV)     Theta(deg)     Energy Loss(GeV)     Sigma(nb/sr/GeV)     ERROR     Citation     
*******************************************************************************************************
6     12     0.36          145             0.0018              0                     0
6     12     0.36          145             0.0054              0                     0
6     12     0.36          145             0.009              0                     0
6     12     0.36          145             0.0126              0                     0
6     12     0.36          145             0.0162              0                     0
6     12     0.36          145             0.0198              0                     0
6     12     0.36          145             0.0234              0                     0
6     12     0.36          145             0.027              0                     0
6     12     0.36          145             0.0306              0                     0
6     12     0.36          145             0.0342              0                     0
6     12     0.36          145             0.0378              0                     0
6     12     0.36          145             0.0414              0                     0
6     12     0.36          145             0.045              0                     0
6     12     0.36          145             0.0486              0                     0
6     12     0.36          145             0.0522              0                     0
6     12     0.36          145             0.0558              0                     0
6     12     0.36          145             0.0594              0                     0
6     12     0.36          145             0.063              0                     0
6     12     0.36          145             0.0666              0                     0
6     12     0.36          145             0.0702              0                     0
6     12     0.36          145             0.0738              0                     0
6     12     0.36          145             0.0774              0                     0
6     12     0.36          145             0.081              0                     0
6     12     0.36          145             0.0846              0                     0
6     12     0.36          145             0.0882              0                     0
6     12     0.36          145             0.0918              0                     0
6     12     0.36          145             0.0954              0                     0
6     12     0.36          145             0.099              0                     0
6     12     0.36          145             0.1026              0                     0
6     12     0.36          145             0.1062              0                     0
6     12     0.36          145             0.1098              0                     0
6     12     0.36          145             0.1134              0                     0
6     12     0.36          145             0.117              0                     0
6     12     0.36          145             0.1206              0                     0
6     12     0.36          145             0.1242              0                     0
6     12     0.36          145             0.1278              0                     0
6     12     0.36          145             0.1314              0                     0
6     12     0.36          145             0.135              0                     0
6     12     0.36          145             0.1386              0                     0
6     12     0.36          145             0.1422              0                     0
6     12     0.36          145             0.1458              0                     0
6     12     0.36          145             0.1494              0                     0
6     12     0.36          145             0.153              0                     0
6     12     0.36          145             0.1566              0                     0
6     12     0.36          145             0.1602              0                     0
6     12     0.36          145             0.1638              0                     0
6     12     0.36          145             0.1674              0                     0
6     12     0.36          145             0.171              0                     0
6     12     0.36          145             0.1746              0                     0
6     12     0.36          145             0.1782              0                     0
6     12     0.36          145             0.1818              0                     0
6     12     0.36          145             0.1854              0                     0
6     12     0.36          145             0.189              0                     0
6     12     0.36          145             0.1926              0                     0
6     12     0.36          145             0.1962              0                     0
6     12     0.36          145             0.1998              0                     0
6     12     0.36          145             0.2034              0                     0
6     12     0.36          145             0.207              0                     0
6     12     0.36          145             0.2106              0                     0
6     12     0.36          145             0.2142              0.517657                     0.366039
6     12     0.36          145             0.2178              0.258829                     0.258829
6     12     0.36          145             0.2214              0.258829                     0.258829
6     12     0.36          145             0.225              0.258829                     0.258829
6     12     0.36          145             0.2286              0.776486                     0.448304
6     12     0.36          145             0.2322              0.776486                     0.448304
6     12     0.36          145             0.2358              1.29414                     0.578758
6     12     0.36          145             0.2394              2.84711                     0.858437
6     12     0.36          145             0.243              3.10594                     0.896609
6     12     0.36          145             0.2466              4.91774                     1.12821
6     12     0.36          145             0.2502              6.21189                     1.268
6     12     0.36          145             0.2538              7.2472                     1.36959
6     12     0.36          145             0.2574              10.3531                     1.63698
6     12     0.36          145             0.261              18.118                     2.16552
6     12     0.36          145             0.2646              19.4121                     2.24152
6     12     0.36          145             0.2682              28.73                     2.72693
6     12     0.36          145             0.2718              35.2007                     3.01843
6     12     0.36          145             0.2754              49.1774                     3.56771
6     12     0.36          145             0.279              55.6482                     3.79517
6     12     0.36          145             0.2826              71.1779                     4.29219
6     12     0.36          145             0.2862              93.1783                     4.91093
6     12     0.36          145             0.2898              125.532                     5.70011
6     12     0.36          145             0.2934              150.379                     6.23879
6     12     0.36          145             0.297              179.627                     6.81855
6     12     0.36          145             0.3006              234.499                     7.7907
6     12     0.36          145             0.3042              300.759                     8.82298
6     12     0.36          145             0.3078              354.595                     9.58016
6     12     0.36          145             0.3114              421.632                     10.4465
6     12     0.36          145             0.315              558.293                     12.0209
6     12     0.36          145             0.3186              673.99                     13.2079
6     12     0.36          145             0.3222              820.228                     14.5705
6     12     0.36          145             0.3258              988.467                     15.9951
6     12     0.36          145             0.3294              1156.19                     17.299
6     12     0.36          145             0.333              1381.11                     18.9069
6     12     0.36          145             0.3366              1675.14                     20.8224
6     12     0.36          145             0.3402              1910.67                     22.2382
6     12     0.36          145             0.3438              1665.3                     20.7612
6     12     0.36          145             0.3474              0                     0
6     12     0.36          145             0.351              0                     0
6     12     0.36          145             0.3546              0                     0
*******************************************************************************************************
 Average angle 7.2848e+06 +- 32497.8 deg 
 Average E' 1658.22 +- 7.39739 GeV 
