*******************************************************************************************************
Z     A     E(GeV)     Theta(deg)     Energy Loss(GeV)     Sigma(nb/sr/GeV)     ERROR     Citation     
*******************************************************************************************************
6     12     4.045          15             0.020225              0                     0
6     12     4.045          15             0.060675              0                     0
6     12     4.045          15             0.101125              0.225559                     0.159495
6     12     4.045          15             0.141575              0.676678                     0.276253
6     12     4.045          15             0.182025              6.31566                     0.843966
6     12     4.045          15             0.222475              29.3227                     1.81852
6     12     4.045          15             0.262925              104.772                     3.43747
6     12     4.045          15             0.303375              298.189                     5.79911
6     12     4.045          15             0.343825              626.04                     8.40265
6     12     4.045          15             0.384275              1031.93                     10.788
6     12     4.045          15             0.424725              1455.08                     12.8103
6     12     4.045          15             0.465175              1771.09                     14.1331
6     12     4.045          15             0.505625              1951.31                     14.8347
6     12     4.045          15             0.546075              1921.31                     14.7202
6     12     4.045          15             0.586525              1762.52                     14.0988
6     12     4.045          15             0.626975              1504.26                     13.025
6     12     4.045          15             0.667425              1238.1                     11.8166
6     12     4.045          15             0.707875              940.019                     10.2964
6     12     4.045          15             0.748325              692.806                     8.83937
6     12     4.045          15             0.788775              517.659                     7.64077
6     12     4.045          15             0.829225              364.617                     6.41259
6     12     4.045          15             0.869675              265.709                     5.47417
6     12     4.045          15             0.910125              184.959                     4.56723
6     12     4.045          15             0.950575              139.621                     3.96818
6     12     4.045          15             0.991025              101.276                     3.37963
6     12     4.045          15             1.03147              74.4346                     2.89736
6     12     4.045          15             1.07193              62.2544                     2.64972
6     12     4.045          15             1.11237              44.4352                     2.23861
6     12     4.045          15             1.15282              38.7962                     2.09175
6     12     4.045          15             1.19327              28.3077                     1.78677
6     12     4.045          15             1.23372              21.7665                     1.56679
6     12     4.045          15             1.27417              17.1425                     1.39044
6     12     4.045          15             1.31462              15.6764                     1.32965
6     12     4.045          15             1.35508              9.92461                     1.05797
6     12     4.045          15             1.39552              9.81183                     1.05194
6     12     4.045          15             1.43598              6.76678                     0.873588
6     12     4.045          15             1.47642              5.75176                     0.805408
6     12     4.045          15             1.51687              3.72173                     0.64787
6     12     4.045          15             1.55732              3.60895                     0.637978
6     12     4.045          15             1.59777              4.84953                     0.739546
6     12     4.045          15             1.63822              2.25559                     0.504366
6     12     4.045          15             1.67867              1.46614                     0.406633
6     12     4.045          15             1.71913              1.57892                     0.421983
6     12     4.045          15             1.75957              1.46614                     0.406633
6     12     4.045          15             1.80002              1.01502                     0.338339
6     12     4.045          15             1.84047              0.676678                     0.276253
6     12     4.045          15             1.88092              0                     0
6     12     4.045          15             1.92137              0                     0
6     12     4.045          15             1.96182              0                     0
6     12     4.045          15             2.00228              0                     0
6     12     4.045          15             2.04272              0                     0
6     12     4.045          15             2.08317              0                     0
6     12     4.045          15             2.12363              0                     0
6     12     4.045          15             2.16407              0                     0
6     12     4.045          15             2.20452              0                     0
6     12     4.045          15             2.24497              0                     0
6     12     4.045          15             2.28543              0                     0
6     12     4.045          15             2.32587              0                     0
6     12     4.045          15             2.36632              0                     0
6     12     4.045          15             2.40678              0                     0
6     12     4.045          15             2.44722              0                     0
6     12     4.045          15             2.48767              0                     0
6     12     4.045          15             2.52812              0                     0
6     12     4.045          15             2.56858              0                     0
6     12     4.045          15             2.60902              0                     0
6     12     4.045          15             2.64947              0                     0
6     12     4.045          15             2.68993              0                     0
6     12     4.045          15             2.73037              0                     0
6     12     4.045          15             2.77082              0                     0
6     12     4.045          15             2.81127              0                     0
6     12     4.045          15             2.85173              0                     0
6     12     4.045          15             2.89217              0                     0
6     12     4.045          15             2.93262              0                     0
6     12     4.045          15             2.97308              0                     0
6     12     4.045          15             3.01353              0                     0
6     12     4.045          15             3.05397              0                     0
6     12     4.045          15             3.09442              0                     0
6     12     4.045          15             3.13488              0                     0
6     12     4.045          15             3.17532              0                     0
6     12     4.045          15             3.21577              0                     0
6     12     4.045          15             3.25622              0                     0
6     12     4.045          15             3.29668              0                     0
6     12     4.045          15             3.33712              0                     0
6     12     4.045          15             3.37757              0                     0
6     12     4.045          15             3.41803              0                     0
6     12     4.045          15             3.45847              0                     0
6     12     4.045          15             3.49892              0                     0
6     12     4.045          15             3.53937              0                     0
6     12     4.045          15             3.57983              0                     0
6     12     4.045          15             3.62027              0                     0
6     12     4.045          15             3.66072              0                     0
6     12     4.045          15             3.70118              0                     0
6     12     4.045          15             3.74162              0                     0
6     12     4.045          15             3.78207              0                     0
6     12     4.045          15             3.82252              0                     0
6     12     4.045          15             3.86298              0                     0
6     12     4.045          15             3.90342              0                     0
6     12     4.045          15             3.94387              0                     0
6     12     4.045          15             3.98433              0                     0
*******************************************************************************************************
 Average mean_angle 2.25091e+06 +- 5753.19 deg 
 Average E' 530825 +- 1356.76 GeV 
