*******************************************************************************************************
Z     A     E(GeV)     Theta(deg)     Energy Loss(GeV)     Sigma(nb/sr/GeV)     ERROR     Citation     
*******************************************************************************************************
6     12     0.2801          90             0.0014005              0                     0
6     12     0.2801          90             0.0042015              0                     0
6     12     0.2801          90             0.0070025              0                     0
6     12     0.2801          90             0.0098035              0                     0
6     12     0.2801          90             0.0126045              0                     0
6     12     0.2801          90             0.0154055              0                     0
6     12     0.2801          90             0.0182065              0                     0
6     12     0.2801          90             0.0210075              0                     0
6     12     0.2801          90             0.0238085              0                     0
6     12     0.2801          90             0.0266095              0                     0
6     12     0.2801          90             0.0294105              0                     0
6     12     0.2801          90             0.0322115              0                     0
6     12     0.2801          90             0.0350125              0                     0
6     12     0.2801          90             0.0378135              0                     0
6     12     0.2801          90             0.0406145              0                     0
6     12     0.2801          90             0.0434155              0                     0
6     12     0.2801          90             0.0462165              0                     0
6     12     0.2801          90             0.0490175              0                     0
6     12     0.2801          90             0.0518185              0                     0
6     12     0.2801          90             0.0546195              0                     0
6     12     0.2801          90             0.0574205              0                     0
6     12     0.2801          90             0.0602215              0                     0
6     12     0.2801          90             0.0630225              0                     0
6     12     0.2801          90             0.0658235              0                     0
6     12     0.2801          90             0.0686245              0                     0
6     12     0.2801          90             0.0714255              0                     0
6     12     0.2801          90             0.0742265              0                     0
6     12     0.2801          90             0.0770275              0                     0
6     12     0.2801          90             0.0798285              0                     0
6     12     0.2801          90             0.0826295              0                     0
6     12     0.2801          90             0.0854305              0                     0
6     12     0.2801          90             0.0882315              0                     0
6     12     0.2801          90             0.0910325              0                     0
6     12     0.2801          90             0.0938335              0                     0
6     12     0.2801          90             0.0966345              0                     0
6     12     0.2801          90             0.0994355              0                     0
6     12     0.2801          90             0.102237              0                     0
6     12     0.2801          90             0.105038              0                     0
6     12     0.2801          90             0.107839              0                     0
6     12     0.2801          90             0.11064              0                     0
6     12     0.2801          90             0.11344              0                     0
6     12     0.2801          90             0.116241              0                     0
6     12     0.2801          90             0.119043              0                     0
6     12     0.2801          90             0.121844              0                     0
6     12     0.2801          90             0.124645              0                     0
6     12     0.2801          90             0.127446              0                     0
6     12     0.2801          90             0.130247              0                     0
6     12     0.2801          90             0.133048              0                     0
6     12     0.2801          90             0.135849              0                     0
6     12     0.2801          90             0.13865              0                     0
6     12     0.2801          90             0.141451              0                     0
6     12     0.2801          90             0.144252              0                     0
6     12     0.2801          90             0.147053              0                     0
6     12     0.2801          90             0.149854              0                     0
6     12     0.2801          90             0.152654              0                     0
6     12     0.2801          90             0.155455              0                     0
6     12     0.2801          90             0.158256              0                     0
6     12     0.2801          90             0.161057              0                     0
6     12     0.2801          90             0.163859              0                     0
6     12     0.2801          90             0.16666              1.28143                     0.453055
6     12     0.2801          90             0.169461              4.16466                     0.816756
6     12     0.2801          90             0.172262              6.72752                     1.03808
6     12     0.2801          90             0.175063              11.3727                     1.34969
6     12     0.2801          90             0.177864              15.217                     1.56123
6     12     0.2801          90             0.180665              20.9835                     1.83333
6     12     0.2801          90             0.183466              27.3906                     2.09461
6     12     0.2801          90             0.186267              31.2349                     2.23678
6     12     0.2801          90             0.189067              52.0582                     2.88767
6     12     0.2801          90             0.191868              50.1361                     2.83386
6     12     0.2801          90             0.194669              63.9115                     3.19957
6     12     0.2801          90             0.19747              76.2452                     3.4947
6     12     0.2801          90             0.200272              85.0551                     3.69108
6     12     0.2801          90             0.203073              97.2287                     3.94639
6     12     0.2801          90             0.205874              108.281                     4.16466
6     12     0.2801          90             0.208675              110.043                     4.1984
6     12     0.2801          90             0.211476              124.459                     4.46495
6     12     0.2801          90             0.214277              144.482                     4.81071
6     12     0.2801          90             0.217078              147.205                     4.85583
6     12     0.2801          90             0.219879              145.122                     4.82136
6     12     0.2801          90             0.22268              167.868                     5.18545
6     12     0.2801          90             0.225481              175.556                     5.30287
6     12     0.2801          90             0.228281              185.968                     5.45785
6     12     0.2801          90             0.231082              179.401                     5.36062
6     12     0.2801          90             0.233883              183.725                     5.42485
6     12     0.2801          90             0.236685              191.574                     5.53951
6     12     0.2801          90             0.239486              197.341                     5.62226
6     12     0.2801          90             0.242287              182.124                     5.40115
6     12     0.2801          90             0.245088              48.5343                     2.78822
6     12     0.2801          90             0.247889              0                     0
6     12     0.2801          90             0.25069              0                     0
6     12     0.2801          90             0.253491              0                     0
6     12     0.2801          90             0.256292              0                     0
6     12     0.2801          90             0.259093              0                     0
6     12     0.2801          90             0.261894              0                     0
6     12     0.2801          90             0.264695              0                     0
6     12     0.2801          90             0.267496              0                     0
6     12     0.2801          90             0.270297              0                     0
6     12     0.2801          90             0.273098              0                     0
6     12     0.2801          90             0.275899              0                     0
*******************************************************************************************************
 Average mean_angle 1.59248e+06 +- 11970.8 deg 
 Average E' 1061.38 +- 7.97851 GeV 
