*******************************************************************************************************
Z     A     E(GeV)     Theta(deg)     Energy Loss(GeV)     Sigma(nb/sr/GeV)     ERROR     Citation     
*******************************************************************************************************
6     12     0.5          60             0.00125              0                     0
6     12     0.5          60             0.00375              0                     0
6     12     0.5          60             0.00625              0                     0
6     12     0.5          60             0.00875              1.28004                     0.640021
6     12     0.5          60             0.01125              28.4809                     3.01897
6     12     0.5          60             0.01375              66.5622                     4.61526
6     12     0.5          60             0.01625              139.525                     6.68202
6     12     0.5          60             0.01875              191.366                     7.82555
6     12     0.5          60             0.02125              264.329                     9.19717
6     12     0.5          60             0.02375              307.85                     9.92549
6     12     0.5          60             0.02625              406.093                     11.3997
6     12     0.5          60             0.02875              487.056                     12.4845
6     12     0.5          60             0.03125              581.779                     13.6446
6     12     0.5          60             0.03375              720.344                     15.1828
6     12     0.5          60             0.03625              880.349                     16.7845
6     12     0.5          60             0.03875              1044.51                     18.2827
6     12     0.5          60             0.04125              1213.8                     19.7086
6     12     0.5          60             0.04375              1417.01                     21.2945
6     12     0.5          60             0.04625              1580.85                     22.492
6     12     0.5          60             0.04875              1822.78                     24.1518
6     12     0.5          60             0.05125              1987.27                     25.218
6     12     0.5          60             0.05375              2281.36                     27.0196
6     12     0.5          60             0.05625              2430.48                     27.8887
6     12     0.5          60             0.05875              2716.89                     29.4862
6     12     0.5          60             0.06125              2942.5                     30.686
6     12     0.5          60             0.06375              3108.58                     31.5401
6     12     0.5          60             0.06625              3455.47                     33.2534
6     12     0.5          60             0.06875              3753.72                     34.6588
6     12     0.5          60             0.07125              3944.77                     35.5298
6     12     0.5          60             0.07375              4193.1                     36.6311
6     12     0.5          60             0.07625              4463.19                     37.7924
6     12     0.5          60             0.07875              4702.88                     38.7939
6     12     0.5          60             0.08125              4912.48                     39.649
6     12     0.5          60             0.08375              5157.93                     40.6275
6     12     0.5          60             0.08625              5358.9                     41.4114
6     12     0.5          60             0.08875              5583.87                     42.2717
6     12     0.5          60             0.09125              5818.11                     43.1493
6     12     0.5          60             0.09375              5959.88                     43.6718
6     12     0.5          60             0.09625              6143.88                     44.3408
6     12     0.5          60             0.09875              6258.13                     44.7512
6     12     0.5          60             0.10125              6413.65                     45.3038
6     12     0.5          60             0.10375              6464.21                     45.4821
6     12     0.5          60             0.10625              6532.7                     45.7223
6     12     0.5          60             0.10875              6663.9                     46.1792
6     12     0.5          60             0.11125              6689.5                     46.2678
6     12     0.5          60             0.11375              6743.9                     46.4556
6     12     0.5          60             0.11625              6701.34                     46.3088
6     12     0.5          60             0.11875              6757.02                     46.5007
6     12     0.5          60             0.12125              6700.7                     46.3065
6     12     0.5          60             0.12375              6709.34                     46.3364
6     12     0.5          60             0.12625              6629.34                     46.0593
6     12     0.5          60             0.12875              6543.9                     45.7615
6     12     0.5          60             0.13125              6485.34                     45.5563
6     12     0.5          60             0.13375              6382.29                     45.1929
6     12     0.5          60             0.13625              6355.73                     45.0988
6     12     0.5          60             0.13875              6161.16                     44.4031
6     12     0.5          60             0.14125              5970.12                     43.7093
6     12     0.5          60             0.14375              5857.47                     43.295
6     12     0.5          60             0.14625              5706.75                     42.7343
6     12     0.5          60             0.14875              5521.14                     42.0336
6     12     0.5          60             0.15125              5307.06                     41.2106
6     12     0.5          60             0.15375              5271.21                     41.0712
6     12     0.5          60             0.15625              4998.89                     39.9962
6     12     0.5          60             0.15875              4903.52                     39.6129
6     12     0.5          60             0.16125              4634.07                     38.5091
6     12     0.5          60             0.16375              4571.99                     38.2503
6     12     0.5          60             0.16625              4306.7                     37.124
6     12     0.5          60             0.16875              4104.46                     36.2418
6     12     0.5          60             0.17125              3830.85                     35.013
6     12     0.5          60             0.17375              3785.41                     34.8047
6     12     0.5          60             0.17625              3529.72                     33.6087
6     12     0.5          60             0.17875              3383.15                     32.9036
6     12     0.5          60             0.18125              3189.55                     31.9482
6     12     0.5          60             0.18375              2985.06                     30.9071
6     12     0.5          60             0.18625              2827.29                     30.0793
6     12     0.5          60             0.18875              2659.61                     29.1737
6     12     0.5          60             0.19125              2498.32                     28.2753
6     12     0.5          60             0.19375              2319.12                     27.2423
6     12     0.5          60             0.19625              2197.51                     26.5184
6     12     0.5          60             0.19875              2062.79                     25.6927
6     12     0.5          60             0.20125              1887.1                     24.5742
6     12     0.5          60             0.20375              1818.62                     24.1242
6     12     0.5          60             0.20625              1677.5                     23.1693
6     12     0.5          60             0.20875              1536.37                     22.1733
6     12     0.5          60             0.21125              1416.69                     21.2921
6     12     0.5          60             0.21375              1317.8                     20.5356
6     12     0.5          60             0.21625              1199.4                     19.5913
6     12     0.5          60             0.21875              1162.28                     19.2858
6     12     0.5          60             0.22125              1040.03                     18.2434
6     12     0.5          60             0.22375              965.792                     17.5802
6     12     0.5          60             0.22625              893.15                     16.9061
6     12     0.5          60             0.22875              824.987                     16.2482
6     12     0.5          60             0.23125              785.626                     15.8559
6     12     0.5          60             0.23375              698.583                     14.9517
6     12     0.5          60             0.23625              657.622                     14.5068
6     12     0.5          60             0.23875              614.42                     14.0222
6     12     0.5          60             0.24125              557.458                     13.3564
6     12     0.5          60             0.24375              510.097                     12.7764
6     12     0.5          60             0.24625              461.455                     12.152
6     12     0.5          60             0.24875              437.775                     11.8361
6     12     0.5          60             0.25125              379.533                     11.0206
6     12     0.5          60             0.25375              376.973                     10.9834
6     12     0.5          60             0.25625              320.651                     10.1297
6     12     0.5          60             0.25875              302.73                     9.8426
6     12     0.5          60             0.26125              284.489                     9.54147
6     12     0.5          60             0.26375              252.168                     8.98313
6     12     0.5          60             0.26625              223.687                     8.46064
6     12     0.5          60             0.26875              220.487                     8.3999
6     12     0.5          60             0.27125              188.486                     7.76644
6     12     0.5          60             0.27375              184.006                     7.67358
6     12     0.5          60             0.27625              173.766                     7.457
6     12     0.5          60             0.27875              154.565                     7.03296
6     12     0.5          60             0.28125              143.045                     6.76578
6     12     0.5          60             0.28375              116.484                     6.10541
6     12     0.5          60             0.28625              111.044                     5.96114
6     12     0.5          60             0.28875              93.7631                     5.4777
6     12     0.5          60             0.29125              91.843                     5.42132
6     12     0.5          60             0.29375              84.8028                     5.2094
6     12     0.5          60             0.29625              76.1625                     4.93688
6     12     0.5          60             0.29875              76.1625                     4.93688
6     12     0.5          60             0.30125              67.8423                     4.65942
6     12     0.5          60             0.30375              56.9619                     4.26947
6     12     0.5          60             0.30625              50.5617                     4.02247
6     12     0.5          60             0.30875              49.2816                     3.97123
6     12     0.5          60             0.31125              43.2014                     3.71819
6     12     0.5          60             0.31375              39.0413                     3.53463
6     12     0.5          60             0.31625              30.401                     3.11908
6     12     0.5          60             0.31875              31.041                     3.15174
6     12     0.5          60             0.32125              27.8409                     2.98486
6     12     0.5          60             0.32375              28.4809                     3.01897
6     12     0.5          60             0.32625              20.4807                     2.56008
6     12     0.5          60             0.32875              15.6805                     2.24007
6     12     0.5          60             0.33125              15.6805                     2.24007
6     12     0.5          60             0.33375              12.1604                     1.97268
6     12     0.5          60             0.33625              15.0405                     2.19388
6     12     0.5          60             0.33875              8.9603                     1.69334
6     12     0.5          60             0.34125              8.00027                     1.60005
6     12     0.5          60             0.34375              8.00027                     1.60005
6     12     0.5          60             0.34625              5.12017                     1.28004
6     12     0.5          60             0.34875              6.40021                     1.43113
6     12     0.5          60             0.35125              6.0802                     1.39489
6     12     0.5          60             0.35375              4.16014                     1.15381
6     12     0.5          60             0.35625              2.24007                     0.846668
6     12     0.5          60             0.35875              1.92006                     0.783863
6     12     0.5          60             0.36125              2.56008                     0.905127
6     12     0.5          60             0.36375              4.48015                     1.19737
6     12     0.5          60             0.36625              3.20011                     1.01196
6     12     0.5          60             0.36875              3.84013                     1.10855
6     12     0.5          60             0.37125              1.92006                     0.783863
6     12     0.5          60             0.37375              1.28004                     0.640021
6     12     0.5          60             0.37625              1.28004                     0.640021
6     12     0.5          60             0.37875              1.28004                     0.640021
6     12     0.5          60             0.38125              1.60005                     0.715565
6     12     0.5          60             0.38375              0.320011                     0.320011
6     12     0.5          60             0.38625              1.28004                     0.640021
6     12     0.5          60             0.38875              1.28004                     0.640021
6     12     0.5          60             0.39125              1.92006                     0.783863
6     12     0.5          60             0.39375              0                     0
6     12     0.5          60             0.39625              0.320011                     0.320011
6     12     0.5          60             0.39875              0.960032                     0.554275
6     12     0.5          60             0.40125              0                     0
6     12     0.5          60             0.40375              0.320011                     0.320011
6     12     0.5          60             0.40625              0.960032                     0.554275
6     12     0.5          60             0.40875              0.320011                     0.320011
6     12     0.5          60             0.41125              0                     0
6     12     0.5          60             0.41375              0                     0
6     12     0.5          60             0.41625              0                     0
6     12     0.5          60             0.41875              0                     0
6     12     0.5          60             0.42125              0                     0
6     12     0.5          60             0.42375              0                     0
6     12     0.5          60             0.42625              0                     0
6     12     0.5          60             0.42875              0                     0
6     12     0.5          60             0.43125              0                     0
6     12     0.5          60             0.43375              0.320011                     0.320011
6     12     0.5          60             0.43625              0                     0
6     12     0.5          60             0.43875              0                     0
6     12     0.5          60             0.44125              0                     0
6     12     0.5          60             0.44375              0                     0
6     12     0.5          60             0.44625              0                     0
6     12     0.5          60             0.44875              0                     0
6     12     0.5          60             0.45125              0                     0
6     12     0.5          60             0.45375              0                     0
6     12     0.5          60             0.45625              0                     0
6     12     0.5          60             0.45875              0                     0
6     12     0.5          60             0.46125              0                     0
6     12     0.5          60             0.46375              0                     0
6     12     0.5          60             0.46625              0                     0
6     12     0.5          60             0.46875              0                     0
6     12     0.5          60             0.47125              0                     0
6     12     0.5          60             0.47375              0                     0
6     12     0.5          60             0.47625              0                     0
6     12     0.5          60             0.47875              0                     0
6     12     0.5          60             0.48125              0                     0
6     12     0.5          60             0.48375              0                     0
6     12     0.5          60             0.48625              0                     0
6     12     0.5          60             0.48875              0                     0
6     12     0.5          60             0.49125              0                     0
6     12     0.5          60             0.49375              0                     0
6     12     0.5          60             0.49625              0                     0
*******************************************************************************************************
 Average mean_angle 6.04341e+07 +- 60192.5 deg 
 Average E' 374754 +- 373.255 GeV 
