*******************************************************************************************************
Z     A     E(GeV)     Theta(deg)     Energy Loss(GeV)     Sigma(nb/sr/GeV)     ERROR     Citation     
*******************************************************************************************************
6     12     0.48          145             0.0012              0                     0
6     12     0.48          145             0.0036              0                     0
6     12     0.48          145             0.006              0                     0
6     12     0.48          145             0.0084              0                     0
6     12     0.48          145             0.0108              0                     0
6     12     0.48          145             0.0132              0                     0
6     12     0.48          145             0.0156              0                     0
6     12     0.48          145             0.018              0                     0
6     12     0.48          145             0.0204              0                     0
6     12     0.48          145             0.0228              0                     0
6     12     0.48          145             0.0252              0                     0
6     12     0.48          145             0.0276              0                     0
6     12     0.48          145             0.03              0                     0
6     12     0.48          145             0.0324              0                     0
6     12     0.48          145             0.0348              0                     0
6     12     0.48          145             0.0372              0                     0
6     12     0.48          145             0.0396              0                     0
6     12     0.48          145             0.042              0                     0
6     12     0.48          145             0.0444              0                     0
6     12     0.48          145             0.0468              0                     0
6     12     0.48          145             0.0492              0                     0
6     12     0.48          145             0.0516              0                     0
6     12     0.48          145             0.054              0                     0
6     12     0.48          145             0.0564              0                     0
6     12     0.48          145             0.0588              0                     0
6     12     0.48          145             0.0612              0                     0
6     12     0.48          145             0.0636              0                     0
6     12     0.48          145             0.066              0                     0
6     12     0.48          145             0.0684              0                     0
6     12     0.48          145             0.0708              0                     0
6     12     0.48          145             0.0732              0.452677                     0.452677
6     12     0.48          145             0.0756              0                     0
6     12     0.48          145             0.078              0                     0
6     12     0.48          145             0.0804              0                     0
6     12     0.48          145             0.0828              0                     0
6     12     0.48          145             0.0852              0                     0
6     12     0.48          145             0.0876              0                     0
6     12     0.48          145             0.09              0                     0
6     12     0.48          145             0.0924              0                     0
6     12     0.48          145             0.0948              0                     0
6     12     0.48          145             0.0972              0                     0
6     12     0.48          145             0.0996              0                     0
6     12     0.48          145             0.102              1.35803                     0.784059
6     12     0.48          145             0.1044              0                     0
6     12     0.48          145             0.1068              0.452677                     0.452677
6     12     0.48          145             0.1092              0.452677                     0.452677
6     12     0.48          145             0.1116              0                     0
6     12     0.48          145             0.114              0.905353                     0.640182
6     12     0.48          145             0.1164              0                     0
6     12     0.48          145             0.1188              0                     0
6     12     0.48          145             0.1212              0                     0
6     12     0.48          145             0.1236              1.35803                     0.784059
6     12     0.48          145             0.126              0.452677                     0.452677
6     12     0.48          145             0.1284              3.16874                     1.19767
6     12     0.48          145             0.1308              1.81071                     0.905353
6     12     0.48          145             0.1332              0                     0
6     12     0.48          145             0.1356              2.26338                     1.01222
6     12     0.48          145             0.138              3.16874                     1.19767
6     12     0.48          145             0.1404              3.16874                     1.19767
6     12     0.48          145             0.1428              3.62141                     1.28036
6     12     0.48          145             0.1452              1.81071                     0.905353
6     12     0.48          145             0.1476              4.07409                     1.35803
6     12     0.48          145             0.15              3.16874                     1.19767
6     12     0.48          145             0.1524              1.81071                     0.905353
6     12     0.48          145             0.1548              4.52677                     1.43149
6     12     0.48          145             0.1572              4.52677                     1.43149
6     12     0.48          145             0.1596              5.8848                     1.63215
6     12     0.48          145             0.162              3.16874                     1.19767
6     12     0.48          145             0.1644              6.79015                     1.75321
6     12     0.48          145             0.1668              3.16874                     1.19767
6     12     0.48          145             0.1692              6.79015                     1.75321
6     12     0.48          145             0.1716              5.8848                     1.63215
6     12     0.48          145             0.174              8.14818                     1.92054
6     12     0.48          145             0.1764              5.8848                     1.63215
6     12     0.48          145             0.1788              9.50621                     2.07443
6     12     0.48          145             0.1812              5.43212                     1.56812
6     12     0.48          145             0.1836              8.60086                     1.97317
6     12     0.48          145             0.186              5.8848                     1.63215
6     12     0.48          145             0.1884              12.6749                     2.39534
6     12     0.48          145             0.1908              10.4116                     2.17096
6     12     0.48          145             0.1932              13.5803                     2.47941
6     12     0.48          145             0.1956              11.7696                     2.30821
6     12     0.48          145             0.198              14.033                     2.5204
6     12     0.48          145             0.2004              10.8642                     2.21765
6     12     0.48          145             0.2028              13.1276                     2.43774
6     12     0.48          145             0.2052              19.4651                     2.9684
6     12     0.48          145             0.2076              13.1276                     2.43774
6     12     0.48          145             0.21              19.4651                     2.9684
6     12     0.48          145             0.2124              20.3705                     3.03665
6     12     0.48          145             0.2148              19.9178                     3.00272
6     12     0.48          145             0.2172              22.1812                     3.16874
6     12     0.48          145             0.2196              20.8231                     3.0702
6     12     0.48          145             0.222              18.5597                     2.89855
6     12     0.48          145             0.2244              23.9919                     3.29554
6     12     0.48          145             0.2268              23.9919                     3.29554
6     12     0.48          145             0.2292              22.6338                     3.20091
6     12     0.48          145             0.2316              26.7079                     3.47708
6     12     0.48          145             0.234              28.9713                     3.62141
6     12     0.48          145             0.2364              31.2347                     3.76022
6     12     0.48          145             0.2388              37.1195                     4.09916
6     12     0.48          145             0.2412              37.1195                     4.09916
6     12     0.48          145             0.2436              33.9508                     3.9203
6     12     0.48          145             0.246              34.4034                     3.94634
6     12     0.48          145             0.2484              39.3829                     4.22229
6     12     0.48          145             0.2508              40.2882                     4.27054
6     12     0.48          145             0.2532              40.7409                     4.29447
6     12     0.48          145             0.2556              48.8891                     4.70435
6     12     0.48          145             0.258              52.5105                     4.87548
6     12     0.48          145             0.2604              54.7739                     4.97944
6     12     0.48          145             0.2628              57.0373                     5.08128
6     12     0.48          145             0.2652              48.4364                     4.68252
6     12     0.48          145             0.2676              65.1854                     5.43212
6     12     0.48          145             0.27              56.1319                     5.04079
6     12     0.48          145             0.2724              68.8069                     5.58097
6     12     0.48          145             0.2748              73.7863                     5.77939
6     12     0.48          145             0.2772              71.5229                     5.69006
6     12     0.48          145             0.2796              71.5229                     5.69006
6     12     0.48          145             0.282              88.272                     6.32129
6     12     0.48          145             0.2844              78.7658                     5.97122
6     12     0.48          145             0.2868              84.6505                     6.19026
6     12     0.48          145             0.2892              82.8398                     6.1237
6     12     0.48          145             0.2916              101.852                     6.79015
6     12     0.48          145             0.294              100.042                     6.72952
6     12     0.48          145             0.2964              101.4                     6.77504
6     12     0.48          145             0.2988              116.338                     7.25696
6     12     0.48          145             0.3012              104.116                     6.86518
6     12     0.48          145             0.3036              120.865                     7.3968
6     12     0.48          145             0.306              119.959                     7.36904
6     12     0.48          145             0.3084              118.601                     7.32721
6     12     0.48          145             0.3108              137.161                     7.8797
6     12     0.48          145             0.3132              133.992                     7.78814
6     12     0.48          145             0.3156              142.14                     8.02145
6     12     0.48          145             0.318              127.655                     7.60173
6     12     0.48          145             0.3204              143.499                     8.05968
6     12     0.48          145             0.3228              151.194                     8.27297
6     12     0.48          145             0.3252              145.309                     8.11037
6     12     0.48          145             0.3276              156.626                     8.42027
6     12     0.48          145             0.33              157.984                     8.4567
6     12     0.48          145             0.3324              176.997                     8.9511
6     12     0.48          145             0.3348              160.248                     8.51706
6     12     0.48          145             0.3372              169.754                     8.76605
6     12     0.48          145             0.3396              148.478                     8.19832
6     12     0.48          145             0.342              179.26                     9.00815
6     12     0.48          145             0.3444              166.132                     8.67204
6     12     0.48          145             0.3468              176.997                     8.9511
6     12     0.48          145             0.3492              171.112                     8.80104
6     12     0.48          145             0.3516              176.091                     8.92818
6     12     0.48          145             0.354              176.091                     8.92818
6     12     0.48          145             0.3564              185.145                     9.15482
6     12     0.48          145             0.3588              178.355                     8.98538
6     12     0.48          145             0.3612              186.503                     9.18833
6     12     0.48          145             0.3636              157.532                     8.44457
6     12     0.48          145             0.366              157.984                     8.4567
6     12     0.48          145             0.3684              175.186                     8.9052
6     12     0.48          145             0.3708              168.396                     8.73091
6     12     0.48          145             0.3732              157.079                     8.43243
6     12     0.48          145             0.3756              162.058                     8.56505
6     12     0.48          145             0.378              149.836                     8.23573
6     12     0.48          145             0.3804              152.552                     8.31004
6     12     0.48          145             0.3828              126.297                     7.56119
6     12     0.48          145             0.3852              127.655                     7.60173
6     12     0.48          145             0.3876              138.972                     7.93154
6     12     0.48          145             0.39              137.614                     7.89269
6     12     0.48          145             0.3924              109.095                     7.02743
6     12     0.48          145             0.3948              108.19                     6.99821
6     12     0.48          145             0.3972              101.852                     6.79015
6     12     0.48          145             0.3996              110                     7.05653
6     12     0.48          145             0.402              95.9675                     6.59107
6     12     0.48          145             0.4044              84.1979                     6.17369
6     12     0.48          145             0.4068              104.568                     6.88009
6     12     0.48          145             0.4092              81.9345                     6.09014
6     12     0.48          145             0.4116              95.5148                     6.57551
6     12     0.48          145             0.414              77.8604                     5.9368
6     12     0.48          145             0.4164              88.7246                     6.33747
6     12     0.48          145             0.4188              70.1649                     5.63578
6     12     0.48          145             0.4212              72.881                     5.74382
6     12     0.48          145             0.4236              77.8604                     5.9368
6     12     0.48          145             0.426              70.1649                     5.63578
6     12     0.48          145             0.4284              75.1443                     5.83233
6     12     0.48          145             0.4308              79.2184                     5.98835
6     12     0.48          145             0.4332              65.1854                     5.43212
6     12     0.48          145             0.4356              81.4818                     6.0733
6     12     0.48          145             0.438              64.2801                     5.39427
6     12     0.48          145             0.4404              69.2595                     5.5993
6     12     0.48          145             0.4428              68.8069                     5.58097
6     12     0.48          145             0.4452              68.8069                     5.58097
6     12     0.48          145             0.4476              75.1443                     5.83233
6     12     0.48          145             0.45              78.7658                     5.97122
6     12     0.48          145             0.4524              74.6917                     5.81474
6     12     0.48          145             0.4548              84.1979                     6.17369
6     12     0.48          145             0.4572              71.0702                     5.67202
6     12     0.48          145             0.4596              34.4034                     3.94634
6     12     0.48          145             0.462              1.35803                     0.784059
6     12     0.48          145             0.4644              0                     0
6     12     0.48          145             0.4668              0                     0
6     12     0.48          145             0.4692              0                     0
6     12     0.48          145             0.4716              0                     0
6     12     0.48          145             0.474              0                     0
6     12     0.48          145             0.4764              0                     0
*******************************************************************************************************
 Average mean_angle 3.31889e+06 +- 21934.7 deg 
 Average E' 3083.71 +- 20.3804 GeV 
