*******************************************************************************************************
Z     A     E(GeV)     Theta(deg)     Energy Loss(GeV)     Sigma(nb/sr/GeV)     ERROR     Citation     
*******************************************************************************************************
6     12     2.346          30             0.216              0                     0
6     12     2.346          30             0.248              0                     0
6     12     2.346          30             0.28              0                     0
6     12     2.346          30             0.312              0                     0
6     12     2.346          30             0.344              0                     0
6     12     2.346          30             0.376              0                     0
6     12     2.346          30             0.408              0                     0
6     12     2.346          30             0.44              0                     0
6     12     2.346          30             0.472              0                     0
6     12     2.346          30             0.504              0.00347678                     0.00245845
6     12     2.346          30             0.536              0.0677971                     0.0108562
6     12     2.346          30             0.568              0.531947                     0.0304094
6     12     2.346          30             0.6              2.76925                     0.0693833
6     12     2.346          30             0.632              9.83406                     0.130749
6     12     2.346          30             0.664              26.2323                     0.213546
6     12     2.346          30             0.696              52.9131                     0.303288
6     12     2.346          30             0.728              89.8243                     0.395158
6     12     2.346          30             0.76              134.044                     0.482721
6     12     2.346          30             0.792              181.427                     0.561596
6     12     2.346          30             0.824              224.645                     0.624916
6     12     2.346          30             0.856              259.168                     0.671218
6     12     2.346          30             0.888              277.749                     0.694864
6     12     2.346          30             0.92              287.126                     0.706496
6     12     2.346          30             0.952              293.25                     0.713991
6     12     2.346          30             0.984              299.775                     0.72189
6     12     2.346          30             1.016              310.97                     0.735246
6     12     2.346          30             1.048              327.704                     0.754769
6     12     2.346          30             1.08              346.704                     0.776342
6     12     2.346          30             1.112              370.146                     0.802158
6     12     2.346          30             1.144              396.62                     0.830349
6     12     2.346          30             1.176              421.942                     0.856445
6     12     2.346          30             1.208              444.464                     0.879006
6     12     2.346          30             1.24              458.416                     0.892696
6     12     2.346          30             1.272              460.183                     0.894414
6     12     2.346          30             1.304              451.75                     0.886181
6     12     2.346          30             1.336              432.756                     0.867351
6     12     2.346          30             1.368              399.292                     0.833142
6     12     2.346          30             1.4              355.156                     0.785748
6     12     2.346          30             1.432              304.336                     0.727361
6     12     2.346          30             1.464              254.074                     0.66459
6     12     2.346          30             1.496              206.858                     0.599666
6     12     2.346          30             1.528              164.046                     0.534019
6     12     2.346          30             1.56              126.157                     0.468305
6     12     2.346          30             1.592              94.8725                     0.40611
6     12     2.346          30             1.624              69.6677                     0.348008
6     12     2.346          30             1.656              45.0538                     0.279859
6     12     2.346          30             1.688              22.8702                     0.199392
6     12     2.346          30             1.72              9.53332                     0.128735
6     12     2.346          30             1.752              2.08607                     0.0602195
*******************************************************************************************************
 Average angle 1.48143e+08 +- 66546.7 deg 
 Average E' 5.80231e+06 +- 2606.43 GeV 
