*******************************************************************************************************
Z     A     E(GeV)     Theta(deg)     Energy Loss(GeV)     Sigma(nb/sr/GeV)     ERROR     Citation     
*******************************************************************************************************
6     12     2.346          60             1.107              0                     0
6     12     2.346          60             1.121              0                     0
6     12     2.346          60             1.135              0                     0
6     12     2.346          60             1.149              0                     0
6     12     2.346          60             1.163              0.00229408                     0.00229408
6     12     2.346          60             1.177              0.00229408                     0.00229408
6     12     2.346          60             1.191              0.00229408                     0.00229408
6     12     2.346          60             1.205              0.0137645                     0.00561932
6     12     2.346          60             1.219              0.0275289                     0.00794692
6     12     2.346          60             1.233              0.0757046                     0.0131785
6     12     2.346          60             1.247              0.114704                     0.0162216
6     12     2.346          60             1.261              0.213349                     0.0221233
6     12     2.346          60             1.275              0.396875                     0.0301739
6     12     2.346          60             1.289              0.408346                     0.0306068
6     12     2.346          60             1.303              0.72034                     0.0406512
6     12     2.346          60             1.317              0.926807                     0.0461104
6     12     2.346          60             1.331              1.1608                     0.051604
6     12     2.346          60             1.345              1.63109                     0.0611706
6     12     2.346          60             1.359              1.99126                     0.0675878
6     12     2.346          60             1.373              2.68178                     0.078436
6     12     2.346          60             1.387              3.18877                     0.0855294
6     12     2.346          60             1.401              4.22799                     0.0984852
6     12     2.346          60             1.415              4.90474                     0.106075
6     12     2.346          60             1.429              5.79255                     0.115276
6     12     2.346          60             1.443              6.98088                     0.126549
6     12     2.346          60             1.457              8.24033                     0.137492
6     12     2.346          60             1.471              9.48831                     0.147536
6     12     2.346          60             1.485              10.9198                     0.158275
6     12     2.346          60             1.499              12.2527                     0.167656
6     12     2.346          60             1.513              13.7094                     0.177343
6     12     2.346          60             1.527              15.1271                     0.186287
6     12     2.346          60             1.541              16.5128                     0.194632
6     12     2.346          60             1.555              18.9101                     0.208282
6     12     2.346          60             1.569              20.8853                     0.218889
6     12     2.346          60             1.583              22.7205                     0.228304
6     12     2.346          60             1.597              24.9366                     0.239179
6     12     2.346          60             1.611              27.4142                     0.25078
6     12     2.346          60             1.625              30.5066                     0.264546
6     12     2.346          60             1.639              32.8191                     0.274389
6     12     2.346          60             1.653              35.182                     0.284095
6     12     2.346          60             1.667              38.0106                     0.295295
6     12     2.346          60             1.681              40.167                     0.303556
6     12     2.346          60             1.695              42.2592                     0.311361
6     12     2.346          60             1.709              45.5007                     0.323082
6     12     2.346          60             1.723              48.1596                     0.332388
6     12     2.346          60             1.737              51.1304                     0.342487
6     12     2.346          60             1.751              53.3327                     0.349785
6     12     2.346          60             1.765              55.0464                     0.35536
6     12     2.346          60             1.779              57.7236                     0.363899
*******************************************************************************************************
 Average angle 59.9605 +- 0.0507662 deg 
 Average E' 0.427635 +- 0.000362063 GeV 
