*******************************************************************************************************
Z     A     E(GeV)     Theta(deg)     Energy Loss(GeV)     Sigma(nb/sr/GeV)     ERROR     Citation     
*******************************************************************************************************
6     12     0.5          60             0.00125              0                     0
6     12     0.5          60             0.00375              0                     0
6     12     0.5          60             0.00625              0                     0
6     12     0.5          60             0.00875              0                     0
6     12     0.5          60             0.01125              0                     0
6     12     0.5          60             0.01375              0                     0
6     12     0.5          60             0.01625              0                     0
6     12     0.5          60             0.01875              0                     0
6     12     0.5          60             0.02125              0                     0
6     12     0.5          60             0.02375              0                     0
6     12     0.5          60             0.02625              0                     0
6     12     0.5          60             0.02875              0                     0
6     12     0.5          60             0.03125              0                     0
6     12     0.5          60             0.03375              0                     0
6     12     0.5          60             0.03625              0                     0
6     12     0.5          60             0.03875              0                     0
6     12     0.5          60             0.04125              0                     0
6     12     0.5          60             0.04375              0                     0
6     12     0.5          60             0.04625              0                     0
6     12     0.5          60             0.04875              0                     0
6     12     0.5          60             0.05125              0                     0
6     12     0.5          60             0.05375              0                     0
6     12     0.5          60             0.05625              0                     0
6     12     0.5          60             0.05875              0                     0
6     12     0.5          60             0.06125              0                     0
6     12     0.5          60             0.06375              0                     0
6     12     0.5          60             0.06625              0                     0
6     12     0.5          60             0.06875              0                     0
6     12     0.5          60             0.07125              0                     0
6     12     0.5          60             0.07375              0                     0
6     12     0.5          60             0.07625              0                     0
6     12     0.5          60             0.07875              0                     0
6     12     0.5          60             0.08125              0                     0
6     12     0.5          60             0.08375              0                     0
6     12     0.5          60             0.08625              0                     0
6     12     0.5          60             0.08875              0                     0
6     12     0.5          60             0.09125              0                     0
6     12     0.5          60             0.09375              0                     0
6     12     0.5          60             0.09625              0                     0
6     12     0.5          60             0.09875              0                     0
6     12     0.5          60             0.10125              0                     0
6     12     0.5          60             0.10375              0                     0
6     12     0.5          60             0.10625              0                     0
6     12     0.5          60             0.10875              0                     0
6     12     0.5          60             0.11125              0                     0
6     12     0.5          60             0.11375              0                     0
6     12     0.5          60             0.11625              0                     0
6     12     0.5          60             0.11875              0                     0
6     12     0.5          60             0.12125              0                     0
6     12     0.5          60             0.12375              0                     0
6     12     0.5          60             0.12625              0                     0
6     12     0.5          60             0.12875              0                     0
6     12     0.5          60             0.13125              0                     0
6     12     0.5          60             0.13375              0                     0
6     12     0.5          60             0.13625              0                     0
6     12     0.5          60             0.13875              0                     0
6     12     0.5          60             0.14125              0                     0
6     12     0.5          60             0.14375              0                     0
6     12     0.5          60             0.14625              0                     0
6     12     0.5          60             0.14875              0                     0
6     12     0.5          60             0.15125              0                     0
6     12     0.5          60             0.15375              0                     0
6     12     0.5          60             0.15625              0                     0
6     12     0.5          60             0.15875              0                     0
6     12     0.5          60             0.16125              0                     0
6     12     0.5          60             0.16375              0                     0
6     12     0.5          60             0.16625              0                     0
6     12     0.5          60             0.16875              0                     0
6     12     0.5          60             0.17125              0                     0
6     12     0.5          60             0.17375              0                     0
6     12     0.5          60             0.17625              0                     0
6     12     0.5          60             0.17875              0                     0
6     12     0.5          60             0.18125              0                     0
6     12     0.5          60             0.18375              0                     0
6     12     0.5          60             0.18625              0                     0
6     12     0.5          60             0.18875              0                     0
6     12     0.5          60             0.19125              0                     0
6     12     0.5          60             0.19375              0.640021                     0.452563
6     12     0.5          60             0.19625              0.960032                     0.554275
6     12     0.5          60             0.19875              0.960032                     0.554275
6     12     0.5          60             0.20125              0.960032                     0.554275
6     12     0.5          60             0.20375              1.28004                     0.640021
6     12     0.5          60             0.20625              1.28004                     0.640021
6     12     0.5          60             0.20875              0.640021                     0.452563
6     12     0.5          60             0.21125              3.20011                     1.01196
6     12     0.5          60             0.21375              3.20011                     1.01196
6     12     0.5          60             0.21625              3.84013                     1.10855
6     12     0.5          60             0.21875              6.40021                     1.43113
6     12     0.5          60             0.22125              6.0802                     1.39489
6     12     0.5          60             0.22375              5.44018                     1.31944
6     12     0.5          60             0.22625              9.92033                     1.78174
6     12     0.5          60             0.22875              11.2004                     1.89321
6     12     0.5          60             0.23125              14.7205                     2.17042
6     12     0.5          60             0.23375              14.7205                     2.17042
6     12     0.5          60             0.23625              16.9606                     2.32971
6     12     0.5          60             0.23875              17.2806                     2.35159
6     12     0.5          60             0.24125              28.4809                     3.01897
6     12     0.5          60             0.24375              28.801                     3.03589
6     12     0.5          60             0.24625              31.6811                     3.18407
6     12     0.5          60             0.24875              42.8814                     3.70439
6     12     0.5          60             0.25125              42.8814                     3.70439
6     12     0.5          60             0.25375              51.8417                     4.07307
6     12     0.5          60             0.25625              59.522                     4.36436
6     12     0.5          60             0.25875              63.3621                     4.50295
6     12     0.5          60             0.26125              79.3626                     5.03953
6     12     0.5          60             0.26375              83.5228                     5.16993
6     12     0.5          60             0.26625              93.1231                     5.45897
6     12     0.5          60             0.26875              107.844                     5.87461
6     12     0.5          60             0.27125              116.484                     6.10541
6     12     0.5          60             0.27375              139.845                     6.68968
6     12     0.5          60             0.27625              160.005                     7.15565
6     12     0.5          60             0.27875              185.606                     7.70688
6     12     0.5          60             0.28125              207.047                     8.13985
6     12     0.5          60             0.28375              230.728                     8.59275
6     12     0.5          60             0.28625              241.928                     8.79884
6     12     0.5          60             0.28875              294.09                     9.70113
6     12     0.5          60             0.29125              316.811                     10.0689
6     12     0.5          60             0.29375              347.532                     10.5458
6     12     0.5          60             0.29625              371.212                     10.8992
6     12     0.5          60             0.29875              433.614                     11.7797
6     12     0.5          60             0.30125              469.776                     12.261
6     12     0.5          60             0.30375              529.298                     13.0146
6     12     0.5          60             0.30625              568.659                     13.4899
6     12     0.5          60             0.30875              625.941                     14.153
6     12     0.5          60             0.31125              693.783                     14.9003
6     12     0.5          60             0.31375              731.544                     15.3004
6     12     0.5          60             0.31625              830.748                     16.3048
6     12     0.5          60             0.31875              880.029                     16.7815
6     12     0.5          60             0.32125              950.752                     17.4428
6     12     0.5          60             0.32375              1051.23                     18.3414
6     12     0.5          60             0.32625              1129.64                     19.013
6     12     0.5          60             0.32875              1207.08                     19.654
6     12     0.5          60             0.33125              1277.8                     20.2215
6     12     0.5          60             0.33375              1385.65                     21.0576
6     12     0.5          60             0.33625              1458.93                     21.6072
6     12     0.5          60             0.33875              1560.69                     22.3481
6     12     0.5          60             0.34125              1631.73                     22.8511
6     12     0.5          60             0.34375              1743.74                     23.6223
6     12     0.5          60             0.34625              1817.02                     24.1136
6     12     0.5          60             0.34875              1917.82                     24.7735
6     12     0.5          60             0.35125              1988.55                     25.2261
6     12     0.5          60             0.35375              2109.51                     25.982
6     12     0.5          60             0.35625              2195.59                     26.5068
6     12     0.5          60             0.35875              2313.04                     27.2065
6     12     0.5          60             0.36125              2375.44                     27.5711
6     12     0.5          60             0.36375              2460.88                     28.0626
6     12     0.5          60             0.36625              2512.08                     28.353
6     12     0.5          60             0.36875              2645.53                     29.0963
6     12     0.5          60             0.37125              2650.97                     29.1262
6     12     0.5          60             0.37375              2697.69                     29.3818
6     12     0.5          60             0.37625              2825.69                     30.0708
6     12     0.5          60             0.37875              2896.42                     30.4448
6     12     0.5          60             0.38125              2912.42                     30.5287
6     12     0.5          60             0.38375              2958.5                     30.7693
6     12     0.5          60             0.38625              3006.18                     31.0163
6     12     0.5          60             0.38875              3013.54                     31.0542
6     12     0.5          60             0.39125              3147.3                     31.736
6     12     0.5          60             0.39375              3137.7                     31.6875
6     12     0.5          60             0.39625              3150.82                     31.7537
6     12     0.5          60             0.39875              3122.66                     31.6115
6     12     0.5          60             0.40125              3203.31                     32.0171
6     12     0.5          60             0.40375              3255.47                     32.2767
6     12     0.5          60             0.40625              3208.11                     32.041
6     12     0.5          60             0.40875              3234.03                     32.1702
6     12     0.5          60             0.41125              3219.63                     32.0985
6     12     0.5          60             0.41375              3234.35                     32.1718
6     12     0.5          60             0.41625              3223.47                     32.1177
6     12     0.5          60             0.41875              3266.67                     32.3322
6     12     0.5          60             0.42125              3258.35                     32.291
6     12     0.5          60             0.42375              3177.07                     31.8856
6     12     0.5          60             0.42625              3212.27                     32.0618
6     12     0.5          60             0.42875              3139.3                     31.6956
6     12     0.5          60             0.43125              3212.91                     32.065
6     12     0.5          60             0.43375              3173.23                     31.8664
6     12     0.5          60             0.43625              3219.95                     32.1001
6     12     0.5          60             0.43875              3186.35                     31.9322
6     12     0.5          60             0.44125              3116.26                     31.5791
6     12     0.5          60             0.44375              3095.46                     31.4735
6     12     0.5          60             0.44625              3069.54                     31.3414
6     12     0.5          60             0.44875              3025.7                     31.1168
6     12     0.5          60             0.45125              3050.34                     31.2433
6     12     0.5          60             0.45375              2977.06                     30.8657
6     12     0.5          60             0.45625              2989.86                     30.932
6     12     0.5          60             0.45875              2388.88                     27.649
6     12     0.5          60             0.46125              509.457                     12.7684
6     12     0.5          60             0.46375              0                     0
6     12     0.5          60             0.46625              0                     0
6     12     0.5          60             0.46875              0                     0
6     12     0.5          60             0.47125              0                     0
6     12     0.5          60             0.47375              0                     0
6     12     0.5          60             0.47625              0                     0
6     12     0.5          60             0.47875              0                     0
6     12     0.5          60             0.48125              0                     0
6     12     0.5          60             0.48375              0                     0
6     12     0.5          60             0.48625              0                     0
6     12     0.5          60             0.48875              0                     0
6     12     0.5          60             0.49125              0                     0
6     12     0.5          60             0.49375              0                     0
6     12     0.5          60             0.49625              0                     0
*******************************************************************************************************
 Average angle 2.92594e+07 +- 41892.4 deg 
 Average E' 52012.1 +- 74.4689 GeV 
