*******************************************************************************************************
Z     A     E(GeV)     Theta(deg)     Energy Loss(GeV)     Sigma(nb/sr/GeV)     ERROR     Citation     
*******************************************************************************************************
6     12     4.045          15             0.020225              0                     0
6     12     4.045          15             0.060675              0                     0
6     12     4.045          15             0.101125              0                     0
6     12     4.045          15             0.141575              0                     0
6     12     4.045          15             0.182025              0                     0
6     12     4.045          15             0.222475              0                     0
6     12     4.045          15             0.262925              0                     0
6     12     4.045          15             0.303375              0                     0
6     12     4.045          15             0.343825              0                     0
6     12     4.045          15             0.384275              0                     0
6     12     4.045          15             0.424725              0.11278                     0.11278
6     12     4.045          15             0.465175              1.1278                     0.356641
6     12     4.045          15             0.505625              8.23292                     0.96359
6     12     4.045          15             0.546075              35.1873                     1.99209
6     12     4.045          15             0.586525              116.05                     3.61775
6     12     4.045          15             0.626975              268.416                     5.50198
6     12     4.045          15             0.667425              486.08                     7.40405
6     12     4.045          15             0.707875              729.008                     9.06737
6     12     4.045          15             0.748325              960.544                     10.4082
6     12     4.045          15             0.788775              1168.96                     11.4819
6     12     4.045          15             0.829225              1266.52                     11.9515
6     12     4.045          15             0.869675              1358.77                     12.3791
6     12     4.045          15             0.910125              1344.78                     12.3152
6     12     4.045          15             0.950575              1382.57                     12.487
6     12     4.045          15             0.991025              1388.2                     12.5124
6     12     4.045          15             1.03147              1455.65                     12.8128
6     12     4.045          15             1.07193              1529.29                     13.1329
6     12     4.045          15             1.11237              1602.82                     13.4449
6     12     4.045          15             1.15282              1736.81                     13.9956
6     12     4.045          15             1.19327              1760.6                     14.0911
6     12     4.045          15             1.23372              1838.31                     14.3987
6     12     4.045          15             1.27417              1828.61                     14.3607
6     12     4.045          15             1.31462              1776.96                     14.1564
6     12     4.045          15             1.35508              1675.45                     13.7462
6     12     4.045          15             1.39552              1521.62                     13.0999
6     12     4.045          15             1.43598              1348.96                     12.3343
6     12     4.045          15             1.47642              1125.09                     11.2644
6     12     4.045          15             1.51687              940.808                     10.3007
6     12     4.045          15             1.55732              754.496                     9.22452
6     12     4.045          15             1.59777              591.642                     8.16855
6     12     4.045          15             1.63822              450.668                     7.12925
6     12     4.045          15             1.67867              326.384                     6.06709
6     12     4.045          15             1.71913              234.243                     5.13983
6     12     4.045          15             1.75957              161.726                     4.27076
6     12     4.045          15             1.80002              111.201                     3.54135
6     12     4.045          15             1.84047              74.9985                     2.90832
6     12     4.045          15             1.88092              43.7585                     2.2215
6     12     4.045          15             1.92137              22.5559                     1.59495
6     12     4.045          15             1.96182              13.0824                     1.21467
6     12     4.045          15             2.00228              5.86454                     0.813266
6     12     4.045          15             2.04272              1.46614                     0.406633
6     12     4.045          15             2.08317              0.338339                     0.19534
6     12     4.045          15             2.12363              0.11278                     0.11278
6     12     4.045          15             2.16407              0                     0
6     12     4.045          15             2.20452              0                     0
6     12     4.045          15             2.24497              0                     0
6     12     4.045          15             2.28543              0                     0
6     12     4.045          15             2.32587              0                     0
6     12     4.045          15             2.36632              0                     0
6     12     4.045          15             2.40678              0                     0
6     12     4.045          15             2.44722              0                     0
6     12     4.045          15             2.48767              0                     0
6     12     4.045          15             2.52812              0                     0
6     12     4.045          15             2.56858              0                     0
6     12     4.045          15             2.60902              0                     0
6     12     4.045          15             2.64947              0                     0
6     12     4.045          15             2.68993              0                     0
6     12     4.045          15             2.73037              0                     0
6     12     4.045          15             2.77082              0                     0
6     12     4.045          15             2.81127              0                     0
6     12     4.045          15             2.85173              0                     0
6     12     4.045          15             2.89217              0                     0
6     12     4.045          15             2.93262              0                     0
6     12     4.045          15             2.97308              0                     0
6     12     4.045          15             3.01353              0                     0
6     12     4.045          15             3.05397              0                     0
6     12     4.045          15             3.09442              0                     0
6     12     4.045          15             3.13488              0                     0
6     12     4.045          15             3.17532              0                     0
6     12     4.045          15             3.21577              0                     0
6     12     4.045          15             3.25622              0                     0
6     12     4.045          15             3.29668              0                     0
6     12     4.045          15             3.33712              0                     0
6     12     4.045          15             3.37757              0                     0
6     12     4.045          15             3.41803              0                     0
6     12     4.045          15             3.45847              0                     0
6     12     4.045          15             3.49892              0                     0
6     12     4.045          15             3.53937              0                     0
6     12     4.045          15             3.57983              0                     0
6     12     4.045          15             3.62027              0                     0
6     12     4.045          15             3.66072              0                     0
6     12     4.045          15             3.70118              0                     0
6     12     4.045          15             3.74162              0                     0
6     12     4.045          15             3.78207              0                     0
6     12     4.045          15             3.82252              0                     0
6     12     4.045          15             3.86298              0                     0
6     12     4.045          15             3.90342              0                     0
6     12     4.045          15             3.94387              0                     0
6     12     4.045          15             3.98433              0                     0
*******************************************************************************************************
 Average angle 4.37934e+06 +- 8041.52 deg 
 Average E' 855033 +- 1570.05 GeV 
