*******************************************************************************************************
Z     A     E(GeV)     Theta(deg)     Energy Loss(GeV)     Sigma(nb/sr/GeV)     ERROR     Citation     
*******************************************************************************************************
6     12     1.204          28.01             0.00602              0                     0
6     12     1.204          28.01             0.01806              4.28658                     4.28658
6     12     1.204          28.01             0.0301              17.1463                     8.57316
6     12     1.204          28.01             0.04214              30.006                     11.3412
6     12     1.204          28.01             0.05418              55.7255                     15.4555
6     12     1.204          28.01             0.06622              90.0181                     19.6436
6     12     1.204          28.01             0.07826              150.03                     25.3597
6     12     1.204          28.01             0.0903              218.615                     30.6123
6     12     1.204          28.01             0.10234              312.92                     36.6245
6     12     1.204          28.01             0.11438              334.353                     37.858
6     12     1.204          28.01             0.12642              385.792                     40.666
6     12     1.204          28.01             0.13846              527.249                     47.5404
6     12     1.204          28.01             0.1505              630.127                     51.972
6     12     1.204          28.01             0.16254              685.852                     54.2214
6     12     1.204          28.01             0.17458              763.011                     57.1901
6     12     1.204          28.01             0.18662              921.614                     62.8536
6     12     1.204          28.01             0.19866              1007.35                     65.712
6     12     1.204          28.01             0.2107              1234.53                     72.7456
6     12     1.204          28.01             0.22274              1414.57                     77.8695
6     12     1.204          28.01             0.23478              1457.44                     79.0406
6     12     1.204          28.01             0.24682              1860.37                     89.3008
6     12     1.204          28.01             0.25886              1980.4                     92.1365
6     12     1.204          28.01             0.2709              2113.28                     95.1775
6     12     1.204          28.01             0.28294              2301.89                     99.334
6     12     1.204          28.01             0.29498              2713.4                     107.848
6     12     1.204          28.01             0.30702              2644.82                     106.476
6     12     1.204          28.01             0.31906              2811.99                     109.79
6     12     1.204          28.01             0.3311              2769.13                     108.95
6     12     1.204          28.01             0.34314              2713.4                     107.848
6     12     1.204          28.01             0.35518              2623.39                     106.044
6     12     1.204          28.01             0.36722              2370.48                     100.803
6     12     1.204          28.01             0.37926              2293.32                     99.1488
6     12     1.204          28.01             0.3913              2040.41                     93.5221
6     12     1.204          28.01             0.40334              1971.83                     91.9368
6     12     1.204          28.01             0.41538              1586.03                     82.454
6     12     1.204          28.01             0.42742              1641.76                     83.89
6     12     1.204          28.01             0.43946              1388.85                     77.1584
6     12     1.204          28.01             0.4515              1187.38                     71.3429
6     12     1.204          28.01             0.46354              917.328                     62.7072
6     12     1.204          28.01             0.47558              865.889                     60.9237
6     12     1.204          28.01             0.48762              818.736                     59.2417
6     12     1.204          28.01             0.49966              715.858                     55.3948
6     12     1.204          28.01             0.5117              660.133                     53.195
6     12     1.204          28.01             0.52374              591.548                     50.3559
6     12     1.204          28.01             0.53578              548.682                     48.4971
6     12     1.204          28.01             0.54782              582.975                     49.9897
6     12     1.204          28.01             0.55986              535.822                     47.9254
6     12     1.204          28.01             0.5719              535.822                     47.9254
6     12     1.204          28.01             0.58394              578.688                     49.8055
6     12     1.204          28.01             0.59598              527.249                     47.5404
6     12     1.204          28.01             0.60802              565.828                     49.249
6     12     1.204          28.01             0.62006              522.962                     47.3468
6     12     1.204          28.01             0.6321              527.249                     47.5404
6     12     1.204          28.01             0.64414              505.816                     46.5642
6     12     1.204          28.01             0.65618              561.542                     49.0621
6     12     1.204          28.01             0.66822              548.682                     48.4971
6     12     1.204          28.01             0.68026              437.231                     43.2923
6     12     1.204          28.01             0.6923              411.511                     41.9997
6     12     1.204          28.01             0.70434              454.377                     44.133
6     12     1.204          28.01             0.71638              514.389                     46.9571
6     12     1.204          28.01             0.72842              488.67                     45.7681
6     12     1.204          28.01             0.74046              480.097                     45.3649
6     12     1.204          28.01             0.7525              441.517                     43.504
6     12     1.204          28.01             0.76454              381.505                     40.4395
6     12     1.204          28.01             0.77658              471.524                     44.958
6     12     1.204          28.01             0.78862              402.938                     41.5599
6     12     1.204          28.01             0.80066              347.213                     38.5792
6     12     1.204          28.01             0.8127              458.664                     44.3407
6     12     1.204          28.01             0.82474              355.786                     39.0526
6     12     1.204          28.01             0.83678              308.634                     36.3728
6     12     1.204          28.01             0.84882              390.079                     40.8913
6     12     1.204          28.01             0.86086              338.64                     38.0999
6     12     1.204          28.01             0.8729              360.073                     39.2871
6     12     1.204          28.01             0.88494              291.487                     35.348
6     12     1.204          28.01             0.89698              347.213                     38.5792
6     12     1.204          28.01             0.90902              325.78                     37.3695
6     12     1.204          28.01             0.92106              364.359                     39.5203
6     12     1.204          28.01             0.9331              300.06                     35.8641
6     12     1.204          28.01             0.94514              162.89                     26.4242
6     12     1.204          28.01             0.95718              85.7316                     19.1702
6     12     1.204          28.01             0.96922              55.7255                     15.4555
6     12     1.204          28.01             0.98126              8.57316                     6.06214
6     12     1.204          28.01             0.9933              0                     0
6     12     1.204          28.01             1.00534              0                     0
6     12     1.204          28.01             1.01738              0                     0
6     12     1.204          28.01             1.02942              0                     0
6     12     1.204          28.01             1.04146              0                     0
6     12     1.204          28.01             1.0535              0                     0
6     12     1.204          28.01             1.06554              0                     0
6     12     1.204          28.01             1.07758              0                     0
6     12     1.204          28.01             1.08962              0                     0
6     12     1.204          28.01             1.10166              0                     0
6     12     1.204          28.01             1.1137              0                     0
6     12     1.204          28.01             1.12574              0                     0
6     12     1.204          28.01             1.13778              0                     0
6     12     1.204          28.01             1.14982              0                     0
6     12     1.204          28.01             1.16186              0                     0
6     12     1.204          28.01             1.1739              0                     0
6     12     1.204          28.01             1.18594              0                     0
*******************************************************************************************************
 Average mean_angle 451710 +- 3551.38 deg 
 Average E' 12812.6 +- 100.733 GeV 
