*******************************************************************************************************
Z     A     E(GeV)     Theta(deg)     Energy Loss(GeV)     Sigma(nb/sr/GeV)     ERROR     Citation     
*******************************************************************************************************
6     12     1.204          16.01             0.00602              0                     0
6     12     1.204          16.01             0.01806              0                     0
6     12     1.204          16.01             0.0301              0                     0
6     12     1.204          16.01             0.04214              0                     0
6     12     1.204          16.01             0.05418              0                     0
6     12     1.204          16.01             0.06622              0                     0
6     12     1.204          16.01             0.07826              0                     0
6     12     1.204          16.01             0.0903              0                     0
6     12     1.204          16.01             0.10234              0                     0
6     12     1.204          16.01             0.11438              0                     0
6     12     1.204          16.01             0.12642              0                     0
6     12     1.204          16.01             0.13846              0                     0
6     12     1.204          16.01             0.1505              0                     0
6     12     1.204          16.01             0.16254              0                     0
6     12     1.204          16.01             0.17458              7.29895                     7.29895
6     12     1.204          16.01             0.18662              14.5979                     10.3223
6     12     1.204          16.01             0.19866              102.185                     27.3102
6     12     1.204          16.01             0.2107              160.577                     34.2351
6     12     1.204          16.01             0.22274              408.741                     54.6203
6     12     1.204          16.01             0.23478              766.389                     74.7919
6     12     1.204          16.01             0.24682              1401.4                     101.137
6     12     1.204          16.01             0.25886              2291.87                     129.338
6     12     1.204          16.01             0.2709              3284.53                     154.834
6     12     1.204          16.01             0.28294              5218.75                     195.17
6     12     1.204          16.01             0.29498              8430.28                     248.057
6     12     1.204          16.01             0.30702              11182                     285.686
6     12     1.204          16.01             0.31906              15948.2                     341.182
6     12     1.204          16.01             0.3311              20743.6                     389.11
6     12     1.204          16.01             0.34314              25575.5                     432.058
6     12     1.204          16.01             0.35518              29641                     465.132
6     12     1.204          16.01             0.36722              33086.1                     491.42
6     12     1.204          16.01             0.37926              34648.1                     502.886
6     12     1.204          16.01             0.3913              35764.8                     510.926
6     12     1.204          16.01             0.40334              36801.3                     518.277
6     12     1.204          16.01             0.41538              34735.7                     503.522
6     12     1.204          16.01             0.42742              33597.1                     495.2
6     12     1.204          16.01             0.43946              32195.7                     484.762
6     12     1.204          16.01             0.4515              30495                     471.785
6     12     1.204          16.01             0.46354              27422.1                     447.384
6     12     1.204          16.01             0.47558              25772.6                     433.72
6     12     1.204          16.01             0.48762              23181.5                     411.34
6     12     1.204          16.01             0.49966              21356.7                     394.818
6     12     1.204          16.01             0.5117              19364.1                     375.949
6     12     1.204          16.01             0.52374              18057.6                     363.045
6     12     1.204          16.01             0.53578              16422.6                     346.219
6     12     1.204          16.01             0.54782              15138                     332.403
6     12     1.204          16.01             0.55986              13955.6                     319.157
6     12     1.204          16.01             0.5719              13065.1                     308.807
6     12     1.204          16.01             0.58394              12160                     297.919
6     12     1.204          16.01             0.59598              12021.4                     296.215
6     12     1.204          16.01             0.60802              11269.6                     286.803
6     12     1.204          16.01             0.62006              11495.8                     289.668
6     12     1.204          16.01             0.6321              11174.7                     285.593
6     12     1.204          16.01             0.64414              11225.8                     286.245
6     12     1.204          16.01             0.65618              11568.8                     290.586
6     12     1.204          16.01             0.66822              11481.2                     289.484
6     12     1.204          16.01             0.68026              11605.3                     291.044
6     12     1.204          16.01             0.6923              12116.3                     297.382
6     12     1.204          16.01             0.70434              12430.1                     301.209
6     12     1.204          16.01             0.71638              12889.9                     306.729
6     12     1.204          16.01             0.72842              13276.8                     311.298
6     12     1.204          16.01             0.74046              13670.9                     315.885
6     12     1.204          16.01             0.7525              14014                     319.824
6     12     1.204          16.01             0.76454              14247.5                     322.478
6     12     1.204          16.01             0.77658              14802.3                     328.696
6     12     1.204          16.01             0.78862              15313.2                     334.32
6     12     1.204          16.01             0.80066              15189.1                     332.963
6     12     1.204          16.01             0.8127              14116.2                     320.988
6     12     1.204          16.01             0.82474              14853.4                     329.263
6     12     1.204          16.01             0.83678              15079.6                     331.761
6     12     1.204          16.01             0.84882              14583.3                     326.256
6     12     1.204          16.01             0.86086              14014                     319.824
6     12     1.204          16.01             0.8729              14152.7                     321.402
6     12     1.204          16.01             0.88494              13882.6                     318.321
6     12     1.204          16.01             0.89698              14342.4                     323.55
6     12     1.204          16.01             0.90902              13306                     311.64
6     12     1.204          16.01             0.92106              14079.7                     320.573
6     12     1.204          16.01             0.9331              13240.3                     310.87
6     12     1.204          16.01             0.94514              13101.6                     309.238
6     12     1.204          16.01             0.95718              10809.7                     280.891
6     12     1.204          16.01             0.96922              8225.91                     245.032
6     12     1.204          16.01             0.98126              7663.89                     236.513
6     12     1.204          16.01             0.9933              5021.68                     191.45
6     12     1.204          16.01             1.00534              3284.53                     154.834
6     12     1.204          16.01             1.01738              1160.53                     92.0362
6     12     1.204          16.01             1.02942              14.5979                     10.3223
6     12     1.204          16.01             1.04146              0                     0
6     12     1.204          16.01             1.0535              0                     0
6     12     1.204          16.01             1.06554              0                     0
6     12     1.204          16.01             1.07758              0                     0
6     12     1.204          16.01             1.08962              0                     0
6     12     1.204          16.01             1.10166              0                     0
6     12     1.204          16.01             1.1137              0                     0
6     12     1.204          16.01             1.12574              0                     0
6     12     1.204          16.01             1.13778              0                     0
6     12     1.204          16.01             1.14982              0                     0
6     12     1.204          16.01             1.16186              0                     0
6     12     1.204          16.01             1.1739              0                     0
6     12     1.204          16.01             1.18594              0                     0
*******************************************************************************************************
 Average angle 2.26615e+06 +- 6011.8 deg 
 Average E' 88493.1 +- 234.76 GeV 
