*******************************************************************************************************
Z     A     E(GeV)     Theta(deg)     Energy Loss(GeV)     Sigma(nb/sr/GeV)     ERROR     Citation     
*******************************************************************************************************
6     12     2.02          15.02             0.0101              426.993                     13.0658
6     12     2.02          15.02             0.0303              4529.81                     42.5564
6     12     2.02          15.02             0.0505              14152                     75.22
6     12     2.02          15.02             0.0707              28238.3                     106.254
6     12     2.02          15.02             0.0909              44791.1                     133.82
6     12     2.02          15.02             0.1111              58692.8                     153.185
6     12     2.02          15.02             0.1313              67065.9                     163.748
6     12     2.02          15.02             0.1515              68808.3                     165.861
6     12     2.02          15.02             0.1717              64832.2                     160.998
6     12     2.02          15.02             0.1919              56499.1                     150.295
6     12     2.02          15.02             0.2121              46271.6                     136.014
6     12     2.02          15.02             0.2323              35922.2                     119.841
6     12     2.02          15.02             0.2525              26735.9                     103.388
6     12     2.02          15.02             0.2727              18937.2                     87.0128
6     12     2.02          15.02             0.2929              13151.2                     72.5117
6     12     2.02          15.02             0.3131              8884.9                     59.6007
6     12     2.02          15.02             0.3333              5972.71                     48.8664
6     12     2.02          15.02             0.3535              4002.86                     40.0046
6     12     2.02          15.02             0.3737              2758.66                     33.2104
6     12     2.02          15.02             0.3939              1883.49                     27.4414
6     12     2.02          15.02             0.4141              1334.55                     23.099
6     12     2.02          15.02             0.4343              904.762                     19.0192
6     12     2.02          15.02             0.4545              638.891                     15.9823
6     12     2.02          15.02             0.4747              461.377                     13.5817
6     12     2.02          15.02             0.4949              330.24                     11.4905
6     12     2.02          15.02             0.5151              240.284                     9.80138
6     12     2.02          15.02             0.5353              184.711                     8.59352
6     12     2.02          15.02             0.5555              135.135                     7.35035
6     12     2.02          15.02             0.5757              93.5547                     6.11586
6     12     2.02          15.02             0.5959              80.7609                     5.68232
6     12     2.02          15.02             0.6161              64.3688                     5.07298
6     12     2.02          15.02             0.6363              45.1781                     4.25
6     12     2.02          15.02             0.6565              31.5847                     3.55356
6     12     2.02          15.02             0.6767              24.788                     3.14808
6     12     2.02          15.02             0.6969              22.3892                     2.99188
6     12     2.02          15.02             0.7171              15.9923                     2.5286
6     12     2.02          15.02             0.7373              10.395                     2.03862
6     12     2.02          15.02             0.7575              8.79574                     1.87526
6     12     2.02          15.02             0.7777              7.19652                     1.69624
6     12     2.02          15.02             0.7979              4.39787                     1.32601
6     12     2.02          15.02             0.8181              5.59729                     1.49594
6     12     2.02          15.02             0.8383              3.59826                     1.19942
6     12     2.02          15.02             0.8585              3.19845                     1.13082
6     12     2.02          15.02             0.8787              1.99903                     0.893995
6     12     2.02          15.02             0.8989              0.799613                     0.565412
6     12     2.02          15.02             0.9191              2.39884                     0.979322
6     12     2.02          15.02             0.9393              1.19942                     0.692485
6     12     2.02          15.02             0.9595              0.399807                     0.399807
6     12     2.02          15.02             0.9797              1.19942                     0.692485
6     12     2.02          15.02             0.9999              0.399807                     0.399807
6     12     2.02          15.02             1.0201              0                     0
6     12     2.02          15.02             1.0403              0                     0
6     12     2.02          15.02             1.0605              0                     0
6     12     2.02          15.02             1.0807              0                     0
6     12     2.02          15.02             1.1009              0                     0
6     12     2.02          15.02             1.1211              0.399807                     0.399807
6     12     2.02          15.02             1.1413              0                     0
6     12     2.02          15.02             1.1615              0.399807                     0.399807
6     12     2.02          15.02             1.1817              0                     0
6     12     2.02          15.02             1.2019              0                     0
6     12     2.02          15.02             1.2221              0                     0
6     12     2.02          15.02             1.2423              0                     0
6     12     2.02          15.02             1.2625              0                     0
6     12     2.02          15.02             1.2827              0                     0
6     12     2.02          15.02             1.3029              0                     0
6     12     2.02          15.02             1.3231              0                     0
6     12     2.02          15.02             1.3433              0                     0
6     12     2.02          15.02             1.3635              0                     0
6     12     2.02          15.02             1.3837              0                     0
6     12     2.02          15.02             1.4039              0                     0
6     12     2.02          15.02             1.4241              0.399807                     0.399807
6     12     2.02          15.02             1.4443              0                     0
6     12     2.02          15.02             1.4645              0                     0
6     12     2.02          15.02             1.4847              0                     0
6     12     2.02          15.02             1.5049              0                     0
6     12     2.02          15.02             1.5251              0                     0
6     12     2.02          15.02             1.5453              0                     0
6     12     2.02          15.02             1.5655              0                     0
6     12     2.02          15.02             1.5857              0                     0
6     12     2.02          15.02             1.6059              0                     0
6     12     2.02          15.02             1.6261              0                     0
6     12     2.02          15.02             1.6463              0                     0
6     12     2.02          15.02             1.6665              0                     0
6     12     2.02          15.02             1.6867              0                     0
6     12     2.02          15.02             1.7069              0                     0
6     12     2.02          15.02             1.7271              0                     0
6     12     2.02          15.02             1.7473              0                     0
6     12     2.02          15.02             1.7675              0                     0
6     12     2.02          15.02             1.7877              0                     0
6     12     2.02          15.02             1.8079              0                     0
6     12     2.02          15.02             1.8281              0                     0
6     12     2.02          15.02             1.8483              0                     0
6     12     2.02          15.02             1.8685              0                     0
6     12     2.02          15.02             1.8887              0                     0
6     12     2.02          15.02             1.9089              0                     0
6     12     2.02          15.02             1.9291              0                     0
6     12     2.02          15.02             1.9493              0                     0
6     12     2.02          15.02             1.9695              0                     0
6     12     2.02          15.02             1.9897              0                     0
*******************************************************************************************************
 Average mean_angle 2.13853e+07 +- 17797.9 deg 
 Average E' 2.66942e+06 +- 2221.63 GeV 
