*******************************************************************************************************
Z     A     E(GeV)     Theta(deg)     Energy Loss(GeV)     Sigma(nb/sr/GeV)     ERROR     Citation     
*******************************************************************************************************
6     12     3.595          20.016             0.017975              0                     0
6     12     3.595          20.016             0.053925              0                     0
6     12     3.595          20.016             0.089875              0                     0
6     12     3.595          20.016             0.125825              0                     0
6     12     3.595          20.016             0.161775              0                     0
6     12     3.595          20.016             0.197725              0                     0
6     12     3.595          20.016             0.233675              0                     0
6     12     3.595          20.016             0.269625              0                     0
6     12     3.595          20.016             0.305575              0                     0
6     12     3.595          20.016             0.341525              0                     0
6     12     3.595          20.016             0.377475              0                     0
6     12     3.595          20.016             0.413425              0                     0
6     12     3.595          20.016             0.449375              0                     0
6     12     3.595          20.016             0.485325              0                     0
6     12     3.595          20.016             0.521275              0                     0
6     12     3.595          20.016             0.557225              0                     0
6     12     3.595          20.016             0.593175              0                     0
6     12     3.595          20.016             0.629125              0                     0
6     12     3.595          20.016             0.665075              0                     0
6     12     3.595          20.016             0.701025              0                     0
6     12     3.595          20.016             0.736975              0                     0
6     12     3.595          20.016             0.772925              0                     0
6     12     3.595          20.016             0.808875              0                     0
6     12     3.595          20.016             0.844825              0                     0
6     12     3.595          20.016             0.880775              0                     0
6     12     3.595          20.016             0.916725              0                     0
6     12     3.595          20.016             0.952675              0                     0
6     12     3.595          20.016             0.988625              0                     0
6     12     3.595          20.016             1.02458              0                     0
6     12     3.595          20.016             1.06053              0                     0
6     12     3.595          20.016             1.09648              0                     0
6     12     3.595          20.016             1.13243              0                     0
6     12     3.595          20.016             1.16838              0                     0
6     12     3.595          20.016             1.20433              0                     0
6     12     3.595          20.016             1.24028              0                     0
6     12     3.595          20.016             1.27623              0                     0
6     12     3.595          20.016             1.31218              0                     0
6     12     3.595          20.016             1.34813              0                     0
6     12     3.595          20.016             1.38408              0                     0
6     12     3.595          20.016             1.42003              0                     0
6     12     3.595          20.016             1.45598              0                     0
6     12     3.595          20.016             1.49193              68.0946                     2.69168
6     12     3.595          20.016             1.52788              401.12                     6.53286
6     12     3.595          20.016             1.56383              702.226                     8.6438
6     12     3.595          20.016             1.59978              965.561                     10.1358
6     12     3.595          20.016             1.63573              1033.55                     10.4865
6     12     3.595          20.016             1.67168              1074.62                     10.6929
6     12     3.595          20.016             1.70763              1107.92                     10.8573
6     12     3.595          20.016             1.74358              1120.16                     10.9171
6     12     3.595          20.016             1.77953              1119.31                     10.9129
6     12     3.595          20.016             1.81548              1168.99                     11.1525
6     12     3.595          20.016             1.85143              1168.35                     11.1495
6     12     3.595          20.016             1.88738              1170.16                     11.1581
6     12     3.595          20.016             1.92333              1153.57                     11.0787
6     12     3.595          20.016             1.95928              1165.16                     11.1342
6     12     3.595          20.016             1.99523              1150.16                     11.0623
6     12     3.595          20.016             2.03118              1154.63                     11.0838
6     12     3.595          20.016             2.06712              1144.1                     11.0331
6     12     3.595          20.016             2.10308              1123.88                     10.9352
6     12     3.595          20.016             2.13903              1122.82                     10.93
6     12     3.595          20.016             2.17497              1125.69                     10.944
6     12     3.595          20.016             2.21093              1101.22                     10.8244
6     12     3.595          20.016             2.24688              1068.34                     10.6616
6     12     3.595          20.016             2.28282              1091.43                     10.7762
6     12     3.595          20.016             2.31878              1079.83                     10.7188
6     12     3.595          20.016             2.35473              1078.02                     10.7098
6     12     3.595          20.016             2.39067              1040.15                     10.5199
6     12     3.595          20.016             2.42663              1045.68                     10.5479
6     12     3.595          20.016             2.46258              1017.7                     10.4058
6     12     3.595          20.016             2.49852              1021.53                     10.4254
6     12     3.595          20.016             2.53448              1020.25                     10.4188
6     12     3.595          20.016             2.57043              989.287                     10.2595
6     12     3.595          20.016             2.60637              974.498                     10.1826
6     12     3.595          20.016             2.64233              971.732                     10.1681
6     12     3.595          20.016             2.67828              960.028                     10.1067
6     12     3.595          20.016             2.71422              929.173                     9.94294
6     12     3.595          20.016             2.75018              923.64                     9.91329
6     12     3.595          20.016             2.78613              914.064                     9.86177
6     12     3.595          20.016             2.82207              892.252                     9.7434
6     12     3.595          20.016             2.85803              869.909                     9.62063
6     12     3.595          20.016             2.89398              838.522                     9.44547
6     12     3.595          20.016             2.92992              838.415                     9.44487
6     12     3.595          20.016             2.96588              809.475                     9.28043
6     12     3.595          20.016             3.00183              778.407                     9.10059
6     12     3.595          20.016             3.03777              749.254                     8.92855
6     12     3.595          20.016             3.07373              717.015                     8.73435
6     12     3.595          20.016             3.10968              685.309                     8.53905
6     12     3.595          20.016             3.14562              675.839                     8.47985
6     12     3.595          20.016             3.18158              634.025                     8.21334
6     12     3.595          20.016             3.21753              609.234                     8.05116
6     12     3.595          20.016             3.25347              558.163                     7.70632
6     12     3.595          20.016             3.28943              539.969                     7.57968
6     12     3.595          20.016             3.32538              503.9                     7.32215
6     12     3.595          20.016             3.36132              443.466                     6.86905
6     12     3.595          20.016             3.39728              397.822                     6.50595
6     12     3.595          20.016             3.43323              331.855                     5.94211
6     12     3.595          20.016             3.46917              273.549                     5.39491
6     12     3.595          20.016             3.50513              206.944                     4.69237
6     12     3.595          20.016             3.54108              98.95                     3.2447
*******************************************************************************************************
 Average angle 9.34328e+06 +- 13640.6 deg 
 Average E' 564688 +- 824.408 GeV 
