*******************************************************************************************************
Z     A     E(GeV)     Theta(deg)     Energy Loss(GeV)     Sigma(nb/sr/GeV)     ERROR     Citation     
*******************************************************************************************************
6     12     0.5568          145             0.002784              0                     0
6     12     0.5568          145             0.008352              0                     0
6     12     0.5568          145             0.01392              0                     0
6     12     0.5568          145             0.019488              0                     0
6     12     0.5568          145             0.025056              0                     0
6     12     0.5568          145             0.030624              0                     0
6     12     0.5568          145             0.036192              0                     0
6     12     0.5568          145             0.04176              0                     0
6     12     0.5568          145             0.047328              0                     0
6     12     0.5568          145             0.052896              0                     0
6     12     0.5568          145             0.058464              0                     0
6     12     0.5568          145             0.064032              0                     0
6     12     0.5568          145             0.0696              0                     0
6     12     0.5568          145             0.075168              0                     0
6     12     0.5568          145             0.080736              0                     0
6     12     0.5568          145             0.086304              0                     0
6     12     0.5568          145             0.091872              0                     0
6     12     0.5568          145             0.09744              0                     0
6     12     0.5568          145             0.103008              0                     0
6     12     0.5568          145             0.108576              0                     0
6     12     0.5568          145             0.114144              0                     0
6     12     0.5568          145             0.119712              0.206963                     0.206963
6     12     0.5568          145             0.12528              0                     0
6     12     0.5568          145             0.130848              0.206963                     0.206963
6     12     0.5568          145             0.136416              0.827852                     0.413926
6     12     0.5568          145             0.141984              0.620889                     0.35847
6     12     0.5568          145             0.147552              0.206963                     0.206963
6     12     0.5568          145             0.15312              2.06963                     0.654474
6     12     0.5568          145             0.158688              1.03481                     0.462783
6     12     0.5568          145             0.164256              1.24178                     0.506954
6     12     0.5568          145             0.169824              2.89748                     0.774385
6     12     0.5568          145             0.175392              3.72533                     0.87807
6     12     0.5568          145             0.18096              3.9323                     0.902131
6     12     0.5568          145             0.186528              8.07156                     1.29248
6     12     0.5568          145             0.192096              8.27852                     1.30895
6     12     0.5568          145             0.197664              9.72726                     1.41887
6     12     0.5568          145             0.203232              16.971                     1.87413
6     12     0.5568          145             0.2088              20.2824                     2.04883
6     12     0.5568          145             0.214368              21.9381                     2.13081
6     12     0.5568          145             0.219936              33.528                     2.63421
6     12     0.5568          145             0.225504              35.3907                     2.70639
6     12     0.5568          145             0.231072              53.6034                     3.33075
6     12     0.5568          145             0.23664              57.9496                     3.46315
6     12     0.5568          145             0.242208              70.1605                     3.81059
6     12     0.5568          145             0.247776              82.3713                     4.1289
6     12     0.5568          145             0.253344              100.377                     4.55789
6     12     0.5568          145             0.258912              111.76                     4.80939
6     12     0.5568          145             0.26448              121.487                     5.01432
6     12     0.5568          145             0.270048              144.46                     5.4679
6     12     0.5568          145             0.275616              162.673                     5.80235
6     12     0.5568          145             0.281184              159.982                     5.75417
6     12     0.5568          145             0.286752              181.714                     6.13253
6     12     0.5568          145             0.29232              187.095                     6.22267
6     12     0.5568          145             0.297888              193.51                     6.32847
6     12     0.5568          145             0.303456              202.617                     6.47566
6     12     0.5568          145             0.309024              220.416                     6.7541
6     12     0.5568          145             0.314592              207.998                     6.56109
6     12     0.5568          145             0.32016              215.655                     6.68077
6     12     0.5568          145             0.325728              210.481                     6.60014
6     12     0.5568          145             0.331296              224.555                     6.81722
6     12     0.5568          145             0.336864              208.412                     6.56761
6     12     0.5568          145             0.342432              217.311                     6.70637
6     12     0.5568          145             0.348              210.274                     6.59689
6     12     0.5568          145             0.353568              213.379                     6.64541
6     12     0.5568          145             0.359136              206.135                     6.53164
6     12     0.5568          145             0.364704              210.274                     6.59689
6     12     0.5568          145             0.370272              194.752                     6.34874
6     12     0.5568          145             0.37584              204.686                     6.50865
6     12     0.5568          145             0.381408              202.824                     6.47897
6     12     0.5568          145             0.386976              202.203                     6.46904
6     12     0.5568          145             0.392544              204.479                     6.50536
6     12     0.5568          145             0.398112              214.414                     6.66151
6     12     0.5568          145             0.40368              234.282                     6.96331
6     12     0.5568          145             0.409248              241.733                     7.07317
6     12     0.5568          145             0.414816              267.603                     7.44204
6     12     0.5568          145             0.420384              300.924                     7.89178
6     12     0.5568          145             0.425952              317.688                     8.10862
6     12     0.5568          145             0.43152              328.243                     8.24222
6     12     0.5568          145             0.437088              370.05                     8.75138
6     12     0.5568          145             0.442656              396.748                     9.06158
6     12     0.5568          145             0.448224              426.137                     9.39119
6     12     0.5568          145             0.453792              455.732                     9.71184
6     12     0.5568          145             0.45936              484.707                     10.0158
6     12     0.5568          145             0.464928              489.881                     10.0691
6     12     0.5568          145             0.470496              513.475                     10.3088
6     12     0.5568          145             0.476064              511.613                     10.29
6     12     0.5568          145             0.481632              517.614                     10.3502
6     12     0.5568          145             0.4872              542.657                     10.5976
6     12     0.5568          145             0.492768              544.52                     10.6158
6     12     0.5568          145             0.498336              543.278                     10.6037
6     12     0.5568          145             0.503904              560.87                     10.774
6     12     0.5568          145             0.509472              560.663                     10.772
6     12     0.5568          145             0.51504              528.79                     10.4614
6     12     0.5568          145             0.520608              515.131                     10.3254
6     12     0.5568          145             0.526176              503.748                     10.2106
6     12     0.5568          145             0.531744              487.812                     10.0478
6     12     0.5568          145             0.537312              411.028                     9.22321
6     12     0.5568          145             0.54288              378.949                     8.85598
6     12     0.5568          145             0.548448              73.8858                     3.91045
*******************************************************************************************************
 Average angle 144.972 +- 0.504692 deg 
 Average E' 0.127452 +- 0.000443697 GeV 
