*******************************************************************************************************
Z     A     E(GeV)     Theta(deg)     Energy Loss(GeV)     Sigma(nb/sr/GeV)     ERROR     Citation     
*******************************************************************************************************
6     12     1.501          37.5             0.007505              0                     0
6     12     1.501          37.5             0.022515              0                     0
6     12     1.501          37.5             0.037525              0                     0
6     12     1.501          37.5             0.052535              0                     0
6     12     1.501          37.5             0.067545              0                     0
6     12     1.501          37.5             0.082555              0.32398                     0.32398
6     12     1.501          37.5             0.097565              0.32398                     0.32398
6     12     1.501          37.5             0.112575              1.29592                     0.64796
6     12     1.501          37.5             0.127585              0.97194                     0.56115
6     12     1.501          37.5             0.142595              2.26786                     0.85717
6     12     1.501          37.5             0.157605              3.88776                     1.1223
6     12     1.501          37.5             0.172615              10.0434                     1.80384
6     12     1.501          37.5             0.187625              18.1429                     2.42444
6     12     1.501          37.5             0.202635              29.4822                     3.09057
6     12     1.501          37.5             0.217645              51.5128                     4.08523
6     12     1.501          37.5             0.232655              85.2067                     5.25407
6     12     1.501          37.5             0.247665              145.467                     6.86501
6     12     1.501          37.5             0.262675              217.714                     8.39852
6     12     1.501          37.5             0.277685              296.118                     9.7947
6     12     1.501          37.5             0.292695              382.62                     11.1338
6     12     1.501          37.5             0.307705              458.107                     12.1827
6     12     1.501          37.5             0.322715              587.051                     13.791
6     12     1.501          37.5             0.337725              669.018                     14.7224
6     12     1.501          37.5             0.352735              742.238                     15.5071
6     12     1.501          37.5             0.367745              790.511                     16.0034
6     12     1.501          37.5             0.382755              811.893                     16.2184
6     12     1.501          37.5             0.397765              824.205                     16.3409
6     12     1.501          37.5             0.412775              824.853                     16.3473
6     12     1.501          37.5             0.427785              780.467                     15.9014
6     12     1.501          37.5             0.442795              752.281                     15.6117
6     12     1.501          37.5             0.457805              682.626                     14.8713
6     12     1.501          37.5             0.472815              609.73                     14.0549
6     12     1.501          37.5             0.487825              552.386                     13.3777
6     12     1.501          37.5             0.502835              453.572                     12.1222
6     12     1.501          37.5             0.517845              410.158                     11.5275
6     12     1.501          37.5             0.532855              342.123                     10.5281
6     12     1.501          37.5             0.547865              264.692                     9.26038
6     12     1.501          37.5             0.562875              234.885                     8.72342
6     12     1.501          37.5             0.577885              186.936                     7.78226
6     12     1.501          37.5             0.592895              164.582                     7.30213
6     12     1.501          37.5             0.607905              130.24                     6.49578
6     12     1.501          37.5             0.622915              93.6302                     5.50766
6     12     1.501          37.5             0.637925              77.1072                     4.99812
6     12     1.501          37.5             0.652935              65.7679                     4.616
6     12     1.501          37.5             0.667945              62.2041                     4.4892
6     12     1.501          37.5             0.682955              43.0893                     3.73632
6     12     1.501          37.5             0.697965              39.5255                     3.57847
6     12     1.501          37.5             0.712975              35.6378                     3.39793
6     12     1.501          37.5             0.727985              36.2857                     3.42868
6     12     1.501          37.5             0.742995              24.6225                     2.82439
6     12     1.501          37.5             0.758005              19.4388                     2.50954
6     12     1.501          37.5             0.773015              16.199                     2.29088
6     12     1.501          37.5             0.788025              13.9311                     2.12448
6     12     1.501          37.5             0.803035              13.6072                     2.09963
6     12     1.501          37.5             0.818045              6.80358                     1.48466
6     12     1.501          37.5             0.833055              6.4796                     1.44888
6     12     1.501          37.5             0.848065              5.83164                     1.37453
6     12     1.501          37.5             0.863075              9.39542                     1.74468
6     12     1.501          37.5             0.878085              5.18368                     1.29592
6     12     1.501          37.5             0.893095              4.8597                     1.25477
6     12     1.501          37.5             0.908105              2.26786                     0.85717
6     12     1.501          37.5             0.923115              3.88776                     1.1223
6     12     1.501          37.5             0.938125              1.94388                     0.793585
6     12     1.501          37.5             0.953135              2.59184                     0.916353
6     12     1.501          37.5             0.968145              1.6199                     0.724441
6     12     1.501          37.5             0.983155              1.94388                     0.793585
6     12     1.501          37.5             0.998165              0.97194                     0.56115
6     12     1.501          37.5             1.01317              1.29592                     0.64796
6     12     1.501          37.5             1.02819              0.97194                     0.56115
6     12     1.501          37.5             1.0432              0.64796                     0.458177
6     12     1.501          37.5             1.05821              0.32398                     0.32398
6     12     1.501          37.5             1.07322              0                     0
6     12     1.501          37.5             1.08822              0.32398                     0.32398
6     12     1.501          37.5             1.10323              0.32398                     0.32398
6     12     1.501          37.5             1.11824              0                     0
6     12     1.501          37.5             1.13326              0.32398                     0.32398
6     12     1.501          37.5             1.14827              0                     0
6     12     1.501          37.5             1.16328              0                     0
6     12     1.501          37.5             1.17829              0                     0
6     12     1.501          37.5             1.19329              0                     0
6     12     1.501          37.5             1.2083              0                     0
6     12     1.501          37.5             1.22331              0                     0
6     12     1.501          37.5             1.23833              0                     0
6     12     1.501          37.5             1.25334              0                     0
6     12     1.501          37.5             1.26835              0                     0
6     12     1.501          37.5             1.28336              0                     0
6     12     1.501          37.5             1.29836              0                     0
6     12     1.501          37.5             1.31337              0                     0
6     12     1.501          37.5             1.32838              0                     0
6     12     1.501          37.5             1.3434              0                     0
6     12     1.501          37.5             1.35841              0                     0
6     12     1.501          37.5             1.37342              0                     0
6     12     1.501          37.5             1.38843              0                     0
6     12     1.501          37.5             1.40343              0                     0
6     12     1.501          37.5             1.41844              0                     0
6     12     1.501          37.5             1.43345              0                     0
6     12     1.501          37.5             1.44847              0                     0
6     12     1.501          37.5             1.46348              0                     0
6     12     1.501          37.5             1.47849              0                     0
*******************************************************************************************************
 Average mean_angle 1.51393e+06 +- 7523.99 deg 
 Average E' 43607.2 +- 216.721 GeV 
