*******************************************************************************************************
Z     A     E(GeV)     Theta(deg)     Energy Loss(GeV)     Sigma(nb/sr/GeV)     ERROR     Citation     
*******************************************************************************************************
6     12     2.13          18             0.01065              1.52066                     1.07527
6     12     2.13          18             0.03195              85.157                     8.04658
6     12     2.13          18             0.05325              391.57                     17.2546
6     12     2.13          18             0.07455              1119.21                     29.1713
6     12     2.13          18             0.09585              2500.73                     43.6048
6     12     2.13          18             0.11715              5128.43                     62.4444
6     12     2.13          18             0.13845              8299.77                     79.4391
6     12     2.13          18             0.15975              11858.1                     94.9531
6     12     2.13          18             0.18105              14967.9                     106.68
6     12     2.13          18             0.20235              16912                     113.396
6     12     2.13          18             0.22365              17695.2                     115.992
6     12     2.13          18             0.24495              17142.4                     114.166
6     12     2.13          18             0.26625              15799.7                     109.604
6     12     2.13          18             0.28755              13565.1                     101.557
6     12     2.13          18             0.30885              11255.9                     92.5107
6     12     2.13          18             0.33015              8997.75                     82.7119
6     12     2.13          18             0.35145              6770.74                     71.7496
6     12     2.13          18             0.37275              4899.57                     61.0352
6     12     2.13          18             0.39405              3494.48                     51.5457
6     12     2.13          18             0.41535              2534.94                     43.9021
6     12     2.13          18             0.43665              1838.48                     37.3879
6     12     2.13          18             0.45795              1298.64                     31.4229
6     12     2.13          18             0.47925              885.025                     25.9405
6     12     2.13          18             0.50055              695.702                     22.9992
6     12     2.13          18             0.52185              523.868                     19.9578
6     12     2.13          18             0.54315              421.223                     17.8961
6     12     2.13          18             0.56445              303.372                     15.1876
6     12     2.13          18             0.58575              214.413                     12.7681
6     12     2.13          18             0.60705              170.314                     11.3796
6     12     2.13          18             0.62835              147.504                     10.5902
6     12     2.13          18             0.64965              92                     8.36364
6     12     2.13          18             0.67095              78.314                     7.71651
6     12     2.13          18             0.69225              72.9917                     7.44969
6     12     2.13          18             0.71355              50.1818                     6.17695
6     12     2.13          18             0.73485              36.4959                     5.26772
6     12     2.13          18             0.75615              32.6942                     4.98582
6     12     2.13          18             0.77745              16.7273                     3.56627
6     12     2.13          18             0.79875              20.5289                     3.95079
6     12     2.13          18             0.82005              17.4876                     3.64642
6     12     2.13          18             0.84135              15.9669                     3.48427
6     12     2.13          18             0.86265              7.6033                     2.40438
6     12     2.13          18             0.88395              11.405                     2.94475
6     12     2.13          18             0.90525              8.36364                     2.52173
6     12     2.13          18             0.92655              5.32231                     2.01165
6     12     2.13          18             0.94785              5.32231                     2.01165
6     12     2.13          18             0.96915              1.52066                     1.07527
6     12     2.13          18             0.99045              3.04132                     1.52066
6     12     2.13          18             1.01175              0                     0
6     12     2.13          18             1.03305              2.28099                     1.31693
6     12     2.13          18             1.05435              0.76033                     0.76033
6     12     2.13          18             1.07565              0                     0
6     12     2.13          18             1.09695              1.52066                     1.07527
6     12     2.13          18             1.11825              0                     0
6     12     2.13          18             1.13955              0                     0
6     12     2.13          18             1.16085              0                     0
6     12     2.13          18             1.18215              0                     0
6     12     2.13          18             1.20345              0.76033                     0.76033
6     12     2.13          18             1.22475              0                     0
6     12     2.13          18             1.24605              0                     0
6     12     2.13          18             1.26735              0                     0
6     12     2.13          18             1.28865              0                     0
6     12     2.13          18             1.30995              0                     0
6     12     2.13          18             1.33125              0                     0
6     12     2.13          18             1.35255              0                     0
6     12     2.13          18             1.37385              0                     0
6     12     2.13          18             1.39515              0                     0
6     12     2.13          18             1.41645              0                     0
6     12     2.13          18             1.43775              0                     0
6     12     2.13          18             1.45905              0                     0
6     12     2.13          18             1.48035              0                     0
6     12     2.13          18             1.50165              0                     0
6     12     2.13          18             1.52295              0                     0
6     12     2.13          18             1.54425              0                     0
6     12     2.13          18             1.56555              0                     0
6     12     2.13          18             1.58685              0                     0
6     12     2.13          18             1.60815              0                     0
6     12     2.13          18             1.62945              0                     0
6     12     2.13          18             1.65075              0                     0
6     12     2.13          18             1.67205              0                     0
6     12     2.13          18             1.69335              0                     0
6     12     2.13          18             1.71465              0                     0
6     12     2.13          18             1.73595              0                     0
6     12     2.13          18             1.75725              0                     0
6     12     2.13          18             1.77855              0                     0
6     12     2.13          18             1.79985              0                     0
6     12     2.13          18             1.82115              0                     0
6     12     2.13          18             1.84245              0                     0
6     12     2.13          18             1.86375              0                     0
6     12     2.13          18             1.88505              0                     0
6     12     2.13          18             1.90635              0                     0
6     12     2.13          18             1.92765              0                     0
6     12     2.13          18             1.94895              0                     0
6     12     2.13          18             1.97025              0                     0
6     12     2.13          18             1.99155              0                     0
6     12     2.13          18             2.01285              0                     0
6     12     2.13          18             2.03415              0                     0
6     12     2.13          18             2.05545              0                     0
6     12     2.13          18             2.07675              0                     0
6     12     2.13          18             2.09805              0                     0
*******************************************************************************************************
 Average mean_angle 3.99058e+06 +- 8429.52 deg 
 Average E' 420823 +- 888.927 GeV 
