*******************************************************************************************************
Z     A     E(GeV)     Theta(deg)     Energy Loss(GeV)     Sigma(nb/sr/GeV)     ERROR     Citation     
*******************************************************************************************************
6     12     3.595          16.02             0.017975              0                     0
6     12     3.595          16.02             0.053925              0                     0
6     12     3.595          16.02             0.089875              0                     0
6     12     3.595          16.02             0.125825              0                     0
6     12     3.595          16.02             0.161775              0                     0
6     12     3.595          16.02             0.197725              0                     0
6     12     3.595          16.02             0.233675              0                     0
6     12     3.595          16.02             0.269625              0                     0
6     12     3.595          16.02             0.305575              0                     0
6     12     3.595          16.02             0.341525              0                     0
6     12     3.595          16.02             0.377475              0.131963                     0.131963
6     12     3.595          16.02             0.413425              0.263925                     0.186623
6     12     3.595          16.02             0.449375              2.77122                     0.604729
6     12     3.595          16.02             0.485325              16.2314                     1.46354
6     12     3.595          16.02             0.521275              57.2718                     2.74914
6     12     3.595          16.02             0.557225              162.578                     4.63187
6     12     3.595          16.02             0.593175              346.006                     6.75721
6     12     3.595          16.02             0.629125              593.832                     8.85233
6     12     3.595          16.02             0.665075              872.537                     10.7304
6     12     3.595          16.02             0.701025              1161.14                     12.3785
6     12     3.595          16.02             0.736975              1392.21                     13.5543
6     12     3.595          16.02             0.772925              1517.44                     14.1508
6     12     3.595          16.02             0.808875              1579.99                     14.4395
6     12     3.595          16.02             0.844825              1577.75                     14.4293
6     12     3.595          16.02             0.880775              1548.85                     14.2965
6     12     3.595          16.02             0.916725              1556.24                     14.3306
6     12     3.595          16.02             0.952675              1564.95                     14.3706
6     12     3.595          16.02             0.988625              1599.39                     14.5279
6     12     3.595          16.02             1.02458              1663.13                     14.8145
6     12     3.595          16.02             1.06053              1771.73                     15.2906
6     12     3.595          16.02             1.09648              1838.77                     15.5772
6     12     3.595          16.02             1.13243              1936.95                     15.9877
6     12     3.595          16.02             1.16838              1998.71                     16.2405
6     12     3.595          16.02             1.20433              2028.66                     16.3618
6     12     3.595          16.02             1.24028              2011.11                     16.2908
6     12     3.595          16.02             1.27623              1917.42                     15.9068
6     12     3.595          16.02             1.31218              1839.69                     15.5811
6     12     3.595          16.02             1.34813              1654.42                     14.7757
6     12     3.595          16.02             1.38408              1485.5                     14.0011
6     12     3.595          16.02             1.42003              1292.84                     13.0616
6     12     3.595          16.02             1.45598              1056.23                     11.8061
6     12     3.595          16.02             1.49193              868.447                     10.7053
6     12     3.595          16.02             1.52788              702.701                     9.62966
6     12     3.595          16.02             1.56383              535.901                     8.40945
6     12     3.595          16.02             1.59978              410.14                     7.35685
6     12     3.595          16.02             1.63573              306.681                     6.36164
6     12     3.595          16.02             1.67168              219.718                     5.38466
6     12     3.595          16.02             1.70763              161.258                     4.61304
6     12     3.595          16.02             1.74358              112.828                     3.85864
6     12     3.595          16.02             1.77953              73.3713                     3.11163
6     12     3.595          16.02             1.81548              47.7705                     2.51076
6     12     3.595          16.02             1.85143              27.3163                     1.89861
6     12     3.595          16.02             1.88738              14.3839                     1.37773
6     12     3.595          16.02             1.92333              3.56299                     0.685698
6     12     3.595          16.02             1.95928              1.97944                     0.511089
6     12     3.595          16.02             1.99523              0.527851                     0.263925
6     12     3.595          16.02             2.03118              0.131963                     0.131963
6     12     3.595          16.02             2.06712              0                     0
6     12     3.595          16.02             2.10308              0                     0
6     12     3.595          16.02             2.13903              0                     0
6     12     3.595          16.02             2.17497              0                     0
6     12     3.595          16.02             2.21093              0                     0
6     12     3.595          16.02             2.24688              0                     0
6     12     3.595          16.02             2.28282              0                     0
6     12     3.595          16.02             2.31878              0                     0
6     12     3.595          16.02             2.35473              0                     0
6     12     3.595          16.02             2.39067              0                     0
6     12     3.595          16.02             2.42663              0                     0
6     12     3.595          16.02             2.46258              0                     0
6     12     3.595          16.02             2.49852              0                     0
6     12     3.595          16.02             2.53448              0                     0
6     12     3.595          16.02             2.57043              0                     0
6     12     3.595          16.02             2.60637              0                     0
6     12     3.595          16.02             2.64233              0                     0
6     12     3.595          16.02             2.67828              0                     0
6     12     3.595          16.02             2.71422              0                     0
6     12     3.595          16.02             2.75018              0                     0
6     12     3.595          16.02             2.78613              0                     0
6     12     3.595          16.02             2.82207              0                     0
6     12     3.595          16.02             2.85803              0                     0
6     12     3.595          16.02             2.89398              0                     0
6     12     3.595          16.02             2.92992              0                     0
6     12     3.595          16.02             2.96588              0                     0
6     12     3.595          16.02             3.00183              0                     0
6     12     3.595          16.02             3.03777              0                     0
6     12     3.595          16.02             3.07373              0                     0
6     12     3.595          16.02             3.10968              0                     0
6     12     3.595          16.02             3.14562              0                     0
6     12     3.595          16.02             3.18158              0                     0
6     12     3.595          16.02             3.21753              0                     0
6     12     3.595          16.02             3.25347              0                     0
6     12     3.595          16.02             3.28943              0                     0
6     12     3.595          16.02             3.32538              0                     0
6     12     3.595          16.02             3.36132              0                     0
6     12     3.595          16.02             3.39728              0                     0
6     12     3.595          16.02             3.43323              0                     0
6     12     3.595          16.02             3.46917              0                     0
6     12     3.595          16.02             3.50513              0                     0
6     12     3.595          16.02             3.54108              0                     0
*******************************************************************************************************
 Average angle 4.97472e+06 +- 8867.59 deg 
 Average E' 783789 +- 1397.13 GeV 
