*******************************************************************************************************
Z     A     E(GeV)     Theta(deg)     Energy Loss(GeV)     Sigma(nb/sr/GeV)     ERROR     Citation     
*******************************************************************************************************
6     12     0.537          37.1             0.002685              0                     0
6     12     0.537          37.1             0.008055              0                     0
6     12     0.537          37.1             0.013425              0                     0
6     12     0.537          37.1             0.018795              0                     0
6     12     0.537          37.1             0.024165              0                     0
6     12     0.537          37.1             0.029535              0                     0
6     12     0.537          37.1             0.034905              0                     0
6     12     0.537          37.1             0.040275              0                     0
6     12     0.537          37.1             0.045645              0                     0
6     12     0.537          37.1             0.051015              0                     0
6     12     0.537          37.1             0.056385              0                     0
6     12     0.537          37.1             0.061755              0                     0
6     12     0.537          37.1             0.067125              0                     0
6     12     0.537          37.1             0.072495              0                     0
6     12     0.537          37.1             0.077865              0                     0
6     12     0.537          37.1             0.083235              0                     0
6     12     0.537          37.1             0.088605              0                     0
6     12     0.537          37.1             0.093975              0                     0
6     12     0.537          37.1             0.099345              0                     0
6     12     0.537          37.1             0.104715              0                     0
6     12     0.537          37.1             0.110085              0                     0
6     12     0.537          37.1             0.115455              0                     0
6     12     0.537          37.1             0.120825              0                     0
6     12     0.537          37.1             0.126195              0                     0
6     12     0.537          37.1             0.131565              0                     0
6     12     0.537          37.1             0.136935              0                     0
6     12     0.537          37.1             0.142305              0                     0
6     12     0.537          37.1             0.147675              0                     0
6     12     0.537          37.1             0.153045              0                     0
6     12     0.537          37.1             0.158415              0                     0
6     12     0.537          37.1             0.163785              0.201581                     0.201581
6     12     0.537          37.1             0.169155              1.00791                     0.45075
6     12     0.537          37.1             0.174525              1.20949                     0.493771
6     12     0.537          37.1             0.179895              4.03163                     0.901499
6     12     0.537          37.1             0.185265              7.25693                     1.20949
6     12     0.537          37.1             0.190635              12.498                     1.58725
6     12     0.537          37.1             0.196005              21.166                     2.06559
6     12     0.537          37.1             0.201375              28.8261                     2.41056
6     12     0.537          37.1             0.206745              36.6878                     2.71948
6     12     0.537          37.1             0.212115              60.4744                     3.49149
6     12     0.537          37.1             0.217485              84.4626                     4.12627
6     12     0.537          37.1             0.222855              107.846                     4.66259
6     12     0.537          37.1             0.228225              150.581                     5.50948
6     12     0.537          37.1             0.233595              189.083                     6.17379
6     12     0.537          37.1             0.238965              252.178                     7.12983
6     12     0.537          37.1             0.244335              310.435                     7.91062
6     12     0.537          37.1             0.249705              393.89                     8.91071
6     12     0.537          37.1             0.255075              495.688                     9.99608
6     12     0.537          37.1             0.260445              606.155                     11.0539
6     12     0.537          37.1             0.265815              750.89                     12.3031
6     12     0.537          37.1             0.271185              960.333                     13.9135
6     12     0.537          37.1             0.276555              1143.97                     15.1856
6     12     0.537          37.1             0.281925              1420.54                     16.922
6     12     0.537          37.1             0.287295              1734.81                     18.7004
6     12     0.537          37.1             0.292665              2051.69                     20.3367
6     12     0.537          37.1             0.298035              2449.01                     22.2188
6     12     0.537          37.1             0.303405              2913.86                     24.2359
6     12     0.537          37.1             0.308775              3421.44                     26.2621
6     12     0.537          37.1             0.314145              3885.48                     27.9864
6     12     0.537          37.1             0.319515              4399.71                     29.7809
6     12     0.537          37.1             0.324885              4951.44                     31.593
6     12     0.537          37.1             0.330255              5439.87                     33.1146
6     12     0.537          37.1             0.335625              5942.01                     34.6092
6     12     0.537          37.1             0.340995              6427.82                     35.9962
6     12     0.537          37.1             0.346365              6930.37                     37.3769
6     12     0.537          37.1             0.351735              7239.39                     38.2011
6     12     0.537          37.1             0.357105              7586.92                     39.1073
6     12     0.537          37.1             0.362475              7780.23                     39.6024
6     12     0.537          37.1             0.367845              8014.67                     40.1946
6     12     0.537          37.1             0.373215              8229.56                     40.7299
6     12     0.537          37.1             0.378585              8283.58                     40.8634
6     12     0.537          37.1             0.383955              8266.45                     40.8211
6     12     0.537          37.1             0.389325              8311.6                     40.9324
6     12     0.537          37.1             0.394695              8292.05                     40.8842
6     12     0.537          37.1             0.400065              8081.39                     40.3616
6     12     0.537          37.1             0.405435              8015.68                     40.1972
6     12     0.537          37.1             0.410805              7964.48                     40.0686
6     12     0.537          37.1             0.416175              7806.84                     39.6701
6     12     0.537          37.1             0.421545              7566.35                     39.0543
6     12     0.537          37.1             0.426915              7381.1                     38.5732
6     12     0.537          37.1             0.432285              7172.26                     38.0236
6     12     0.537          37.1             0.437655              6663.67                     36.6507
6     12     0.537          37.1             0.443025              4256.39                     29.2918
6     12     0.537          37.1             0.448395              1663.05                     18.3095
6     12     0.537          37.1             0.453765              24.7945                     2.23564
6     12     0.537          37.1             0.459135              0                     0
6     12     0.537          37.1             0.464505              0                     0
6     12     0.537          37.1             0.469875              0                     0
6     12     0.537          37.1             0.475245              0                     0
6     12     0.537          37.1             0.480615              0                     0
6     12     0.537          37.1             0.485985              0                     0
6     12     0.537          37.1             0.491355              0                     0
6     12     0.537          37.1             0.496725              0                     0
6     12     0.537          37.1             0.502095              0                     0
6     12     0.537          37.1             0.507465              0                     0
6     12     0.537          37.1             0.512835              0                     0
6     12     0.537          37.1             0.518205              0                     0
6     12     0.537          37.1             0.523575              0                     0
6     12     0.537          37.1             0.528945              0                     0
*******************************************************************************************************
 Average angle 3.60954e+07 +- 36588.3 deg 
 Average E' 159713 +- 161.893 GeV 
