*******************************************************************************************************
Z     A     E(GeV)     Theta(deg)     Energy Loss(GeV)     Sigma(nb/sr/GeV)     ERROR     Citation     
*******************************************************************************************************
6     12     0.62          60             0.0031              0                     0
6     12     0.62          60             0.0093              0                     0
6     12     0.62          60             0.0155              0                     0
6     12     0.62          60             0.0217              0                     0
6     12     0.62          60             0.0279              0                     0
6     12     0.62          60             0.0341              0                     0
6     12     0.62          60             0.0403              0                     0
6     12     0.62          60             0.0465              0                     0
6     12     0.62          60             0.0527              0                     0
6     12     0.62          60             0.0589              0                     0
6     12     0.62          60             0.0651              0                     0
6     12     0.62          60             0.0713              0                     0
6     12     0.62          60             0.0775              0                     0
6     12     0.62          60             0.0837              0                     0
6     12     0.62          60             0.0899              0                     0
6     12     0.62          60             0.0961              0                     0
6     12     0.62          60             0.1023              0                     0
6     12     0.62          60             0.1085              0                     0
6     12     0.62          60             0.1147              0                     0
6     12     0.62          60             0.1209              0                     0
6     12     0.62          60             0.1271              0                     0
6     12     0.62          60             0.1333              0                     0
6     12     0.62          60             0.1395              0                     0
6     12     0.62          60             0.1457              0                     0
6     12     0.62          60             0.1519              0                     0
6     12     0.62          60             0.1581              0                     0
6     12     0.62          60             0.1643              0                     0
6     12     0.62          60             0.1705              0                     0
6     12     0.62          60             0.1767              0                     0
6     12     0.62          60             0.1829              0                     0
6     12     0.62          60             0.1891              0                     0
6     12     0.62          60             0.1953              0                     0
6     12     0.62          60             0.2015              0                     0
6     12     0.62          60             0.2077              0                     0
6     12     0.62          60             0.2139              0                     0
6     12     0.62          60             0.2201              0.383151                     0.221213
6     12     0.62          60             0.2263              0.638585                     0.285584
6     12     0.62          60             0.2325              0.510868                     0.255434
6     12     0.62          60             0.2387              1.27717                     0.403877
6     12     0.62          60             0.2449              2.80978                     0.599046
6     12     0.62          60             0.2511              4.72553                     0.776873
6     12     0.62          60             0.2573              6.25814                     0.89402
6     12     0.62          60             0.2635              7.53531                     0.981014
6     12     0.62          60             0.2697              14.432                     1.35765
6     12     0.62          60             0.2759              19.0298                     1.55899
6     12     0.62          60             0.2821              26.5652                     1.84196
6     12     0.62          60             0.2883              39.8477                     2.25593
6     12     0.62          60             0.2945              52.2363                     2.58292
6     12     0.62          60             0.3007              71.777                     3.02773
6     12     0.62          60             0.3069              100.897                     3.58974
6     12     0.62          60             0.3131              137.934                     4.19721
6     12     0.62          60             0.3193              181.486                     4.81444
6     12     0.62          60             0.3255              238.065                     5.51407
6     12     0.62          60             0.3317              300.774                     6.1979
6     12     0.62          60             0.3379              383.79                     7.00118
6     12     0.62          60             0.3441              471.915                     7.76348
6     12     0.62          60             0.3503              584.944                     8.64334
6     12     0.62          60             0.3565              693.504                     9.41129
6     12     0.62          60             0.3627              806.533                     10.1493
6     12     0.62          60             0.3689              942.808                     10.9733
6     12     0.62          60             0.3751              1062.86                     11.651
6     12     0.62          60             0.3813              1228.77                     12.5273
6     12     0.62          60             0.3875              1349.84                     13.13
6     12     0.62          60             0.3937              1445.37                     13.5867
6     12     0.62          60             0.3999              1560.45                     14.1172
6     12     0.62          60             0.4061              1661.6                     14.5676
6     12     0.62          60             0.4123              1751.13                     14.9549
6     12     0.62          60             0.4185              1802.98                     15.1747
6     12     0.62          60             0.4247              1863.65                     15.4279
6     12     0.62          60             0.4309              1902.6                     15.5883
6     12     0.62          60             0.4371              1912.05                     15.627
6     12     0.62          60             0.4433              1906.18                     15.6029
6     12     0.62          60             0.4495              1933.25                     15.7134
6     12     0.62          60             0.4557              1849.6                     15.3696
6     12     0.62          60             0.4619              1848.45                     15.3648
6     12     0.62          60             0.4681              1801.58                     15.1688
6     12     0.62          60             0.4743              1776.03                     15.0609
6     12     0.62          60             0.4805              1709.75                     14.7771
6     12     0.62          60             0.4867              1655.72                     14.5418
6     12     0.62          60             0.4929              1580.75                     14.2088
6     12     0.62          60             0.4991              1548.19                     14.0616
6     12     0.62          60             0.5053              1494.55                     13.8159
6     12     0.62          60             0.5115              1449.84                     13.6077
6     12     0.62          60             0.5177              1374.24                     13.2481
6     12     0.62          60             0.5239              1298.63                     12.8785
6     12     0.62          60             0.5301              1277.68                     12.7743
6     12     0.62          60             0.5363              1220.59                     12.4856
6     12     0.62          60             0.5425              1160.31                     12.1734
6     12     0.62          60             0.5487              1097.98                     11.8419
6     12     0.62          60             0.5549              1073.21                     11.7076
6     12     0.62          60             0.5611              1054.18                     11.6033
6     12     0.62          60             0.5673              1019.69                     11.4119
6     12     0.62          60             0.5735              982.911                     11.2042
6     12     0.62          60             0.5797              969.245                     11.1261
6     12     0.62          60             0.5859              737.694                     9.7065
6     12     0.62          60             0.5921              0.255434                     0.180619
6     12     0.62          60             0.5983              0                     0
6     12     0.62          60             0.6045              0                     0
6     12     0.62          60             0.6107              0                     0
*******************************************************************************************************
 Average angle 2.65091e+07 +- 39873 deg 
 Average E' 70484.9 +- 106.018 GeV 
