*******************************************************************************************************
Z     A     E(GeV)     Theta(deg)     Energy Loss(GeV)     Sigma(nb/sr/GeV)     ERROR     Citation     
*******************************************************************************************************
6     12     1.3          11.95             0.0065              0                     0
6     12     1.3          11.95             0.0195              0                     0
6     12     1.3          11.95             0.0325              0                     0
6     12     1.3          11.95             0.0455              0                     0
6     12     1.3          11.95             0.0585              0                     0
6     12     1.3          11.95             0.0715              0                     0
6     12     1.3          11.95             0.0845              0                     0
6     12     1.3          11.95             0.0975              0                     0
6     12     1.3          11.95             0.1105              0                     0
6     12     1.3          11.95             0.1235              0                     0
6     12     1.3          11.95             0.1365              0                     0
6     12     1.3          11.95             0.1495              0                     0
6     12     1.3          11.95             0.1625              63.2833                     5.44656
6     12     1.3          11.95             0.1755              1184.57                     23.5645
6     12     1.3          11.95             0.1885              3587.46                     41.0083
6     12     1.3          11.95             0.2015              6735.69                     56.1913
6     12     1.3          11.95             0.2145              9750.32                     67.6063
6     12     1.3          11.95             0.2275              12149.9                     75.4683
6     12     1.3          11.95             0.2405              14051.2                     81.1587
6     12     1.3          11.95             0.2535              15213.8                     84.4493
6     12     1.3          11.95             0.2665              15905.2                     86.347
6     12     1.3          11.95             0.2795              16258.7                     87.3012
6     12     1.3          11.95             0.2925              16204.7                     87.1563
6     12     1.3          11.95             0.3055              16002.2                     86.61
6     12     1.3          11.95             0.3185              15903.8                     86.3432
6     12     1.3          11.95             0.3315              15554.6                     85.39
6     12     1.3          11.95             0.3445              15297.2                     84.6806
6     12     1.3          11.95             0.3575              14964.4                     83.7543
6     12     1.3          11.95             0.3705              14612.4                     82.7633
6     12     1.3          11.95             0.3835              14419.2                     82.2145
6     12     1.3          11.95             0.3965              14356.9                     82.0366
6     12     1.3          11.95             0.4095              13840.3                     80.5472
6     12     1.3          11.95             0.4225              13818.3                     80.4831
6     12     1.3          11.95             0.4355              13568.4                     79.7521
6     12     1.3          11.95             0.4485              13474.2                     79.4747
6     12     1.3          11.95             0.4615              13157.8                     78.536
6     12     1.3          11.95             0.4745              12990                     78.0336
6     12     1.3          11.95             0.4875              12675.9                     77.0845
6     12     1.3          11.95             0.5005              12507.1                     76.5696
6     12     1.3          11.95             0.5135              12442                     76.3699
6     12     1.3          11.95             0.5265              12243.2                     75.7575
6     12     1.3          11.95             0.5395              11998                     74.9951
6     12     1.3          11.95             0.5525              11913.2                     74.7295
6     12     1.3          11.95             0.5655              11626.8                     73.8257
6     12     1.3          11.95             0.5785              11533.5                     73.5289
6     12     1.3          11.95             0.5915              11270.1                     72.6843
6     12     1.3          11.95             0.6045              11196                     72.4451
6     12     1.3          11.95             0.6175              10785.8                     71.1057
6     12     1.3          11.95             0.6305              10786.3                     71.1072
6     12     1.3          11.95             0.6435              10561.3                     70.3617
6     12     1.3          11.95             0.6565              10467.1                     70.0471
6     12     1.3          11.95             0.6695              10251.4                     69.3218
6     12     1.3          11.95             0.6825              9916.73                     68.1808
6     12     1.3          11.95             0.6955              9800.01                     67.7783
6     12     1.3          11.95             0.7085              9559.53                     66.9416
6     12     1.3          11.95             0.7215              9409.53                     66.4143
6     12     1.3          11.95             0.7345              9183.58                     65.6121
6     12     1.3          11.95             0.7475              8869.51                     64.4804
6     12     1.3          11.95             0.7605              8733.1                     63.9826
6     12     1.3          11.95             0.7735              8499.18                     63.1199
6     12     1.3          11.95             0.7865              8402.15                     62.7586
6     12     1.3          11.95             0.7995              8141.52                     61.7775
6     12     1.3          11.95             0.8125              8023.39                     61.3277
6     12     1.3          11.95             0.8255              7664.78                     59.9415
6     12     1.3          11.95             0.8385              7376.02                     58.8016
6     12     1.3          11.95             0.8515              6904.44                     56.8908
6     12     1.3          11.95             0.8645              6322.71                     54.4414
6     12     1.3          11.95             0.8775              5695.97                     51.6727
6     12     1.3          11.95             0.8905              5065.01                     48.7268
6     12     1.3          11.95             0.9035              4548.9                     46.1776
6     12     1.3          11.95             0.9165              3953.1                     43.0474
6     12     1.3          11.95             0.9295              3436.05                     40.1335
6     12     1.3          11.95             0.9425              2977.13                     37.3574
6     12     1.3          11.95             0.9555              2509.77                     34.3
6     12     1.3          11.95             0.9685              1941.16                     30.1653
6     12     1.3          11.95             0.9815              1459.74                     26.1586
6     12     1.3          11.95             0.9945              1004.56                     21.7003
6     12     1.3          11.95             1.0075              446.733                     14.4711
6     12     1.3          11.95             1.0205              46.8765                     4.68765
6     12     1.3          11.95             1.0335              0                     0
6     12     1.3          11.95             1.0465              0                     0
6     12     1.3          11.95             1.0595              0                     0
6     12     1.3          11.95             1.0725              0                     0
6     12     1.3          11.95             1.0855              0                     0
6     12     1.3          11.95             1.0985              0                     0
6     12     1.3          11.95             1.1115              0                     0
6     12     1.3          11.95             1.1245              0                     0
6     12     1.3          11.95             1.1375              0                     0
6     12     1.3          11.95             1.1505              0                     0
6     12     1.3          11.95             1.1635              0                     0
6     12     1.3          11.95             1.1765              0                     0
6     12     1.3          11.95             1.1895              0                     0
6     12     1.3          11.95             1.2025              0                     0
6     12     1.3          11.95             1.2155              0                     0
6     12     1.3          11.95             1.2285              0                     0
6     12     1.3          11.95             1.2415              0                     0
6     12     1.3          11.95             1.2545              0                     0
6     12     1.3          11.95             1.2675              0                     0
6     12     1.3          11.95             1.2805              0                     0
*******************************************************************************************************
 Average mean_angle 1.63776e+07 +- 13959.7 deg 
 Average E' 1.07978e+06 +- 920.372 GeV 
