*******************************************************************************************************
Z     A     E(GeV)     Theta(deg)     Energy Loss(GeV)     Sigma(nb/sr/GeV)     ERROR     Citation     
*******************************************************************************************************
6     12     3.116          59.98             2.106              3.70683                     0.688342
6     12     3.116          59.98             2.118              4.72941                     0.77751
6     12     3.116          59.98             2.13              5.49634                     0.838184
6     12     3.116          59.98             2.142              3.57901                     0.67637
6     12     3.116          59.98             2.154              5.62416                     0.847874
6     12     3.116          59.98             2.166              4.72941                     0.77751
6     12     3.116          59.98             2.178              6.39109                     0.903837
6     12     3.116          59.98             2.19              4.85723                     0.787947
6     12     3.116          59.98             2.202              7.66931                     0.990104
6     12     3.116          59.98             2.214              7.15802                     0.956531
6     12     3.116          59.98             2.226              9.20317                     1.0846
6     12     3.116          59.98             2.238              10.2257                     1.14327
6     12     3.116          59.98             2.25              10.737                     1.17151
6     12     3.116          59.98             2.262              10.4814                     1.15748
6     12     3.116          59.98             2.274              9.9701                     1.12889
6     12     3.116          59.98             2.286              11.1205                     1.19224
6     12     3.116          59.98             2.298              13.0378                     1.29094
6     12     3.116          59.98             2.31              14.0604                     1.34061
6     12     3.116          59.98             2.322              13.6769                     1.3222
6     12     3.116          59.98             2.334              13.1656                     1.29725
6     12     3.116          59.98             2.346              14.316                     1.35274
6     12     3.116          59.98             2.358              14.9552                     1.3826
6     12     3.116          59.98             2.37              15.3386                     1.40022
6     12     3.116          59.98             2.382              16.3612                     1.44614
6     12     3.116          59.98             2.394              15.9777                     1.42909
6     12     3.116          59.98             2.406              19.6846                     1.58623
6     12     3.116          59.98             2.418              20.835                     1.63192
6     12     3.116          59.98             2.43              17.2559                     1.48516
6     12     3.116          59.98             2.442              19.0455                     1.56026
6     12     3.116          59.98             2.454              22.3688                     1.69092
6     12     3.116          59.98             2.466              20.3237                     1.61177
6     12     3.116          59.98             2.478              21.9854                     1.67637
6     12     3.116          59.98             2.49              21.8575                     1.67149
6     12     3.116          59.98             2.502              24.1583                     1.75726
6     12     3.116          59.98             2.514              26.7148                     1.8479
6     12     3.116          59.98             2.526              25.4365                     1.80315
6     12     3.116          59.98             2.538              29.0156                     1.92583
6     12     3.116          59.98             2.55              27.7373                     1.88293
6     12     3.116          59.98             2.562              27.7373                     1.88293
6     12     3.116          59.98             2.574              30.166                     1.96364
6     12     3.116          59.98             2.586              29.6547                     1.94692
6     12     3.116          59.98             2.598              33.1059                     2.0571
6     12     3.116          59.98             2.61              35.7901                     2.13887
6     12     3.116          59.98             2.622              32.3389                     2.03313
6     12     3.116          59.98             2.634              33.2337                     2.06107
6     12     3.116          59.98             2.646              37.0683                     2.17673
6     12     3.116          59.98             2.658              35.6623                     2.13505
6     12     3.116          59.98             2.67              33.1059                     2.0571
6     12     3.116          59.98             2.682              39.4969                     2.2469
*******************************************************************************************************
 Average angle 59.9359 +- 0.396189 deg 
 Average E' 0.342957 +- 0.00226702 GeV 
