*******************************************************************************************************
Z     A     E(GeV)     Theta(deg)     Energy Loss(GeV)     Sigma(nb/sr/GeV)     ERROR     Citation     
*******************************************************************************************************
6     12     1.5          11.95             0.0075              0                     0
6     12     1.5          11.95             0.0225              0                     0
6     12     1.5          11.95             0.0375              0                     0
6     12     1.5          11.95             0.0525              0                     0
6     12     1.5          11.95             0.0675              0                     0
6     12     1.5          11.95             0.0825              0                     0
6     12     1.5          11.95             0.0975              0                     0
6     12     1.5          11.95             0.1125              0                     0
6     12     1.5          11.95             0.1275              0                     0
6     12     1.5          11.95             0.1425              0                     0
6     12     1.5          11.95             0.1575              1.21274                     0.857538
6     12     1.5          11.95             0.1725              312.887                     13.7741
6     12     1.5          11.95             0.1875              1783.34                     32.8841
6     12     1.5          11.95             0.2025              4279.77                     50.9424
6     12     1.5          11.95             0.2175              7110.91                     65.6647
6     12     1.5          11.95             0.2325              9878.99                     77.3972
6     12     1.5          11.95             0.2475              11754.5                     84.425
6     12     1.5          11.95             0.2625              13210.4                     89.5008
6     12     1.5          11.95             0.2775              13839.8                     91.6082
6     12     1.5          11.95             0.2925              14374                     93.3594
6     12     1.5          11.95             0.3075              14684.5                     94.3623
6     12     1.5          11.95             0.3225              14536.5                     93.8857
6     12     1.5          11.95             0.3375              14414.6                     93.4913
6     12     1.5          11.95             0.3525              14519.5                     93.8309
6     12     1.5          11.95             0.3675              14134.5                     92.5783
6     12     1.5          11.95             0.3825              14110.9                     92.5009
6     12     1.5          11.95             0.3975              13824                     91.556
6     12     1.5          11.95             0.4125              13620.3                     90.8788
6     12     1.5          11.95             0.4275              13520.9                     90.5464
6     12     1.5          11.95             0.4425              13215.9                     89.5193
6     12     1.5          11.95             0.4575              13228.6                     89.5624
6     12     1.5          11.95             0.4725              13034.5                     88.9031
6     12     1.5          11.95             0.4875              13020                     88.8535
6     12     1.5          11.95             0.5025              12838.7                     88.2327
6     12     1.5          11.95             0.5175              12684.7                     87.7018
6     12     1.5          11.95             0.5325              12570.7                     87.3069
6     12     1.5          11.95             0.5475              12309.3                     86.3945
6     12     1.5          11.95             0.5625              12293.6                     86.3392
6     12     1.5          11.95             0.5775              12180.8                     85.9422
6     12     1.5          11.95             0.5925              11932.2                     85.0607
6     12     1.5          11.95             0.6075              11898.2                     84.9395
6     12     1.5          11.95             0.6225              11673.2                     84.1327
6     12     1.5          11.95             0.6375              11521.7                     83.5846
6     12     1.5          11.95             0.6525              11491.3                     83.4746
6     12     1.5          11.95             0.6675              11235.4                     82.54
6     12     1.5          11.95             0.6825              10946.8                     81.4729
6     12     1.5          11.95             0.6975              10844.9                     81.0929
6     12     1.5          11.95             0.7125              10731.6                     80.6678
6     12     1.5          11.95             0.7275              10637                     80.3115
6     12     1.5          11.95             0.7425              10397.4                     79.4022
6     12     1.5          11.95             0.7575              10038.5                     78.0195
6     12     1.5          11.95             0.7725              9971.77                     77.7598
6     12     1.5          11.95             0.7875              9830.48                     77.207
6     12     1.5          11.95             0.8025              9557.01                     76.1255
6     12     1.5          11.95             0.8175              9502.44                     75.9078
6     12     1.5          11.95             0.8325              9213.2                     74.7437
6     12     1.5          11.95             0.8475              9041.6                     74.0443
6     12     1.5          11.95             0.8625              8953.67                     73.6834
6     12     1.5          11.95             0.8775              8635.33                     72.3617
6     12     1.5          11.95             0.8925              8593.49                     72.1861
6     12     1.5          11.95             0.9075              8427.34                     71.4849
6     12     1.5          11.95             0.9225              8109                     70.1217
6     12     1.5          11.95             0.9375              8118.09                     70.1611
6     12     1.5          11.95             0.9525              8110.21                     70.127
6     12     1.5          11.95             0.9675              7856.75                     69.0225
6     12     1.5          11.95             0.9825              7739.72                     68.5065
6     12     1.5          11.95             0.9975              7564.48                     67.7265
6     12     1.5          11.95             1.0125              7477.16                     67.3345
6     12     1.5          11.95             1.0275              7409.85                     67.0307
6     12     1.5          11.95             1.0425              7299.49                     66.5297
6     12     1.5          11.95             1.0575              7181.86                     65.9914
6     12     1.5          11.95             1.0725              7059.37                     65.4263
6     12     1.5          11.95             1.0875              1839.12                     33.3945
6     12     1.5          11.95             1.1025              0                     0
6     12     1.5          11.95             1.1175              0                     0
6     12     1.5          11.95             1.1325              0                     0
6     12     1.5          11.95             1.1475              0                     0
6     12     1.5          11.95             1.1625              0                     0
6     12     1.5          11.95             1.1775              0                     0
6     12     1.5          11.95             1.1925              0                     0
6     12     1.5          11.95             1.2075              0                     0
6     12     1.5          11.95             1.2225              0                     0
6     12     1.5          11.95             1.2375              0                     0
6     12     1.5          11.95             1.2525              0                     0
6     12     1.5          11.95             1.2675              0                     0
6     12     1.5          11.95             1.2825              0                     0
6     12     1.5          11.95             1.2975              0                     0
6     12     1.5          11.95             1.3125              0                     0
6     12     1.5          11.95             1.3275              0                     0
6     12     1.5          11.95             1.3425              0                     0
6     12     1.5          11.95             1.3575              0                     0
6     12     1.5          11.95             1.3725              0                     0
6     12     1.5          11.95             1.3875              0                     0
6     12     1.5          11.95             1.4025              0                     0
6     12     1.5          11.95             1.4175              0                     0
6     12     1.5          11.95             1.4325              0                     0
6     12     1.5          11.95             1.4475              0                     0
6     12     1.5          11.95             1.4625              0                     0
6     12     1.5          11.95             1.4775              0                     0
*******************************************************************************************************
 Average mean_angle 1.25585e+07 +- 12203.8 deg 
 Average E' 956817 +- 929.795 GeV 
