*******************************************************************************************************
Z     A     E(GeV)     Theta(deg)     Energy Loss(GeV)     Sigma(nb/sr/GeV)     ERROR     Citation     
*******************************************************************************************************
6     12     3.116          24.98             1.41333              5.66081                     0.817068
6     12     3.116          24.98             1.44              4.12768                     0.697705
6     12     3.116          24.98             1.46667              3.06627                     0.601346
6     12     3.116          24.98             1.49333              3.65594                     0.656627
6     12     3.116          24.98             1.52              2.47661                     0.54044
6     12     3.116          24.98             1.54667              2.12281                     0.50035
6     12     3.116          24.98             1.57333              2.47661                     0.54044
6     12     3.116          24.98             1.6              2.00487                     0.486253
6     12     3.116          24.98             1.62667              1.53314                     0.425216
6     12     3.116          24.98             1.65333              1.65107                     0.441267
6     12     3.116          24.98             1.68              1.17934                     0.372939
6     12     3.116          24.98             1.70667              2.00487                     0.486253
6     12     3.116          24.98             1.73333              0.589668                     0.263708
6     12     3.116          24.98             1.76              0.471734                     0.235867
6     12     3.116          24.98             1.78667              0.235867                     0.166783
6     12     3.116          24.98             1.81333              0                     0
6     12     3.116          24.98             1.84              0                     0
6     12     3.116          24.98             1.86667              0                     0
6     12     3.116          24.98             1.89333              0                     0
6     12     3.116          24.98             1.92              0                     0
6     12     3.116          24.98             1.94667              0                     0
6     12     3.116          24.98             1.97333              0                     0
6     12     3.116          24.98             2              0                     0
6     12     3.116          24.98             2.02667              0                     0
6     12     3.116          24.98             2.05333              0                     0
6     12     3.116          24.98             2.08              0                     0
6     12     3.116          24.98             2.10667              0                     0
6     12     3.116          24.98             2.13333              0                     0
6     12     3.116          24.98             2.16              0                     0
*******************************************************************************************************
 Average mean_angle 575422 +- 3777.42 deg 
 Average E' 53202.7 +- 349.255 GeV 
