*******************************************************************************************************
Z     A     E(GeV)     Theta(deg)     Energy Loss(GeV)     Sigma(nb/sr/GeV)     ERROR     Citation     
*******************************************************************************************************
6     12     2.346          45             0.711              0                     0
6     12     2.346          45             0.733              0                     0
6     12     2.346          45             0.755              0                     0
6     12     2.346          45             0.777              0                     0
6     12     2.346          45             0.799              0                     0
6     12     2.346          45             0.821              0                     0
6     12     2.346          45             0.843              0                     0
6     12     2.346          45             0.865              0                     0
6     12     2.346          45             0.887              0                     0
6     12     2.346          45             0.909              0                     0
6     12     2.346          45             0.931              0                     0
6     12     2.346          45             0.953              0                     0
6     12     2.346          45             0.975              0                     0
6     12     2.346          45             0.997              0                     0
6     12     2.346          45             1.019              0                     0
6     12     2.346          45             1.041              0                     0
6     12     2.346          45             1.063              0                     0
6     12     2.346          45             1.085              0                     0
6     12     2.346          45             1.107              0                     0
6     12     2.346          45             1.129              0                     0
6     12     2.346          45             1.151              0                     0
6     12     2.346          45             1.173              0                     0
6     12     2.346          45             1.195              0                     0
6     12     2.346          45             1.217              0                     0
6     12     2.346          45             1.239              0                     0
6     12     2.346          45             1.261              0                     0
6     12     2.346          45             1.283              0                     0
6     12     2.346          45             1.305              0                     0
6     12     2.346          45             1.327              0                     0
6     12     2.346          45             1.349              0                     0
6     12     2.346          45             1.371              0                     0
6     12     2.346          45             1.393              0                     0
6     12     2.346          45             1.415              0                     0
6     12     2.346          45             1.437              0                     0
6     12     2.346          45             1.459              0                     0
6     12     2.346          45             1.481              0                     0
6     12     2.346          45             1.503              0                     0
6     12     2.346          45             1.525              0                     0
6     12     2.346          45             1.547              0                     0
6     12     2.346          45             1.569              0                     0
6     12     2.346          45             1.591              11.8667                     0.145662
6     12     2.346          45             1.613              74.2864                     0.364447
6     12     2.346          45             1.635              122.939                     0.468839
6     12     2.346          45             1.657              133.527                     0.488612
6     12     2.346          45             1.679              144.759                     0.508748
6     12     2.346          45             1.701              154.157                     0.525002
6     12     2.346          45             1.723              162.758                     0.53945
6     12     2.346          45             1.745              171.205                     0.553271
6     12     2.346          45             1.767              179.379                     0.566325
*******************************************************************************************************
 Average angle 9.48409e+07 +- 65299.3 deg 
 Average E' 1.03972e+06 +- 715.862 GeV 
