*******************************************************************************************************
Z     A     E(GeV)     Theta(deg)     Energy Loss(GeV)     Sigma(nb/sr/GeV)     ERROR     Citation     
*******************************************************************************************************
6     12     2.015          35.51             0.010075              0                     0
6     12     2.015          35.51             0.030225              0                     0
6     12     2.015          35.51             0.050375              0                     0
6     12     2.015          35.51             0.070525              0                     0
6     12     2.015          35.51             0.090675              0                     0
6     12     2.015          35.51             0.110825              0                     0
6     12     2.015          35.51             0.130975              0                     0
6     12     2.015          35.51             0.151125              0                     0
6     12     2.015          35.51             0.171275              0                     0
6     12     2.015          35.51             0.191425              0                     0
6     12     2.015          35.51             0.211575              0                     0
6     12     2.015          35.51             0.231725              0                     0
6     12     2.015          35.51             0.251875              0                     0
6     12     2.015          35.51             0.272025              0                     0
6     12     2.015          35.51             0.292175              0.608332                     0.351221
6     12     2.015          35.51             0.312325              1.62222                     0.573541
6     12     2.015          35.51             0.332475              4.25833                     0.929243
6     12     2.015          35.51             0.352625              7.50276                     1.23345
6     12     2.015          35.51             0.372775              12.3694                     1.58374
6     12     2.015          35.51             0.392925              21.0888                     2.06793
6     12     2.015          35.51             0.413075              32.6472                     2.57296
6     12     2.015          35.51             0.433225              52.1138                     3.25077
6     12     2.015          35.51             0.453375              71.1749                     3.79903
6     12     2.015          35.51             0.473525              104.025                     4.59281
6     12     2.015          35.51             0.493675              128.966                     5.11385
6     12     2.015          35.51             0.513825              159.991                     5.69584
6     12     2.015          35.51             0.533975              182.905                     6.09008
6     12     2.015          35.51             0.554125              208.252                     6.49838
6     12     2.015          35.51             0.574275              220.825                     6.69165
6     12     2.015          35.51             0.594425              219                     6.66395
6     12     2.015          35.51             0.614575              221.636                     6.70393
6     12     2.015          35.51             0.634725              221.838                     6.707
6     12     2.015          35.51             0.654875              201.155                     6.38668
6     12     2.015          35.51             0.675025              179.458                     6.03241
6     12     2.015          35.51             0.695175              176.416                     5.98107
6     12     2.015          35.51             0.715325              155.53                     5.61587
6     12     2.015          35.51             0.735475              125.519                     5.04504
6     12     2.015          35.51             0.755625              115.38                     4.837
6     12     2.015          35.51             0.775775              90.0332                     4.27278
6     12     2.015          35.51             0.795925              77.0554                     3.95286
6     12     2.015          35.51             0.816075              65.2943                     3.63871
6     12     2.015          35.51             0.836225              48.6666                     3.14141
6     12     2.015          35.51             0.856375              42.3805                     2.93152
6     12     2.015          35.51             0.876525              37.5138                     2.75807
6     12     2.015          35.51             0.896675              27.5777                     2.36477
6     12     2.015          35.51             0.916825              22.1027                     2.11706
6     12     2.015          35.51             0.936975              17.4389                     1.88048
6     12     2.015          35.51             0.957125              16.8305                     1.84739
6     12     2.015          35.51             0.977275              17.4389                     1.88048
6     12     2.015          35.51             0.997425              11.5583                     1.53094
6     12     2.015          35.51             1.01758              9.93609                     1.41944
6     12     2.015          35.51             1.03773              8.51665                     1.31415
6     12     2.015          35.51             1.05788              6.89443                     1.18239
6     12     2.015          35.51             1.07803              5.88054                     1.09199
6     12     2.015          35.51             1.09818              5.06944                     1.01389
6     12     2.015          35.51             1.11833              4.25833                     0.929243
6     12     2.015          35.51             1.13848              5.67777                     1.073
6     12     2.015          35.51             1.15863              4.86666                     0.993402
6     12     2.015          35.51             1.17878              2.23055                     0.672537
6     12     2.015          35.51             1.19893              3.04166                     0.785354
6     12     2.015          35.51             1.21908              1.41944                     0.536499
6     12     2.015          35.51             1.23923              1.62222                     0.573541
6     12     2.015          35.51             1.25938              1.41944                     0.536499
6     12     2.015          35.51             1.27953              1.41944                     0.536499
6     12     2.015          35.51             1.29968              1.01389                     0.453424
6     12     2.015          35.51             1.31983              1.01389                     0.453424
6     12     2.015          35.51             1.33998              1.01389                     0.453424
6     12     2.015          35.51             1.36013              0.202777                     0.202777
6     12     2.015          35.51             1.38028              0.405555                     0.286771
6     12     2.015          35.51             1.40043              0.202777                     0.202777
6     12     2.015          35.51             1.42058              0.81111                     0.405555
6     12     2.015          35.51             1.44073              0.405555                     0.286771
6     12     2.015          35.51             1.46088              0.405555                     0.286771
6     12     2.015          35.51             1.48103              0.202777                     0.202777
6     12     2.015          35.51             1.50118              0                     0
6     12     2.015          35.51             1.52133              0.202777                     0.202777
6     12     2.015          35.51             1.54148              0                     0
6     12     2.015          35.51             1.56163              0.202777                     0.202777
6     12     2.015          35.51             1.58178              0                     0
6     12     2.015          35.51             1.60193              0                     0
6     12     2.015          35.51             1.62208              0                     0
6     12     2.015          35.51             1.64223              0                     0
6     12     2.015          35.51             1.66238              0                     0
6     12     2.015          35.51             1.68253              0                     0
6     12     2.015          35.51             1.70268              0                     0
6     12     2.015          35.51             1.72283              0                     0
6     12     2.015          35.51             1.74298              0                     0
6     12     2.015          35.51             1.76313              0                     0
6     12     2.015          35.51             1.78328              0                     0
6     12     2.015          35.51             1.80343              0                     0
6     12     2.015          35.51             1.82358              0                     0
6     12     2.015          35.51             1.84373              0                     0
6     12     2.015          35.51             1.86388              0                     0
6     12     2.015          35.51             1.88403              0                     0
6     12     2.015          35.51             1.90418              0                     0
6     12     2.015          35.51             1.92433              0                     0
6     12     2.015          35.51             1.94448              0                     0
6     12     2.015          35.51             1.96463              0                     0
6     12     2.015          35.51             1.98478              0                     0
*******************************************************************************************************
 Average mean_angle 587548 +- 4559.98 deg 
 Average E' 22742.6 +- 176.507 GeV 
