*******************************************************************************************************
Z     A     E(GeV)     Theta(deg)     Energy Loss(GeV)     Sigma(nb/sr/GeV)     ERROR     Citation     
*******************************************************************************************************
6     12     4.134          74.98             3.01              0.000559171                     0.000395394
6     12     4.134          74.98             3.03              0.00111834                     0.000559171
6     12     4.134          74.98             3.05              0.00363461                     0.00100806
6     12     4.134          74.98             3.07              0.00782839                     0.00147943
6     12     4.134          74.98             3.09              0.0232056                     0.00254715
6     12     4.134          74.98             3.11              0.0352278                     0.00313834
6     12     4.134          74.98             3.13              0.0609496                     0.00412803
6     12     4.134          74.98             3.15              0.0886286                     0.00497788
6     12     4.134          74.98             3.17              0.129728                     0.00602246
6     12     4.134          74.98             3.19              0.195989                     0.00740242
6     12     4.134          74.98             3.21              0.273994                     0.00875241
6     12     4.134          74.98             3.23              0.355074                     0.0099636
6     12     4.134          74.98             3.25              0.493748                     0.0117492
6     12     4.134          74.98             3.27              0.622637                     0.0131939
6     12     4.134          74.98             3.29              0.744536                     0.0144278
6     12     4.134          74.98             3.31              0.927105                     0.0160999
6     12     4.134          74.98             3.33              1.10101                     0.017545
6     12     4.134          74.98             3.35              1.2422                     0.018636
6     12     4.134          74.98             3.37              1.39681                     0.0197618
6     12     4.134          74.98             3.39              1.54611                     0.0207911
6     12     4.134          74.98             3.41              1.69149                     0.0217466
6     12     4.134          74.98             3.43              1.93305                     0.0232477
6     12     4.134          74.98             3.45              2.08068                     0.024119
6     12     4.134          74.98             3.47              2.23193                     0.0249803
6     12     4.134          74.98             3.49              2.46315                     0.0262423
6     12     4.134          74.98             3.51              2.71673                     0.0275601
6     12     4.134          74.98             3.53              3.01477                     0.0290325
6     12     4.134          74.98             3.55              3.34608                     0.0305862
6     12     4.134          74.98             3.57              3.64943                     0.0319426
6     12     4.134          74.98             3.59              4.08251                     0.0337848
6     12     4.134          74.98             3.61              4.48735                     0.0354203
6     12     4.134          74.98             3.63              5.00486                     0.037407
6     12     4.134          74.98             3.65              5.52685                     0.0393094
6     12     4.134          74.98             3.67              6.1808                     0.04157
6     12     4.134          74.98             3.69              6.69328                     0.043259
6     12     4.134          74.98             3.71              7.54881                     0.0459406
6     12     4.134          74.98             3.73              8.26483                     0.04807
6     12     4.134          74.98             3.75              9.08233                     0.0503914
6     12     4.134          74.98             3.77              9.86378                     0.0525145
6     12     4.134          74.98             3.79              10.9567                     0.0553473
6     12     4.134          74.98             3.81              11.9489                     0.0577992
6     12     4.134          74.98             3.83              12.9789                     0.0602388
6     12     4.134          74.98             3.85              14.0961                     0.062778
6     12     4.134          74.98             3.87              15.2656                     0.0653303
6     12     4.134          74.98             3.89              16.4687                     0.0678558
6     12     4.134          74.98             3.91              17.8191                     0.070583
6     12     4.134          74.98             3.93              19.129                     0.0731312
6     12     4.134          74.98             3.95              20.6854                     0.0760483
6     12     4.134          74.98             3.97              22.1524                     0.0786987
*******************************************************************************************************
 Average angle 74.855 +- 0.0737738 deg 
 Average E' 0.327179 +- 0.000322453 GeV 
