*******************************************************************************************************
Z     A     E(GeV)     Theta(deg)     Energy Loss(GeV)     Sigma(nb/sr/GeV)     ERROR     Citation     
*******************************************************************************************************
6     12     0.961          37.5             0.004805              0                     0
6     12     0.961          37.5             0.014415              1.11005                     0.392461
6     12     0.961          37.5             0.024025              1.80383                     0.500292
6     12     0.961          37.5             0.033635              4.7177                     0.809079
6     12     0.961          37.5             0.043245              9.99043                     1.17738
6     12     0.961          37.5             0.052855              17.622                     1.5637
6     12     0.961          37.5             0.062465              25.6698                     1.88728
6     12     0.961          37.5             0.072075              39.9617                     2.35477
6     12     0.961          37.5             0.081685              55.0861                     2.76469
6     12     0.961          37.5             0.091295              77.7033                     3.28356
6     12     0.961          37.5             0.100905              106.148                     3.8378
6     12     0.961          37.5             0.110515              129.043                     4.23149
6     12     0.961          37.5             0.120125              160.818                     4.72382
6     12     0.961          37.5             0.129735              190.373                     5.13959
6     12     0.961          37.5             0.139345              227.976                     5.62432
6     12     0.961          37.5             0.148955              260.861                     6.01631
6     12     0.961          37.5             0.158565              300.268                     6.45476
6     12     0.961          37.5             0.168175              329.962                     6.7664
6     12     0.961          37.5             0.177785              400.866                     7.45805
6     12     0.961          37.5             0.187395              417.655                     7.61263
6     12     0.961          37.5             0.197005              476.072                     8.12759
6     12     0.961          37.5             0.206615              547.67                     8.71736
6     12     0.961          37.5             0.216225              602.201                     9.14106
6     12     0.961          37.5             0.225835              676.713                     9.69009
6     12     0.961          37.5             0.235445              756.22                     10.2435
6     12     0.961          37.5             0.245055              840.584                     10.7998
6     12     0.961          37.5             0.254665              918.287                     11.2879
6     12     0.961          37.5             0.264275              1007.78                     11.8252
6     12     0.961          37.5             0.273885              1120.32                     12.468
6     12     0.961          37.5             0.283495              1185.11                     12.8235
6     12     0.961          37.5             0.293105              1270.59                     13.2779
6     12     0.961          37.5             0.302715              1369.94                     13.7872
6     12     0.961          37.5             0.312325              1416.42                     14.0192
6     12     0.961          37.5             0.321935              1450.55                     14.1871
6     12     0.961          37.5             0.331545              1443.76                     14.1538
6     12     0.961          37.5             0.341155              1460.27                     14.2345
6     12     0.961          37.5             0.350765              1406.71                     13.971
6     12     0.961          37.5             0.360375              1375.49                     13.8151
6     12     0.961          37.5             0.369985              1316.1                     13.5136
6     12     0.961          37.5             0.379595              1237.7                     13.1049
6     12     0.961          37.5             0.389205              1176.93                     12.7791
6     12     0.961          37.5             0.398815              1094.65                     12.3243
6     12     0.961          37.5             0.408425              984.89                     11.6901
6     12     0.961          37.5             0.418035              902.469                     11.1903
6     12     0.961          37.5             0.427645              799.789                     10.5345
6     12     0.961          37.5             0.437255              730.828                     10.0701
6     12     0.961          37.5             0.446865              648.684                     9.4873
6     12     0.961          37.5             0.456475              580.971                     8.97849
6     12     0.961          37.5             0.466085              513.536                     8.44134
6     12     0.961          37.5             0.475695              453.593                     7.93339
6     12     0.961          37.5             0.485305              416.268                     7.59998
6     12     0.961          37.5             0.494915              385.048                     7.30942
6     12     0.961          37.5             0.504525              342.866                     6.89744
6     12     0.961          37.5             0.514135              323.856                     6.70351
6     12     0.961          37.5             0.523745              333.708                     6.8047
6     12     0.961          37.5             0.533355              329.962                     6.7664
6     12     0.961          37.5             0.542965              329.823                     6.76497
6     12     0.961          37.5             0.552575              330.933                     6.77635
6     12     0.961          37.5             0.562185              334.541                     6.81319
6     12     0.961          37.5             0.571795              340.785                     6.87647
6     12     0.961          37.5             0.581405              340.23                     6.87087
6     12     0.961          37.5             0.591015              342.45                     6.89325
6     12     0.961          37.5             0.600625              328.019                     6.74645
6     12     0.961          37.5             0.610235              343.143                     6.90023
6     12     0.961          37.5             0.619845              320.943                     6.67328
6     12     0.961          37.5             0.629455              322.608                     6.69057
6     12     0.961          37.5             0.639065              319.139                     6.6545
6     12     0.961          37.5             0.648675              316.502                     6.62696
6     12     0.961          37.5             0.658285              298.048                     6.43086
6     12     0.961          37.5             0.667895              297.493                     6.42486
6     12     0.961          37.5             0.677505              295.273                     6.40085
6     12     0.961          37.5             0.687115              279.038                     6.2224
6     12     0.961          37.5             0.696725              295.828                     6.40686
6     12     0.961          37.5             0.706335              292.359                     6.36919
6     12     0.961          37.5             0.715945              283.201                     6.26864
6     12     0.961          37.5             0.725555              274.876                     6.17581
6     12     0.961          37.5             0.735165              275.292                     6.18048
6     12     0.961          37.5             0.744775              267.521                     6.09263
6     12     0.961          37.5             0.754385              272.794                     6.15238
6     12     0.961          37.5             0.763995              275.847                     6.18671
6     12     0.961          37.5             0.773605              277.096                     6.2007
6     12     0.961          37.5             0.783215              255.311                     5.95197
6     12     0.961          37.5             0.792825              228.947                     5.63629
6     12     0.961          37.5             0.802435              155.545                     4.64573
6     12     0.961          37.5             0.812045              69.5167                     3.10578
6     12     0.961          37.5             0.821655              18.8708                     1.61816
6     12     0.961          37.5             0.831265              1.38756                     0.438785
6     12     0.961          37.5             0.840875              0                     0
6     12     0.961          37.5             0.850485              0                     0
6     12     0.961          37.5             0.860095              0                     0
6     12     0.961          37.5             0.869705              0                     0
6     12     0.961          37.5             0.879315              0                     0
6     12     0.961          37.5             0.888925              0                     0
6     12     0.961          37.5             0.898535              0                     0
6     12     0.961          37.5             0.908145              0                     0
6     12     0.961          37.5             0.917755              0                     0
6     12     0.961          37.5             0.927365              0                     0
6     12     0.961          37.5             0.936975              0                     0
6     12     0.961          37.5             0.946585              0                     0
*******************************************************************************************************
 Average mean_angle 1.1611e+07 +- 20848.4 deg 
 Average E' 175186 +- 314.559 GeV 
