*******************************************************************************************************
Z     A     E(GeV)     Theta(deg)     Energy Loss(GeV)     Sigma(nb/sr/GeV)     ERROR     Citation     
*******************************************************************************************************
6     12     2.346          30             0.216              0.139071                     0.0155486
6     12     2.346          30             0.248              0.344201                     0.0244613
6     12     2.346          30             0.28              0.832688                     0.0380465
6     12     2.346          30             0.312              1.51066                     0.0512456
6     12     2.346          30             0.344              2.92571                     0.0713163
6     12     2.346          30             0.376              4.5963                     0.0893877
6     12     2.346          30             0.408              7.02657                     0.110521
6     12     2.346          30             0.44              9.92098                     0.131326
6     12     2.346          30             0.472              14.2826                     0.157571
6     12     2.346          30             0.504              20.1218                     0.187028
6     12     2.346          30             0.536              29.085                     0.224858
6     12     2.346          30             0.568              40.5097                     0.265371
6     12     2.346          30             0.6              53.2173                     0.304158
6     12     2.346          30             0.632              62.6863                     0.330111
6     12     2.346          30             0.664              68.6385                     0.345428
6     12     2.346          30             0.696              72.0406                     0.353885
6     12     2.346          30             0.728              73.958                     0.358563
6     12     2.346          30             0.76              73.0193                     0.356281
6     12     2.346          30             0.792              68.675                     0.34552
6     12     2.346          30             0.824              61.7267                     0.327574
6     12     2.346          30             0.856              54.5506                     0.307945
6     12     2.346          30             0.888              48.6071                     0.290685
6     12     2.346          30             0.92              41.3997                     0.26827
6     12     2.346          30             0.952              34.6687                     0.245495
6     12     2.346          30             0.984              29.7247                     0.227317
6     12     2.346          30             1.016              27.3275                     0.217958
6     12     2.346          30             1.048              26.6964                     0.215427
6     12     2.346          30             1.08              26.5226                     0.214724
6     12     2.346          30             1.112              25.8046                     0.211798
6     12     2.346          30             1.144              25.2901                     0.209676
6     12     2.346          30             1.176              24.7042                     0.207233
6     12     2.346          30             1.208              24.6608                     0.207051
6     12     2.346          30             1.24              24.5965                     0.206781
6     12     2.346          30             1.272              24.5374                     0.206532
6     12     2.346          30             1.304              24.6034                     0.20681
6     12     2.346          30             1.336              24.553                     0.206598
6     12     2.346          30             1.368              25.3266                     0.209827
6     12     2.346          30             1.4              25.6482                     0.211155
6     12     2.346          30             1.432              26.573                     0.214928
6     12     2.346          30             1.464              26.9294                     0.216365
6     12     2.346          30             1.496              28.1775                     0.221322
6     12     2.346          30             1.528              29.1441                     0.225086
6     12     2.346          30             1.56              30.0741                     0.228649
6     12     2.346          30             1.592              31.6178                     0.234444
6     12     2.346          30             1.624              33.0954                     0.23986
6     12     2.346          30             1.656              30.9555                     0.231976
6     12     2.346          30             1.688              22.7538                     0.198884
6     12     2.346          30             1.72              14.2044                     0.157139
6     12     2.346          30             1.752              4.9631                     0.0928859
*******************************************************************************************************
 Average mean_angle 2.54904e+07 +- 27597.9 deg 
 Average E' 1.15331e+06 +- 1248.67 GeV 
