*******************************************************************************************************
Z     A     E(GeV)     Theta(deg)     Energy Loss(GeV)     Sigma(nb/sr/GeV)     ERROR     Citation     
*******************************************************************************************************
6     12     0.68          60             0.0034              0                     0
6     12     0.68          60             0.0102              0                     0
6     12     0.68          60             0.017              0                     0
6     12     0.68          60             0.0238              0                     0
6     12     0.68          60             0.0306              0                     0
6     12     0.68          60             0.0374              0                     0
6     12     0.68          60             0.0442              0                     0
6     12     0.68          60             0.051              0                     0
6     12     0.68          60             0.0578              0                     0
6     12     0.68          60             0.0646              0                     0
6     12     0.68          60             0.0714              0                     0
6     12     0.68          60             0.0782              0                     0
6     12     0.68          60             0.085              0                     0
6     12     0.68          60             0.0918              0                     0
6     12     0.68          60             0.0986              0                     0
6     12     0.68          60             0.1054              0                     0
6     12     0.68          60             0.1122              0                     0
6     12     0.68          60             0.119              0                     0
6     12     0.68          60             0.1258              0                     0
6     12     0.68          60             0.1326              0                     0
6     12     0.68          60             0.1394              0                     0
6     12     0.68          60             0.1462              0                     0
6     12     0.68          60             0.153              0                     0
6     12     0.68          60             0.1598              0                     0
6     12     0.68          60             0.1666              0                     0
6     12     0.68          60             0.1734              0                     0
6     12     0.68          60             0.1802              0                     0
6     12     0.68          60             0.187              0                     0
6     12     0.68          60             0.1938              0                     0
6     12     0.68          60             0.2006              0                     0
6     12     0.68          60             0.2074              0                     0
6     12     0.68          60             0.2142              0                     0
6     12     0.68          60             0.221              0.119744                     0.119744
6     12     0.68          60             0.2278              0.598722                     0.267757
6     12     0.68          60             0.2346              2.75412                     0.574274
6     12     0.68          60             0.2414              4.78978                     0.75733
6     12     0.68          60             0.2482              7.78339                     0.965411
6     12     0.68          60             0.255              11.3757                     1.16712
6     12     0.68          60             0.2618              17.6024                     1.45182
6     12     0.68          60             0.2686              23.9489                     1.69344
6     12     0.68          60             0.2754              31.852                     1.95297
6     12     0.68          60             0.2822              38.7972                     2.1554
6     12     0.68          60             0.289              54.364                     2.55143
6     12     0.68          60             0.2958              65.7397                     2.8057
6     12     0.68          60             0.3026              82.2644                     3.13858
6     12     0.68          60             0.3094              95.5561                     3.38265
6     12     0.68          60             0.3162              108.488                     3.60429
6     12     0.68          60             0.323              129.563                     3.93885
6     12     0.68          60             0.3298              142.616                     4.13248
6     12     0.68          60             0.3366              152.075                     4.26734
6     12     0.68          60             0.3434              163.212                     4.42083
6     12     0.68          60             0.3502              177.581                     4.61133
6     12     0.68          60             0.357              191.831                     4.79277
6     12     0.68          60             0.3638              194.944                     4.83151
6     12     0.68          60             0.3706              216.258                     5.08879
6     12     0.68          60             0.3774              214.462                     5.06761
6     12     0.68          60             0.3842              218.893                     5.11969
6     12     0.68          60             0.391              232.424                     5.27556
6     12     0.68          60             0.3978              254.217                     5.51735
6     12     0.68          60             0.4046              244.877                     5.41504
6     12     0.68          60             0.4114              257.331                     5.55103
6     12     0.68          60             0.4182              257.57                     5.55361
6     12     0.68          60             0.425              265.473                     5.63817
6     12     0.68          60             0.4318              268.347                     5.66861
6     12     0.68          60             0.4386              276.969                     5.75895
6     12     0.68          60             0.4454              272.299                     5.71019
6     12     0.68          60             0.4522              276.131                     5.75023
6     12     0.68          60             0.459              277.208                     5.76144
6     12     0.68          60             0.4658              276.25                     5.75147
6     12     0.68          60             0.4726              275.532                     5.74399
6     12     0.68          60             0.4794              273.377                     5.72148
6     12     0.68          60             0.4862              268.946                     5.67493
6     12     0.68          60             0.493              268.946                     5.67493
6     12     0.68          60             0.4998              273.856                     5.72649
6     12     0.68          60             0.5066              273.496                     5.72273
6     12     0.68          60             0.5134              251.583                     5.48869
6     12     0.68          60             0.5202              255.654                     5.53292
6     12     0.68          60             0.527              259.606                     5.57552
6     12     0.68          60             0.5338              259.606                     5.57552
6     12     0.68          60             0.5406              251.703                     5.48999
6     12     0.68          60             0.5474              250.146                     5.47299
6     12     0.68          60             0.5542              247.632                     5.44541
6     12     0.68          60             0.561              234.819                     5.30267
6     12     0.68          60             0.5678              234.34                     5.29725
6     12     0.68          60             0.5746              229.79                     5.24557
6     12     0.68          60             0.5814              209.313                     5.00641
6     12     0.68          60             0.5882              196.501                     4.85076
6     12     0.68          60             0.595              189.675                     4.76577
6     12     0.68          60             0.6018              177.461                     4.60977
6     12     0.68          60             0.6086              165.966                     4.45797
6     12     0.68          60             0.6154              160.697                     4.38664
6     12     0.68          60             0.6222              143.214                     4.14115
6     12     0.68          60             0.629              126.33                     3.88939
6     12     0.68          60             0.6358              109.207                     3.6162
6     12     0.68          60             0.6426              97.951                     3.42478
6     12     0.68          60             0.6494              56.7589                     2.60702
6     12     0.68          60             0.6562              0                     0
6     12     0.68          60             0.663              0                     0
6     12     0.68          60             0.6698              0                     0
*******************************************************************************************************
 Average mean_angle 5.63324e+06 +- 18379.6 deg 
 Average E' 19613.7 +- 63.9936 GeV 
