*******************************************************************************************************
Z     A     E(GeV)     Theta(deg)     Energy Loss(GeV)     Sigma(nb/sr/GeV)     ERROR     Citation     
*******************************************************************************************************
6     12     1.159          37.5             0.009              0                     0
6     12     1.159          37.5             0.027              0                     0
6     12     1.159          37.5             0.045              0                     0
6     12     1.159          37.5             0.063              0                     0
6     12     1.159          37.5             0.081              0                     0
6     12     1.159          37.5             0.099              0                     0
6     12     1.159          37.5             0.117              0                     0
6     12     1.159          37.5             0.135              0                     0
6     12     1.159          37.5             0.153              0                     0
6     12     1.159          37.5             0.171              0                     0
6     12     1.159          37.5             0.189              0                     0
6     12     1.159          37.5             0.207              0                     0
6     12     1.159          37.5             0.225              0                     0
6     12     1.159          37.5             0.243              0.0151687                     0.0151687
6     12     1.159          37.5             0.261              0.879785                     0.115521
6     12     1.159          37.5             0.279              5.14219                     0.279285
6     12     1.159          37.5             0.297              14.1221                     0.462832
6     12     1.159          37.5             0.315              30.8683                     0.684275
6     12     1.159          37.5             0.333              55.2747                     0.915667
6     12     1.159          37.5             0.351              88.4639                     1.1584
6     12     1.159          37.5             0.369              132.711                     1.41882
6     12     1.159          37.5             0.387              178.763                     1.6467
6     12     1.159          37.5             0.405              224.436                     1.8451
6     12     1.159          37.5             0.423              262.904                     1.99698
6     12     1.159          37.5             0.441              303.768                     2.14657
6     12     1.159          37.5             0.459              335.016                     2.25428
6     12     1.159          37.5             0.477              371.345                     2.37336
6     12     1.159          37.5             0.495              396.95                     2.45382
6     12     1.159          37.5             0.513              424.693                     2.53812
6     12     1.159          37.5             0.531              446.339                     2.602
6     12     1.159          37.5             0.549              470.366                     2.67111
6     12     1.159          37.5             0.567              489.009                     2.72353
6     12     1.159          37.5             0.585              505.74                     2.76973
6     12     1.159          37.5             0.603              519.134                     2.80617
6     12     1.159          37.5             0.621              539.809                     2.8615
6     12     1.159          37.5             0.639              552.945                     2.89611
6     12     1.159          37.5             0.657              572.952                     2.94804
6     12     1.159          37.5             0.675              588.151                     2.98689
6     12     1.159          37.5             0.693              595.857                     3.00639
6     12     1.159          37.5             0.711              615.03                     3.05438
6     12     1.159          37.5             0.729              617.852                     3.06137
6     12     1.159          37.5             0.747              624.04                     3.07667
6     12     1.159          37.5             0.765              627.453                     3.08507
6     12     1.159          37.5             0.783              628.515                     3.08768
6     12     1.159          37.5             0.801              633.308                     3.09943
6     12     1.159          37.5             0.819              625.891                     3.08123
6     12     1.159          37.5             0.837              625.421                     3.08007
6     12     1.159          37.5             0.855              614.454                     3.05294
6     12     1.159          37.5             0.873              601.272                     3.02002
*******************************************************************************************************
 Average mean_angle 4.0642e+07 +- 39018.3 deg 
 Average E' 505948 +- 485.734 GeV 
