*******************************************************************************************************
Z     A     E(GeV)     Theta(deg)     Energy Loss(GeV)     Sigma(nb/sr/GeV)     ERROR     Citation     
*******************************************************************************************************
6     12     1.501          37.5             0.007505              0                     0
6     12     1.501          37.5             0.022515              0                     0
6     12     1.501          37.5             0.037525              0                     0
6     12     1.501          37.5             0.052535              0                     0
6     12     1.501          37.5             0.067545              0                     0
6     12     1.501          37.5             0.082555              0                     0
6     12     1.501          37.5             0.097565              0                     0
6     12     1.501          37.5             0.112575              0                     0
6     12     1.501          37.5             0.127585              0                     0
6     12     1.501          37.5             0.142595              0                     0
6     12     1.501          37.5             0.157605              0                     0
6     12     1.501          37.5             0.172615              0                     0
6     12     1.501          37.5             0.187625              0                     0
6     12     1.501          37.5             0.202635              0                     0
6     12     1.501          37.5             0.217645              0                     0
6     12     1.501          37.5             0.232655              0                     0
6     12     1.501          37.5             0.247665              0                     0
6     12     1.501          37.5             0.262675              0                     0
6     12     1.501          37.5             0.277685              0                     0
6     12     1.501          37.5             0.292695              0                     0
6     12     1.501          37.5             0.307705              0                     0
6     12     1.501          37.5             0.322715              0                     0
6     12     1.501          37.5             0.337725              0                     0
6     12     1.501          37.5             0.352735              0.32398                     0.32398
6     12     1.501          37.5             0.367745              0.32398                     0.32398
6     12     1.501          37.5             0.382755              1.29592                     0.64796
6     12     1.501          37.5             0.397765              3.56378                     1.07452
6     12     1.501          37.5             0.412775              8.0995                     1.6199
6     12     1.501          37.5             0.427785              13.6072                     2.09963
6     12     1.501          37.5             0.442795              19.7628                     2.53036
6     12     1.501          37.5             0.457805              25.5944                     2.8796
6     12     1.501          37.5             0.472815              35.9618                     3.41334
6     12     1.501          37.5             0.487825              47.949                     3.94138
6     12     1.501          37.5             0.502835              63.824                     4.54727
6     12     1.501          37.5             0.517845              81.3189                     5.13281
6     12     1.501          37.5             0.532855              98.8139                     5.65806
6     12     1.501          37.5             0.547865              111.125                     6.00019
6     12     1.501          37.5             0.562875              128.62                     6.45525
6     12     1.501          37.5             0.577885              150.975                     6.99376
6     12     1.501          37.5             0.592895              152.595                     7.03118
6     12     1.501          37.5             0.607905              176.893                     7.57032
6     12     1.501          37.5             0.622915              189.528                     7.83603
6     12     1.501          37.5             0.637925              198.276                     8.01482
6     12     1.501          37.5             0.652935              215.123                     8.34838
6     12     1.501          37.5             0.667945              225.49                     8.54718
6     12     1.501          37.5             0.682955              239.745                     8.8132
6     12     1.501          37.5             0.697965              259.508                     9.16926
6     12     1.501          37.5             0.712975              265.987                     9.28303
6     12     1.501          37.5             0.727985              275.707                     9.45111
6     12     1.501          37.5             0.742995              310.049                     10.0225
6     12     1.501          37.5             0.758005              314.908                     10.1007
6     12     1.501          37.5             0.773015              325.276                     10.2656
6     12     1.501          37.5             0.788025              337.263                     10.4531
6     12     1.501          37.5             0.803035              343.095                     10.543
6     12     1.501          37.5             0.818045              394.283                     11.3022
6     12     1.501          37.5             0.833055              391.368                     11.2603
6     12     1.501          37.5             0.848065              406.595                     11.4773
6     12     1.501          37.5             0.863075              418.582                     11.6453
6     12     1.501          37.5             0.878085              438.669                     11.9214
6     12     1.501          37.5             0.893095              449.684                     12.0702
6     12     1.501          37.5             0.908105              445.472                     12.0135
6     12     1.501          37.5             0.923115              463.615                     12.2557
6     12     1.501          37.5             0.938125              484.998                     12.5351
6     12     1.501          37.5             0.953135              512.536                     12.8861
6     12     1.501          37.5             0.968145              496.985                     12.6891
6     12     1.501          37.5             0.983155              508.972                     12.8412
6     12     1.501          37.5             0.998165              502.493                     12.7592
6     12     1.501          37.5             1.01317              506.704                     12.8126
6     12     1.501          37.5             1.02819              553.034                     13.3855
6     12     1.501          37.5             1.0432              542.666                     13.2594
6     12     1.501          37.5             1.05821              544.286                     13.2792
6     12     1.501          37.5             1.07322              587.699                     13.7987
6     12     1.501          37.5             1.08822              599.039                     13.9311
6     12     1.501          37.5             1.10323              587.699                     13.7987
6     12     1.501          37.5             1.11824              606.49                     14.0175
6     12     1.501          37.5             1.13326              637.268                     14.3688
6     12     1.501          37.5             1.14827              611.998                     14.081
6     12     1.501          37.5             1.16328              640.184                     14.4016
6     12     1.501          37.5             1.17829              248.493                     8.97255
6     12     1.501          37.5             1.19329              0                     0
6     12     1.501          37.5             1.2083              0                     0
6     12     1.501          37.5             1.22331              0                     0
6     12     1.501          37.5             1.23833              0                     0
6     12     1.501          37.5             1.25334              0                     0
6     12     1.501          37.5             1.26835              0                     0
6     12     1.501          37.5             1.28336              0                     0
6     12     1.501          37.5             1.29836              0                     0
6     12     1.501          37.5             1.31337              0                     0
6     12     1.501          37.5             1.32838              0                     0
6     12     1.501          37.5             1.3434              0                     0
6     12     1.501          37.5             1.35841              0                     0
6     12     1.501          37.5             1.37342              0                     0
6     12     1.501          37.5             1.38843              0                     0
6     12     1.501          37.5             1.40343              0                     0
6     12     1.501          37.5             1.41844              0                     0
6     12     1.501          37.5             1.43345              0                     0
6     12     1.501          37.5             1.44847              0                     0
6     12     1.501          37.5             1.46348              0                     0
6     12     1.501          37.5             1.47849              0                     0
*******************************************************************************************************
 Average mean_angle 1.98769e+06 +- 8626.56 deg 
 Average E' 30776.9 +- 133.572 GeV 
