*******************************************************************************************************
Z     A     E(GeV)     Theta(deg)     Energy Loss(GeV)     Sigma(nb/sr/GeV)     ERROR     Citation     
*******************************************************************************************************
6     12     1.159          37.5             0.009              0                     0
6     12     1.159          37.5             0.027              0                     0
6     12     1.159          37.5             0.045              0                     0
6     12     1.159          37.5             0.063              0                     0
6     12     1.159          37.5             0.081              0                     0
6     12     1.159          37.5             0.099              0                     0
6     12     1.159          37.5             0.117              0                     0
6     12     1.159          37.5             0.135              0                     0
6     12     1.159          37.5             0.153              0                     0
6     12     1.159          37.5             0.171              0                     0
6     12     1.159          37.5             0.189              0                     0
6     12     1.159          37.5             0.207              0                     0
6     12     1.159          37.5             0.225              0                     0
6     12     1.159          37.5             0.243              0                     0
6     12     1.159          37.5             0.261              0.0606748                     0.0303374
6     12     1.159          37.5             0.279              0.303374                     0.0678365
6     12     1.159          37.5             0.297              1.48653                     0.150162
6     12     1.159          37.5             0.315              5.00567                     0.275553
6     12     1.159          37.5             0.333              15.3356                     0.482307
6     12     1.159          37.5             0.351              37.2088                     0.751272
6     12     1.159          37.5             0.369              85.5515                     1.13917
6     12     1.159          37.5             0.387              175.547                     1.63182
6     12     1.159          37.5             0.405              329.221                     2.2347
6     12     1.159          37.5             0.423              531.39                     2.8391
6     12     1.159          37.5             0.441              783.448                     3.4473
6     12     1.159          37.5             0.459              1053.19                     3.99695
6     12     1.159          37.5             0.477              1324.41                     4.48214
6     12     1.159          37.5             0.495              1537.85                     4.82982
6     12     1.159          37.5             0.513              1703.25                     5.08292
6     12     1.159          37.5             0.531              1776.82                     5.19153
6     12     1.159          37.5             0.549              1765.01                     5.17426
6     12     1.159          37.5             0.567              1724.21                     5.1141
6     12     1.159          37.5             0.585              1623.76                     4.9629
6     12     1.159          37.5             0.603              1526.11                     4.81135
6     12     1.159          37.5             0.621              1416.42                     4.63522
6     12     1.159          37.5             0.639              1306.04                     4.45095
6     12     1.159          37.5             0.657              1208.85                     4.28214
6     12     1.159          37.5             0.675              1128.01                     4.13647
6     12     1.159          37.5             0.693              1074.32                     4.03684
6     12     1.159          37.5             0.711              1061.05                     4.01183
6     12     1.159          37.5             0.729              1068.18                     4.02528
6     12     1.159          37.5             0.747              1106.81                     4.09743
6     12     1.159          37.5             0.765              1162.68                     4.19957
6     12     1.159          37.5             0.783              1246.9                     4.349
6     12     1.159          37.5             0.801              1345.63                     4.51791
6     12     1.159          37.5             0.819              1430.29                     4.65785
6     12     1.159          37.5             0.837              1530.19                     4.81778
6     12     1.159          37.5             0.855              1611.63                     4.94432
6     12     1.159          37.5             0.873              1697.42                     5.07422
*******************************************************************************************************
 Average angle 1.04544e+08 +- 62576.8 deg 
 Average E' 1.30098e+06 +- 778.724 GeV 
