*******************************************************************************************************
Z     A     E(GeV)     Theta(deg)     Energy Loss(GeV)     Sigma(nb/sr/GeV)     ERROR     Citation     
*******************************************************************************************************
6     12     1.5          13.54             0.0075              0                     0
6     12     1.5          13.54             0.0225              0                     0
6     12     1.5          13.54             0.0375              0                     0
6     12     1.5          13.54             0.0525              0                     0
6     12     1.5          13.54             0.0675              0                     0
6     12     1.5          13.54             0.0825              0                     0
6     12     1.5          13.54             0.0975              0                     0
6     12     1.5          13.54             0.1125              0                     0
6     12     1.5          13.54             0.1275              0                     0
6     12     1.5          13.54             0.1425              0                     0
6     12     1.5          13.54             0.1575              0                     0
6     12     1.5          13.54             0.1725              5.36271                     1.69584
6     12     1.5          13.54             0.1875              31.1037                     4.08412
6     12     1.5          13.54             0.2025              116.371                     7.89976
6     12     1.5          13.54             0.2175              300.312                     12.6905
6     12     1.5          13.54             0.2325              711.631                     19.5353
6     12     1.5          13.54             0.2475              1395.38                     27.3551
6     12     1.5          13.54             0.2625              2592.33                     37.2853
6     12     1.5          13.54             0.2775              4738.49                     50.4095
6     12     1.5          13.54             0.2925              7966.3                     65.3613
6     12     1.5          13.54             0.3075              13018.5                     83.555
6     12     1.5          13.54             0.3225              19640.4                     102.628
6     12     1.5          13.54             0.3375              27525.7                     121.496
6     12     1.5          13.54             0.3525              34579.8                     136.177
6     12     1.5          13.54             0.3675              41130.9                     148.517
6     12     1.5          13.54             0.3825              45625.9                     156.422
6     12     1.5          13.54             0.3975              47266.4                     159.209
6     12     1.5          13.54             0.4125              47288.4                     159.246
6     12     1.5          13.54             0.4275              45876.9                     156.852
6     12     1.5          13.54             0.4425              43321.6                     152.421
6     12     1.5          13.54             0.4575              39857.8                     146.2
6     12     1.5          13.54             0.4725              36599.9                     140.098
6     12     1.5          13.54             0.4875              33230                     133.493
6     12     1.5          13.54             0.5025              30044.6                     126.933
6     12     1.5          13.54             0.5175              26914.4                     120.139
6     12     1.5          13.54             0.5325              24279.7                     114.107
6     12     1.5          13.54             0.5475              21932.4                     108.451
6     12     1.5          13.54             0.5625              19975                     103.499
6     12     1.5          13.54             0.5775              18454.7                     99.4822
6     12     1.5          13.54             0.5925              17025.5                     95.5526
6     12     1.5          13.54             0.6075              16112.8                     92.956
6     12     1.5          13.54             0.6225              15570.1                     91.3771
6     12     1.5          13.54             0.6375              15056.3                     89.857
6     12     1.5          13.54             0.6525              14975.4                     89.615
6     12     1.5          13.54             0.6675              15437.6                     90.9876
6     12     1.5          13.54             0.6825              15767.4                     91.9544
6     12     1.5          13.54             0.6975              16290.3                     93.4666
6     12     1.5          13.54             0.7125              17102.7                     95.769
6     12     1.5          13.54             0.7275              17658.9                     97.3136
6     12     1.5          13.54             0.7425              18358.7                     99.2231
6     12     1.5          13.54             0.7575              18875.7                     100.61
6     12     1.5          13.54             0.7725              19338.5                     101.836
6     12     1.5          13.54             0.7875              19677.9                     102.726
6     12     1.5          13.54             0.8025              19889.7                     103.278
6     12     1.5          13.54             0.8175              19884.9                     103.265
6     12     1.5          13.54             0.8325              19924.6                     103.368
6     12     1.5          13.54             0.8475              19714.4                     102.821
6     12     1.5          13.54             0.8625              19394.2                     101.983
6     12     1.5          13.54             0.8775              19010.8                     100.97
6     12     1.5          13.54             0.8925              18856.4                     100.559
6     12     1.5          13.54             0.9075              18582.3                     99.8256
6     12     1.5          13.54             0.9225              18297.6                     99.0578
6     12     1.5          13.54             0.9375              17773.1                     97.6278
6     12     1.5          13.54             0.9525              17306                     96.3364
6     12     1.5          13.54             0.9675              16927.9                     95.2783
6     12     1.5          13.54             0.9825              16228.6                     93.2895
6     12     1.5          13.54             0.9975              15732.6                     91.8527
6     12     1.5          13.54             1.0125              14907.3                     89.411
6     12     1.5          13.54             1.0275              14166.7                     87.1617
6     12     1.5          13.54             1.0425              13309.2                     84.4826
6     12     1.5          13.54             1.0575              12382                     81.4867
6     12     1.5          13.54             1.0725              11538.9                     78.6638
6     12     1.5          13.54             1.0875              10593                     75.3704
6     12     1.5          13.54             1.1025              9616.94                     71.8142
6     12     1.5          13.54             1.1175              8814.15                     68.7515
6     12     1.5          13.54             1.1325              7825.8                     64.7823
6     12     1.5          13.54             1.1475              6976.88                     61.1678
6     12     1.5          13.54             1.1625              6189.1                     57.6111
6     12     1.5          13.54             1.1775              5478.01                     54.2005
6     12     1.5          13.54             1.1925              4850.03                     50.9993
6     12     1.5          13.54             1.2075              3843.99                     45.4029
6     12     1.5          13.54             1.2225              3031.54                     40.3203
6     12     1.5          13.54             1.2375              2174.04                     34.1449
6     12     1.5          13.54             1.2525              1555.72                     28.884
6     12     1.5          13.54             1.2675              962.606                     22.7204
6     12     1.5          13.54             1.2825              541.633                     17.043
6     12     1.5          13.54             1.2975              169.462                     9.53296
6     12     1.5          13.54             1.3125              0.536271                     0.536271
6     12     1.5          13.54             1.3275              0                     0
6     12     1.5          13.54             1.3425              0                     0
6     12     1.5          13.54             1.3575              0                     0
6     12     1.5          13.54             1.3725              0                     0
6     12     1.5          13.54             1.3875              0                     0
6     12     1.5          13.54             1.4025              0                     0
6     12     1.5          13.54             1.4175              0                     0
6     12     1.5          13.54             1.4325              0                     0
6     12     1.5          13.54             1.4475              0                     0
6     12     1.5          13.54             1.4625              0                     0
6     12     1.5          13.54             1.4775              0                     0
*******************************************************************************************************
 Average angle 3.17896e+07 +- 20672.7 deg 
 Average E' 2.01463e+06 +- 1310.11 GeV 
