*******************************************************************************************************
Z     A     E(GeV)     Theta(deg)     Energy Loss(GeV)     Sigma(nb/sr/GeV)     ERROR     Citation     
*******************************************************************************************************
6     12     0.24          90             0.0012              0                     0
6     12     0.24          90             0.0036              0                     0
6     12     0.24          90             0.006              0.328629                     0.232376
6     12     0.24          90             0.0084              0.985886                     0.402486
6     12     0.24          90             0.0108              3.4506                     0.752983
6     12     0.24          90             0.0132              4.6008                     0.86947
6     12     0.24          90             0.0156              6.24395                     1.0129
6     12     0.24          90             0.018              11.9949                     1.4039
6     12     0.24          90             0.0204              21.8538                     1.89497
6     12     0.24          90             0.0228              27.6048                     2.12976
6     12     0.24          90             0.0252              36.3135                     2.44271
6     12     0.24          90             0.0276              56.5241                     3.04758
6     12     0.24          90             0.03              59.4818                     3.12629
6     12     0.24          90             0.0324              79.5281                     3.61492
6     12     0.24          90             0.0348              96.2882                     3.97763
6     12     0.24          90             0.0372              109.598                     4.24364
6     12     0.24          90             0.0396              130.794                     4.63588
6     12     0.24          90             0.042              145.09                     4.88265
6     12     0.24          90             0.0444              170.558                     5.29388
6     12     0.24          90             0.0468              192.741                     5.62762
6     12     0.24          90             0.0492              218.867                     5.99691
6     12     0.24          90             0.0516              220.674                     6.02162
6     12     0.24          90             0.054              242.692                     6.31489
6     12     0.24          90             0.0564              272.762                     6.69468
6     12     0.24          90             0.0588              291.658                     6.92269
6     12     0.24          90             0.0612              303.324                     7.05978
6     12     0.24          90             0.0636              331.422                     7.37953
6     12     0.24          90             0.066              355.905                     7.64724
6     12     0.24          90             0.0684              371.022                     7.80796
6     12     0.24          90             0.0708              409.964                     8.2075
6     12     0.24          90             0.0732              427.382                     8.38003
6     12     0.24          90             0.0756              441.677                     8.51903
6     12     0.24          90             0.078              460.573                     8.69935
6     12     0.24          90             0.0804              476.347                     8.84707
6     12     0.24          90             0.0828              476.676                     8.85012
6     12     0.24          90             0.0852              512.825                     9.17957
6     12     0.24          90             0.0876              540.43                     9.4234
6     12     0.24          90             0.09              544.702                     9.46057
6     12     0.24          90             0.0924              554.561                     9.5458
6     12     0.24          90             0.0948              575.265                     9.72236
6     12     0.24          90             0.0972              582.659                     9.78464
6     12     0.24          90             0.0996              627.024                     10.1503
6     12     0.24          90             0.102              610.921                     10.0191
6     12     0.24          90             0.1044              636.389                     10.2258
6     12     0.24          90             0.1068              660.544                     10.4181
6     12     0.24          90             0.1092              666.459                     10.4646
6     12     0.24          90             0.1116              678.618                     10.5597
6     12     0.24          90             0.114              699.979                     10.7246
6     12     0.24          90             0.1164              738.264                     11.014
6     12     0.24          90             0.1188              740.729                     11.0323
6     12     0.24          90             0.1212              736.95                     11.0042
6     12     0.24          90             0.1236              751.738                     11.114
6     12     0.24          90             0.126              780.329                     11.3234
6     12     0.24          90             0.1284              779.672                     11.3186
6     12     0.24          90             0.1308              801.197                     11.4738
6     12     0.24          90             0.1332              833.731                     11.7044
6     12     0.24          90             0.1356              845.89                     11.7895
6     12     0.24          90             0.138              839.482                     11.7447
6     12     0.24          90             0.1404              859.035                     11.8807
6     12     0.24          90             0.1428              873.331                     11.9792
6     12     0.24          90             0.1452              882.861                     12.0444
6     12     0.24          90             0.1476              895.842                     12.1326
6     12     0.24          90             0.15              906.687                     12.2058
6     12     0.24          90             0.1524              925.583                     12.3323
6     12     0.24          90             0.1548              952.53                     12.5106
6     12     0.24          90             0.1572              948.587                     12.4846
6     12     0.24          90             0.1596              981.614                     12.7001
6     12     0.24          90             0.162              995.745                     12.7912
6     12     0.24          90             0.1644              1002.15                     12.8323
6     12     0.24          90             0.1668              1017.27                     12.9287
6     12     0.24          90             0.1692              1025.65                     12.9819
6     12     0.24          90             0.1716              1051.45                     13.1441
6     12     0.24          90             0.174              1071.66                     13.2698
6     12     0.24          90             0.1764              1098.93                     13.4377
6     12     0.24          90             0.1788              1102.38                     13.4587
6     12     0.24          90             0.1812              1102.38                     13.4587
6     12     0.24          90             0.1836              1114.54                     13.5328
6     12     0.24          90             0.186              1140.01                     13.6865
6     12     0.24          90             0.1884              1170.25                     13.8668
6     12     0.24          90             0.1908              1152.99                     13.7642
6     12     0.24          90             0.1932              1206.56                     14.0803
6     12     0.24          90             0.1956              1175.83                     13.8999
6     12     0.24          90             0.198              768.17                     11.2348
6     12     0.24          90             0.2004              4.6008                     0.86947
6     12     0.24          90             0.2028              0                     0
6     12     0.24          90             0.2052              0                     0
6     12     0.24          90             0.2076              0                     0
6     12     0.24          90             0.21              0                     0
6     12     0.24          90             0.2124              0                     0
6     12     0.24          90             0.2148              0                     0
6     12     0.24          90             0.2172              0                     0
6     12     0.24          90             0.2196              0                     0
6     12     0.24          90             0.222              0                     0
6     12     0.24          90             0.2244              0                     0
6     12     0.24          90             0.2268              0                     0
6     12     0.24          90             0.2292              0                     0
6     12     0.24          90             0.2316              0                     0
6     12     0.24          90             0.234              0                     0
6     12     0.24          90             0.2364              0                     0
*******************************************************************************************************
 Average mean_angle 2.60786e+07 +- 48442.6 deg 
 Average E' 29770.5 +- 55.3005 GeV 
