*******************************************************************************************************
Z     A     E(GeV)     Theta(deg)     Energy Loss(GeV)     Sigma(nb/sr/GeV)     ERROR     Citation     
*******************************************************************************************************
6     12     1.93          16             0.00965              0                     0
6     12     1.93          16             0.02895              0                     0
6     12     1.93          16             0.04825              0                     0
6     12     1.93          16             0.06755              0                     0
6     12     1.93          16             0.08685              0                     0
6     12     1.93          16             0.10615              0                     0
6     12     1.93          16             0.12545              0                     0
6     12     1.93          16             0.14475              0                     0
6     12     1.93          16             0.16405              0                     0
6     12     1.93          16             0.18335              0                     0
6     12     1.93          16             0.20265              1.35026                     1.35026
6     12     1.93          16             0.22195              4.05079                     2.33872
6     12     1.93          16             0.24125              16.2032                     4.67745
6     12     1.93          16             0.26055              63.4624                     9.25694
6     12     1.93          16             0.27985              207.94                     16.7563
6     12     1.93          16             0.29915              500.948                     26.0079
6     12     1.93          16             0.31845              1151.77                     39.436
6     12     1.93          16             0.33775              2294.1                     55.6564
6     12     1.93          16             0.35705              4045.39                     73.9076
6     12     1.93          16             0.37635              6471.81                     93.4807
6     12     1.93          16             0.39565              9420.78                     112.785
6     12     1.93          16             0.41495              11890.4                     126.709
6     12     1.93          16             0.43425              14280.4                     138.861
6     12     1.93          16             0.45355              15800.8                     146.066
6     12     1.93          16             0.47285              16277.4                     148.252
6     12     1.93          16             0.49215              16100.5                     147.445
6     12     1.93          16             0.51145              15706.3                     145.628
6     12     1.93          16             0.53075              14439.7                     139.633
6     12     1.93          16             0.55005              13369                     134.356
6     12     1.93          16             0.56935              11831                     126.392
6     12     1.93          16             0.58865              10885.8                     121.238
6     12     1.93          16             0.60795              9866.37                     115.422
6     12     1.93          16             0.62725              8941.44                     109.879
6     12     1.93          16             0.64655              8065.12                     104.355
6     12     1.93          16             0.66585              7664.09                     101.728
6     12     1.93          16             0.68515              7608.73                     101.36
6     12     1.93          16             0.70445              7454.8                     100.329
6     12     1.93          16             0.72375              7453.45                     100.32
6     12     1.93          16             0.74305              7688.4                     101.889
6     12     1.93          16             0.76235              8088.08                     104.504
6     12     1.93          16             0.78165              8471.55                     106.952
6     12     1.93          16             0.80095              8849.62                     109.313
6     12     1.93          16             0.82025              9008.95                     110.293
6     12     1.93          16             0.83955              9405.93                     112.696
6     12     1.93          16             0.85885              9898.78                     115.611
6     12     1.93          16             0.87815              9828.56                     115.2
6     12     1.93          16             0.89745              9908.23                     115.666
6     12     1.93          16             0.91675              9878.52                     115.493
6     12     1.93          16             0.93605              9935.24                     115.824
6     12     1.93          16             0.95535              9661.13                     114.215
6     12     1.93          16             0.97465              9628.73                     114.023
6     12     1.93          16             0.99395              9366.77                     112.462
6     12     1.93          16             1.01325              9058.91                     110.598
6     12     1.93          16             1.03255              8533.66                     107.344
6     12     1.93          16             1.05185              8341.92                     106.131
6     12     1.93          16             1.07115              7793.72                     102.584
6     12     1.93          16             1.09045              7252.26                     98.9569
6     12     1.93          16             1.10975              6679.75                     94.9706
6     12     1.93          16             1.12905              6018.12                     90.1446
6     12     1.93          16             1.14835              5341.64                     84.9271
6     12     1.93          16             1.16765              4729.97                     79.9169
6     12     1.93          16             1.18695              4038.64                     73.8459
6     12     1.93          16             1.20625              3536.34                     69.1013
6     12     1.93          16             1.22555              3040.79                     64.0771
6     12     1.93          16             1.24485              2650.57                     59.8244
6     12     1.93          16             1.26415              2140.17                     53.7567
6     12     1.93          16             1.28345              1820.15                     49.5751
6     12     1.93          16             1.30275              1551.45                     45.7697
6     12     1.93          16             1.32205              1389.42                     43.3138
6     12     1.93          16             1.34135              1104.52                     38.6185
6     12     1.93          16             1.36065              870.92                     34.2924
6     12     1.93          16             1.37995              633.273                     29.2418
6     12     1.93          16             1.39925              567.11                     27.6722
6     12     1.93          16             1.41855              405.079                     23.3872
6     12     1.93          16             1.43785              328.114                     21.0485
6     12     1.93          16             1.45715              226.844                     17.5014
6     12     1.93          16             1.47645              178.235                     15.5133
6     12     1.93          16             1.49575              106.671                     12.0014
6     12     1.93          16             1.51505              95.8687                     11.3775
6     12     1.93          16             1.53435              60.7618                     9.05784
6     12     1.93          16             1.55365              41.8582                     7.51795
6     12     1.93          16             1.57295              20.2539                     5.22955
6     12     1.93          16             1.59225              9.45184                     3.57246
6     12     1.93          16             1.61155              4.05079                     2.33872
6     12     1.93          16             1.63085              1.35026                     1.35026
6     12     1.93          16             1.65015              1.35026                     1.35026
6     12     1.93          16             1.66945              0                     0
6     12     1.93          16             1.68875              0                     0
6     12     1.93          16             1.70805              0                     0
6     12     1.93          16             1.72735              0                     0
6     12     1.93          16             1.74665              0                     0
6     12     1.93          16             1.76595              0                     0
6     12     1.93          16             1.78525              0                     0
6     12     1.93          16             1.80455              0                     0
6     12     1.93          16             1.82385              0                     0
6     12     1.93          16             1.84315              0                     0
6     12     1.93          16             1.86245              0                     0
6     12     1.93          16             1.88175              0                     0
6     12     1.93          16             1.90105              0                     0
*******************************************************************************************************
 Average angle 5.17424e+06 +- 9064.15 deg 
 Average E' 384208 +- 673.049 GeV 
