*******************************************************************************************************
Z     A     E(GeV)     Theta(deg)     Energy Loss(GeV)     Sigma(nb/sr/GeV)     ERROR     Citation     
*******************************************************************************************************
6     12     0.36          90             0.0018              0                     0
6     12     0.36          90             0.0054              0                     0
6     12     0.36          90             0.009              0                     0
6     12     0.36          90             0.0126              0                     0
6     12     0.36          90             0.0162              0                     0
6     12     0.36          90             0.0198              0                     0
6     12     0.36          90             0.0234              0                     0
6     12     0.36          90             0.027              0                     0
6     12     0.36          90             0.0306              0                     0
6     12     0.36          90             0.0342              0                     0
6     12     0.36          90             0.0378              0                     0
6     12     0.36          90             0.0414              0                     0
6     12     0.36          90             0.045              0                     0
6     12     0.36          90             0.0486              0                     0
6     12     0.36          90             0.0522              0                     0
6     12     0.36          90             0.0558              0                     0
6     12     0.36          90             0.0594              0                     0
6     12     0.36          90             0.063              0                     0
6     12     0.36          90             0.0666              0                     0
6     12     0.36          90             0.0702              0                     0
6     12     0.36          90             0.0738              0                     0
6     12     0.36          90             0.0774              0                     0
6     12     0.36          90             0.081              0                     0
6     12     0.36          90             0.0846              0                     0
6     12     0.36          90             0.0882              0                     0
6     12     0.36          90             0.0918              0                     0
6     12     0.36          90             0.0954              0                     0
6     12     0.36          90             0.099              0                     0
6     12     0.36          90             0.1026              0                     0
6     12     0.36          90             0.1062              0                     0
6     12     0.36          90             0.1098              0                     0
6     12     0.36          90             0.1134              0                     0
6     12     0.36          90             0.117              0                     0
6     12     0.36          90             0.1206              0                     0
6     12     0.36          90             0.1242              0                     0
6     12     0.36          90             0.1278              0                     0
6     12     0.36          90             0.1314              0                     0
6     12     0.36          90             0.135              0                     0
6     12     0.36          90             0.1386              0                     0
6     12     0.36          90             0.1422              0                     0
6     12     0.36          90             0.1458              0                     0
6     12     0.36          90             0.1494              0                     0
6     12     0.36          90             0.153              0                     0
6     12     0.36          90             0.1566              0                     0
6     12     0.36          90             0.1602              0                     0
6     12     0.36          90             0.1638              0                     0
6     12     0.36          90             0.1674              0                     0
6     12     0.36          90             0.171              0                     0
6     12     0.36          90             0.1746              0                     0
6     12     0.36          90             0.1782              0                     0
6     12     0.36          90             0.1818              0                     0
6     12     0.36          90             0.1854              0                     0
6     12     0.36          90             0.189              0                     0
6     12     0.36          90             0.1926              0.148458                     0.148458
6     12     0.36          90             0.1962              0.296916                     0.209951
6     12     0.36          90             0.1998              0.445374                     0.257137
6     12     0.36          90             0.2034              0.445374                     0.257137
6     12     0.36          90             0.207              1.33612                     0.445374
6     12     0.36          90             0.2106              2.8207                     0.647113
6     12     0.36          90             0.2142              3.41453                     0.71198
6     12     0.36          90             0.2178              4.45374                     0.813138
6     12     0.36          90             0.2214              6.08678                     0.950595
6     12     0.36          90             0.225              9.05594                     1.15949
6     12     0.36          90             0.2286              9.05594                     1.15949
6     12     0.36          90             0.2322              14.5489                     1.46966
6     12     0.36          90             0.2358              22.7141                     1.83632
6     12     0.36          90             0.2394              27.3163                     2.01378
6     12     0.36          90             0.243              32.2154                     2.18692
6     12     0.36          90             0.2466              45.7251                     2.60543
6     12     0.36          90             0.2502              59.2347                     2.96545
6     12     0.36          90             0.2538              71.4083                     3.25594
6     12     0.36          90             0.2574              92.9347                     3.71442
6     12     0.36          90             0.261              108.374                     4.01111
6     12     0.36          90             0.2646              133.167                     4.44631
6     12     0.36          90             0.2682              165.828                     4.9617
6     12     0.36          90             0.2718              208.732                     5.56668
6     12     0.36          90             0.2754              262.028                     6.237
6     12     0.36          90             0.279              305.378                     6.73319
6     12     0.36          90             0.2826              372.778                     7.43921
6     12     0.36          90             0.2862              453.539                     8.20558
6     12     0.36          90             0.2898              532.667                     8.89262
6     12     0.36          90             0.2934              654.254                     9.85542
6     12     0.36          90             0.297              786.827                     10.8079
6     12     0.36          90             0.3006              903.07                     11.5788
6     12     0.36          90             0.3042              1075.73                     12.6373
6     12     0.36          90             0.3078              1289.51                     13.8361
6     12     0.36          90             0.3114              1475.67                     14.8012
6     12     0.36          90             0.315              1738.74                     16.0664
6     12     0.36          90             0.3186              1960.98                     17.0623
6     12     0.36          90             0.3222              2292.64                     18.4489
6     12     0.36          90             0.3258              2618.95                     19.7181
6     12     0.36          90             0.3294              2950.6                     20.9294
6     12     0.36          90             0.333              915.244                     11.6566
6     12     0.36          90             0.3366              0                     0
6     12     0.36          90             0.3402              0                     0
6     12     0.36          90             0.3438              0                     0
6     12     0.36          90             0.3474              0                     0
6     12     0.36          90             0.351              0                     0
6     12     0.36          90             0.3546              0                     0
*******************************************************************************************************
 Average angle 1.30987e+07 +- 34333.6 deg 
 Average E' 7046.25 +- 18.4692 GeV 
