*******************************************************************************************************
Z     A     E(GeV)     Theta(deg)     Energy Loss(GeV)     Sigma(nb/sr/GeV)     ERROR     Citation     
*******************************************************************************************************
6     12     1.93          16             0.00965              0                     0
6     12     1.93          16             0.02895              0                     0
6     12     1.93          16             0.04825              0                     0
6     12     1.93          16             0.06755              0                     0
6     12     1.93          16             0.08685              0                     0
6     12     1.93          16             0.10615              0                     0
6     12     1.93          16             0.12545              0                     0
6     12     1.93          16             0.14475              0                     0
6     12     1.93          16             0.16405              0                     0
6     12     1.93          16             0.18335              0                     0
6     12     1.93          16             0.20265              18.9037                     5.05222
6     12     1.93          16             0.22195              85.0666                     10.7174
6     12     1.93          16             0.24125              315.962                     20.6551
6     12     1.93          16             0.26055              675.131                     30.1928
6     12     1.93          16             0.27985              1111.27                     38.7363
6     12     1.93          16             0.29915              1736.44                     48.4216
6     12     1.93          16             0.31845              2194.18                     54.4308
6     12     1.93          16             0.33775              2584.4                     59.073
6     12     1.93          16             0.35705              3077.25                     64.46
6     12     1.93          16             0.37635              3379.71                     67.5536
6     12     1.93          16             0.39565              3636.26                     70.0707
6     12     1.93          16             0.41495              3775.34                     71.3981
6     12     1.93          16             0.43425              3846.9                     72.0717
6     12     1.93          16             0.45355              4077.79                     74.2031
6     12     1.93          16             0.47285              4154.76                     74.9001
6     12     1.93          16             0.49215              4179.06                     75.1188
6     12     1.93          16             0.51145              4231.72                     75.5906
6     12     1.93          16             0.53075              4319.49                     76.3705
6     12     1.93          16             0.55005              4523.38                     78.1521
6     12     1.93          16             0.56935              4546.34                     78.3502
6     12     1.93          16             0.58865              4725.92                     79.8826
6     12     1.93          16             0.60795              4729.97                     79.9169
6     12     1.93          16             0.62725              4731.32                     79.9283
6     12     1.93          16             0.64655              4786.68                     80.3945
6     12     1.93          16             0.66585              4751.58                     80.0992
6     12     1.93          16             0.68515              5079.69                     82.8186
6     12     1.93          16             0.70445              5040.53                     82.4987
6     12     1.93          16             0.72375              5056.73                     82.6312
6     12     1.93          16             0.74305              4846.09                     80.8919
6     12     1.93          16             0.76235              5105.34                     83.0275
6     12     1.93          16             0.78165              4928.46                     81.5764
6     12     1.93          16             0.80095              5068.89                     82.7305
6     12     1.93          16             0.82025              5189.06                     83.7054
6     12     1.93          16             0.83955              4952.76                     81.7773
6     12     1.93          16             0.85885              5054.03                     82.6092
6     12     1.93          16             0.87815              5179.61                     83.6291
6     12     1.93          16             0.89745              5054.03                     82.6092
6     12     1.93          16             0.91675              5086.44                     82.8736
6     12     1.93          16             0.93605              5027.03                     82.3882
6     12     1.93          16             0.95535              4982.47                     82.0222
6     12     1.93          16             0.97465              5105.34                     83.0275
6     12     1.93          16             0.99395              5070.24                     82.7415
6     12     1.93          16             1.01325              5037.83                     82.4766
6     12     1.93          16             1.03255              5129.65                     83.2248
6     12     1.93          16             1.05185              5257.92                     84.259
6     12     1.93          16             1.07115              5212.02                     83.8904
6     12     1.93          16             1.09045              5171.51                     83.5637
6     12     1.93          16             1.10975              5256.57                     84.2482
6     12     1.93          16             1.12905              3498.53                     68.7309
6     12     1.93          16             1.14835              157.981                     14.6053
6     12     1.93          16             1.16765              0                     0
6     12     1.93          16             1.18695              0                     0
6     12     1.93          16             1.20625              0                     0
6     12     1.93          16             1.22555              0                     0
6     12     1.93          16             1.24485              0                     0
6     12     1.93          16             1.26415              0                     0
6     12     1.93          16             1.28345              0                     0
6     12     1.93          16             1.30275              0                     0
6     12     1.93          16             1.32205              0                     0
6     12     1.93          16             1.34135              0                     0
6     12     1.93          16             1.36065              0                     0
6     12     1.93          16             1.37995              0                     0
6     12     1.93          16             1.39925              0                     0
6     12     1.93          16             1.41855              0                     0
6     12     1.93          16             1.43785              0                     0
6     12     1.93          16             1.45715              0                     0
6     12     1.93          16             1.47645              0                     0
6     12     1.93          16             1.49575              0                     0
6     12     1.93          16             1.51505              0                     0
6     12     1.93          16             1.53435              0                     0
6     12     1.93          16             1.55365              0                     0
6     12     1.93          16             1.57295              0                     0
6     12     1.93          16             1.59225              0                     0
6     12     1.93          16             1.61155              0                     0
6     12     1.93          16             1.63085              0                     0
6     12     1.93          16             1.65015              0                     0
6     12     1.93          16             1.66945              0                     0
6     12     1.93          16             1.68875              0                     0
6     12     1.93          16             1.70805              0                     0
6     12     1.93          16             1.72735              0                     0
6     12     1.93          16             1.74665              0                     0
6     12     1.93          16             1.76595              0                     0
6     12     1.93          16             1.78525              0                     0
6     12     1.93          16             1.80455              0                     0
6     12     1.93          16             1.82385              0                     0
6     12     1.93          16             1.84315              0                     0
6     12     1.93          16             1.86245              0                     0
6     12     1.93          16             1.88175              0                     0
6     12     1.93          16             1.90105              0                     0
*******************************************************************************************************
 Average mean_angle 2.36295e+06 +- 6128.33 deg 
 Average E' 176427 +- 457.565 GeV 
