*******************************************************************************************************
Z     A     E(GeV)     Theta(deg)     Energy Loss(GeV)     Sigma(nb/sr/GeV)     ERROR     Citation     
*******************************************************************************************************
6     12     2.095          59.98             1.007              3.31378                     0.855614
6     12     2.095          59.98             1.021              1.76735                     0.624852
6     12     2.095          59.98             1.035              2.65102                     0.765284
6     12     2.095          59.98             1.049              4.19745                     0.962961
6     12     2.095          59.98             1.063              4.41837                     0.987978
6     12     2.095          59.98             1.077              5.30204                     1.08228
6     12     2.095          59.98             1.091              6.62756                     1.21002
6     12     2.095          59.98             1.105              4.63929                     1.01238
6     12     2.095          59.98             1.119              7.06939                     1.2497
6     12     2.095          59.98             1.133              6.18572                     1.16899
6     12     2.095          59.98             1.147              6.18572                     1.16899
6     12     2.095          59.98             1.161              8.17398                     1.34379
6     12     2.095          59.98             1.175              4.63929                     1.01238
6     12     2.095          59.98             1.189              4.63929                     1.01238
6     12     2.095          59.98             1.203              4.41837                     0.987978
6     12     2.095          59.98             1.217              4.41837                     0.987978
6     12     2.095          59.98             1.231              6.40664                     1.18968
6     12     2.095          59.98             1.245              5.74388                     1.12647
6     12     2.095          59.98             1.259              5.74388                     1.12647
6     12     2.095          59.98             1.273              5.52296                     1.10459
6     12     2.095          59.98             1.287              2.87194                     0.796533
6     12     2.095          59.98             1.301              3.09286                     0.826601
6     12     2.095          59.98             1.315              3.97653                     0.937278
6     12     2.095          59.98             1.329              2.65102                     0.765284
6     12     2.095          59.98             1.343              3.97653                     0.937278
6     12     2.095          59.98             1.357              3.09286                     0.826601
6     12     2.095          59.98             1.371              1.54643                     0.584495
6     12     2.095          59.98             1.385              1.76735                     0.624852
6     12     2.095          59.98             1.399              2.4301                     0.732704
6     12     2.095          59.98             1.413              1.54643                     0.584495
6     12     2.095          59.98             1.427              1.32551                     0.541138
6     12     2.095          59.98             1.441              0.441837                     0.312426
6     12     2.095          59.98             1.455              1.32551                     0.541138
6     12     2.095          59.98             1.469              1.10459                     0.493989
6     12     2.095          59.98             1.483              0.883674                     0.441837
6     12     2.095          59.98             1.497              0.662756                     0.382642
6     12     2.095          59.98             1.511              0.662756                     0.382642
6     12     2.095          59.98             1.525              0.883674                     0.441837
6     12     2.095          59.98             1.539              0.662756                     0.382642
6     12     2.095          59.98             1.553              0.220919                     0.220919
6     12     2.095          59.98             1.567              0.220919                     0.220919
6     12     2.095          59.98             1.581              0.220919                     0.220919
6     12     2.095          59.98             1.595              0.441837                     0.312426
6     12     2.095          59.98             1.609              0                     0
6     12     2.095          59.98             1.623              0                     0
6     12     2.095          59.98             1.637              0.220919                     0.220919
6     12     2.095          59.98             1.651              0.220919                     0.220919
6     12     2.095          59.98             1.665              0.441837                     0.312426
6     12     2.095          59.98             1.679              0                     0
*******************************************************************************************************
 Average mean_angle 40285.1 +- 1554.03 deg 
 Average E' 599.055 +- 23.109 GeV 
