*******************************************************************************************************
Z     A     E(GeV)     Theta(deg)     Energy Loss(GeV)     Sigma(nb/sr/GeV)     ERROR     Citation     
*******************************************************************************************************
6     12     1.501          37.5             0.007505              0                     0
6     12     1.501          37.5             0.022515              0                     0
6     12     1.501          37.5             0.037525              0                     0
6     12     1.501          37.5             0.052535              0                     0
6     12     1.501          37.5             0.067545              0                     0
6     12     1.501          37.5             0.082555              0                     0
6     12     1.501          37.5             0.097565              0                     0
6     12     1.501          37.5             0.112575              0                     0
6     12     1.501          37.5             0.127585              0                     0
6     12     1.501          37.5             0.142595              0                     0
6     12     1.501          37.5             0.157605              0                     0
6     12     1.501          37.5             0.172615              0                     0
6     12     1.501          37.5             0.187625              0                     0
6     12     1.501          37.5             0.202635              0                     0
6     12     1.501          37.5             0.217645              0                     0
6     12     1.501          37.5             0.232655              0                     0
6     12     1.501          37.5             0.247665              0                     0
6     12     1.501          37.5             0.262675              0                     0
6     12     1.501          37.5             0.277685              0                     0
6     12     1.501          37.5             0.292695              0                     0
6     12     1.501          37.5             0.307705              0                     0
6     12     1.501          37.5             0.322715              0                     0
6     12     1.501          37.5             0.337725              0                     0
6     12     1.501          37.5             0.352735              0                     0
6     12     1.501          37.5             0.367745              0                     0
6     12     1.501          37.5             0.382755              0.32398                     0.32398
6     12     1.501          37.5             0.397765              0.32398                     0.32398
6     12     1.501          37.5             0.412775              2.26786                     0.85717
6     12     1.501          37.5             0.427785              5.18368                     1.29592
6     12     1.501          37.5             0.442795              9.39542                     1.74468
6     12     1.501          37.5             0.457805              23.6505                     2.76808
6     12     1.501          37.5             0.472815              38.8776                     3.54902
6     12     1.501          37.5             0.487825              52.8087                     4.1363
6     12     1.501          37.5             0.502835              92.3343                     5.46941
6     12     1.501          37.5             0.517845              130.888                     6.51191
6     12     1.501          37.5             0.532855              183.697                     7.71453
6     12     1.501          37.5             0.547865              251.732                     9.03085
6     12     1.501          37.5             0.562875              324.628                     10.2554
6     12     1.501          37.5             0.577885              427.977                     11.7752
6     12     1.501          37.5             0.592895              477.546                     12.4385
6     12     1.501          37.5             0.607905              523.875                     13.0279
6     12     1.501          37.5             0.622915              601.631                     13.9612
6     12     1.501          37.5             0.637925              645.692                     14.4634
6     12     1.501          37.5             0.652935              651.199                     14.525
6     12     1.501          37.5             0.667945              677.118                     14.8112
6     12     1.501          37.5             0.682955              665.131                     14.6795
6     12     1.501          37.5             0.697965              643.424                     14.438
6     12     1.501          37.5             0.712975              605.194                     14.0025
6     12     1.501          37.5             0.727985              649.256                     14.5033
6     12     1.501          37.5             0.742995              631.113                     14.2992
6     12     1.501          37.5             0.758005              569.233                     13.5801
6     12     1.501          37.5             0.773015              573.768                     13.6341
6     12     1.501          37.5             0.788025              574.416                     13.6418
6     12     1.501          37.5             0.803035              549.794                     13.3462
6     12     1.501          37.5             0.818045              568.585                     13.5724
6     12     1.501          37.5             0.833055              519.34                     12.9713
6     12     1.501          37.5             0.848065              571.5                     13.6072
6     12     1.501          37.5             0.863075              596.447                     13.901
6     12     1.501          37.5             0.878085              591.263                     13.8404
6     12     1.501          37.5             0.893095              632.733                     14.3176
6     12     1.501          37.5             0.908105              633.057                     14.3212
6     12     1.501          37.5             0.923115              708.544                     15.151
6     12     1.501          37.5             0.938125              716.319                     15.2339
6     12     1.501          37.5             0.953135              773.664                     15.832
6     12     1.501          37.5             0.968145              777.228                     15.8684
6     12     1.501          37.5             0.983155              810.274                     16.2022
6     12     1.501          37.5             0.998165              839.756                     16.4944
6     12     1.501          37.5             1.01317              833.924                     16.437
6     12     1.501          37.5             1.02819              901.312                     17.0882
6     12     1.501          37.5             1.0432              888.353                     16.9649
6     12     1.501          37.5             1.05821              884.789                     16.9309
6     12     1.501          37.5             1.07322              889.001                     16.9711
6     12     1.501          37.5             1.08822              897.748                     17.0544
6     12     1.501          37.5             1.10323              888.353                     16.9649
6     12     1.501          37.5             1.11824              858.871                     16.681
6     12     1.501          37.5             1.13326              829.064                     16.389
6     12     1.501          37.5             1.14827              769.452                     15.7888
6     12     1.501          37.5             1.16328              723.123                     15.3061
6     12     1.501          37.5             1.17829              708.22                     15.1476
6     12     1.501          37.5             1.19329              657.679                     14.5971
6     12     1.501          37.5             1.2083              588.347                     13.8063
6     12     1.501          37.5             1.22331              531.003                     13.1162
6     12     1.501          37.5             1.23833              462.643                     12.2428
6     12     1.501          37.5             1.25334              431.541                     11.8242
6     12     1.501          37.5             1.26835              364.477                     10.8666
6     12     1.501          37.5             1.28336              327.22                     10.2962
6     12     1.501          37.5             1.29836              282.834                     9.57249
6     12     1.501          37.5             1.31337              239.421                     8.80725
6     12     1.501          37.5             1.32838              210.587                     8.2599
6     12     1.501          37.5             1.3434              168.793                     7.39498
6     12     1.501          37.5             1.35841              149.679                     6.96368
6     12     1.501          37.5             1.37342              126.352                     6.39809
6     12     1.501          37.5             1.38843              118.901                     6.20656
6     12     1.501          37.5             1.40343              87.7985                     5.33338
6     12     1.501          37.5             1.41844              74.5154                     4.9134
6     12     1.501          37.5             1.43345              59.9363                     4.4066
6     12     1.501          37.5             1.44847              42.4414                     3.70812
6     12     1.501          37.5             1.46348              30.7781                     3.15776
6     12     1.501          37.5             1.47849              0                     0
*******************************************************************************************************
 Average angle 3.96868e+06 +- 12188.6 deg 
 Average E' 58947 +- 181.037 GeV 
