*******************************************************************************************************
Z     A     E(GeV)     Theta(deg)     Energy Loss(GeV)     Sigma(nb/sr/GeV)     ERROR     Citation     
*******************************************************************************************************
6     12     2.095          59.98             1.007              0                     0
6     12     2.095          59.98             1.021              0                     0
6     12     2.095          59.98             1.035              0                     0
6     12     2.095          59.98             1.049              0                     0
6     12     2.095          59.98             1.063              0                     0
6     12     2.095          59.98             1.077              0                     0
6     12     2.095          59.98             1.091              0                     0
6     12     2.095          59.98             1.105              0                     0
6     12     2.095          59.98             1.119              0                     0
6     12     2.095          59.98             1.133              0                     0
6     12     2.095          59.98             1.147              0                     0
6     12     2.095          59.98             1.161              0                     0
6     12     2.095          59.98             1.175              0                     0
6     12     2.095          59.98             1.189              0                     0
6     12     2.095          59.98             1.203              0                     0
6     12     2.095          59.98             1.217              0                     0
6     12     2.095          59.98             1.231              0                     0
6     12     2.095          59.98             1.245              0                     0
6     12     2.095          59.98             1.259              0                     0
6     12     2.095          59.98             1.273              0                     0
6     12     2.095          59.98             1.287              0                     0
6     12     2.095          59.98             1.301              0                     0
6     12     2.095          59.98             1.315              0                     0
6     12     2.095          59.98             1.329              0                     0
6     12     2.095          59.98             1.343              0                     0
6     12     2.095          59.98             1.357              0                     0
6     12     2.095          59.98             1.371              0                     0
6     12     2.095          59.98             1.385              0                     0
6     12     2.095          59.98             1.399              0                     0
6     12     2.095          59.98             1.413              0                     0
6     12     2.095          59.98             1.427              0                     0
6     12     2.095          59.98             1.441              0                     0
6     12     2.095          59.98             1.455              0                     0
6     12     2.095          59.98             1.469              0                     0
6     12     2.095          59.98             1.483              0                     0
6     12     2.095          59.98             1.497              0                     0
6     12     2.095          59.98             1.511              0                     0
6     12     2.095          59.98             1.525              0                     0
6     12     2.095          59.98             1.539              0                     0
6     12     2.095          59.98             1.553              0                     0
6     12     2.095          59.98             1.567              0                     0
6     12     2.095          59.98             1.581              0                     0
6     12     2.095          59.98             1.595              2.4301                     0.732704
6     12     2.095          59.98             1.609              29.824                     2.56684
6     12     2.095          59.98             1.623              64.0664                     3.76211
6     12     2.095          59.98             1.637              68.7057                     3.89594
6     12     2.095          59.98             1.651              76.2169                     4.10338
6     12     2.095          59.98             1.665              92.123                     4.51128
6     12     2.095          59.98             1.679              84.3909                     4.31781
*******************************************************************************************************
 Average angle 1.01454e+06 +- 7798.84 deg 
 Average E' 4074.38 +- 31.3201 GeV 
