*******************************************************************************************************
Z     A     E(GeV)     Theta(deg)     Energy Loss(GeV)     Sigma(nb/sr/GeV)     ERROR     Citation     
*******************************************************************************************************
6     12     0.36          145             0.0018              0                     0
6     12     0.36          145             0.0054              0                     0
6     12     0.36          145             0.009              0                     0
6     12     0.36          145             0.0126              0                     0
6     12     0.36          145             0.0162              0                     0
6     12     0.36          145             0.0198              0                     0
6     12     0.36          145             0.0234              0.258829                     0.258829
6     12     0.36          145             0.027              0.258829                     0.258829
6     12     0.36          145             0.0306              0                     0
6     12     0.36          145             0.0342              0.258829                     0.258829
6     12     0.36          145             0.0378              0                     0
6     12     0.36          145             0.0414              0.517657                     0.366039
6     12     0.36          145             0.045              0.258829                     0.258829
6     12     0.36          145             0.0486              2.07063                     0.732078
6     12     0.36          145             0.0522              1.29414                     0.578758
6     12     0.36          145             0.0558              1.29414                     0.578758
6     12     0.36          145             0.0594              1.29414                     0.578758
6     12     0.36          145             0.063              1.8118                     0.684796
6     12     0.36          145             0.0666              4.91774                     1.12821
6     12     0.36          145             0.0702              3.10594                     0.896609
6     12     0.36          145             0.0738              5.4354                     1.1861
6     12     0.36          145             0.0774              6.21189                     1.268
6     12     0.36          145             0.081              5.69423                     1.21401
6     12     0.36          145             0.0846              5.69423                     1.21401
6     12     0.36          145             0.0882              11.1296                     1.69725
6     12     0.36          145             0.0918              9.059                     1.53125
6     12     0.36          145             0.0954              12.4238                     1.79322
6     12     0.36          145             0.099              14.2356                     1.91952
6     12     0.36          145             0.1026              17.6003                     2.13436
6     12     0.36          145             0.1062              17.8592                     2.14999
6     12     0.36          145             0.1098              20.9651                     2.32946
6     12     0.36          145             0.1134              24.3299                     2.50944
6     12     0.36          145             0.117              26.4005                     2.61404
6     12     0.36          145             0.1206              30.8006                     2.82349
6     12     0.36          145             0.1242              32.8712                     2.91685
6     12     0.36          145             0.1278              38.3066                     3.14879
6     12     0.36          145             0.1314              39.8596                     3.21198
6     12     0.36          145             0.135              34.683                     2.99616
6     12     0.36          145             0.1386              37.789                     3.12744
6     12     0.36          145             0.1422              47.3656                     3.50137
6     12     0.36          145             0.1458              53.0599                     3.70586
6     12     0.36          145             0.1494              59.0129                     3.90823
6     12     0.36          145             0.153              69.6249                     4.24511
6     12     0.36          145             0.1566              63.9307                     4.06781
6     12     0.36          145             0.1602              69.8837                     4.25299
6     12     0.36          145             0.1638              72.2132                     4.32329
6     12     0.36          145             0.1674              79.7192                     4.54242
6     12     0.36          145             0.171              89.037                     4.80056
6     12     0.36          145             0.1746              91.1077                     4.85606
6     12     0.36          145             0.1782              103.531                     5.17657
6     12     0.36          145             0.1818              111.037                     5.36094
6     12     0.36          145             0.1854              113.367                     5.41688
6     12     0.36          145             0.189              118.026                     5.52707
6     12     0.36          145             0.1926              131.744                     5.83944
6     12     0.36          145             0.1962              138.473                     5.98672
6     12     0.36          145             0.1998              150.638                     6.24416
6     12     0.36          145             0.2034              147.791                     6.18487
6     12     0.36          145             0.207              159.697                     6.42917
6     12     0.36          145             0.2106              179.886                     6.82346
6     12     0.36          145             0.2142              177.556                     6.77914
6     12     0.36          145             0.2178              203.698                     7.26105
6     12     0.36          145             0.2214              195.933                     7.12132
6     12     0.36          145             0.225              235.016                     7.79929
6     12     0.36          145             0.2286              241.228                     7.9017
6     12     0.36          145             0.2322              243.299                     7.93554
6     12     0.36          145             0.2358              260.899                     8.21755
6     12     0.36          145             0.2394              283.935                     8.57266
6     12     0.36          145             0.243              302.829                     8.8533
6     12     0.36          145             0.2466              292.994                     8.70834
6     12     0.36          145             0.2502              303.606                     8.86464
6     12     0.36          145             0.2538              338.548                     9.36087
6     12     0.36          145             0.2574              338.548                     9.36087
6     12     0.36          145             0.261              348.125                     9.49234
6     12     0.36          145             0.2646              356.925                     9.61157
6     12     0.36          145             0.2682              362.619                     9.68794
6     12     0.36          145             0.2718              382.29                     9.94724
6     12     0.36          145             0.2754              380.219                     9.92026
6     12     0.36          145             0.279              367.795                     9.75684
6     12     0.36          145             0.2826              376.596                     9.87288
6     12     0.36          145             0.2862              365.984                     9.73278
6     12     0.36          145             0.2898              380.996                     9.93039
6     12     0.36          145             0.2934              375.302                     9.8559
6     12     0.36          145             0.297              367.795                     9.75684
6     12     0.36          145             0.3006              348.642                     9.4994
6     12     0.36          145             0.3042              335.96                     9.32502
6     12     0.36          145             0.3078              317.842                     9.07009
6     12     0.36          145             0.3114              323.277                     9.14731
6     12     0.36          145             0.315              292.735                     8.7045
6     12     0.36          145             0.3186              267.888                     8.32688
6     12     0.36          145             0.3222              254.17                     8.11088
6     12     0.36          145             0.3258              233.722                     7.77779
6     12     0.36          145             0.3294              217.675                     7.50603
6     12     0.36          145             0.333              204.475                     7.27488
6     12     0.36          145             0.3366              171.086                     6.65446
6     12     0.36          145             0.3402              60.0482                     3.94236
6     12     0.36          145             0.3438              0                     0
6     12     0.36          145             0.3474              0                     0
6     12     0.36          145             0.351              0                     0
6     12     0.36          145             0.3546              0                     0
*******************************************************************************************************
 Average mean_angle 7.26347e+06 +- 32449.8 deg 
 Average E' 5162.15 +- 23.0621 GeV 
