*******************************************************************************************************
Z     A     E(GeV)     Theta(deg)     Energy Loss(GeV)     Sigma(nb/sr/GeV)     ERROR     Citation     
*******************************************************************************************************
6     12     0.48          60             0.0012              0                     0
6     12     0.48          60             0.0036              0                     0
6     12     0.48          60             0.006              0                     0
6     12     0.48          60             0.0084              0                     0
6     12     0.48          60             0.0108              0                     0
6     12     0.48          60             0.0132              0                     0
6     12     0.48          60             0.0156              0                     0
6     12     0.48          60             0.018              0                     0
6     12     0.48          60             0.0204              0                     0
6     12     0.48          60             0.0228              0                     0
6     12     0.48          60             0.0252              0                     0
6     12     0.48          60             0.0276              0                     0
6     12     0.48          60             0.03              0                     0
6     12     0.48          60             0.0324              0                     0
6     12     0.48          60             0.0348              0                     0
6     12     0.48          60             0.0372              0                     0
6     12     0.48          60             0.0396              0                     0
6     12     0.48          60             0.042              0                     0
6     12     0.48          60             0.0444              0                     0
6     12     0.48          60             0.0468              0                     0
6     12     0.48          60             0.0492              0                     0
6     12     0.48          60             0.0516              0                     0
6     12     0.48          60             0.054              0                     0
6     12     0.48          60             0.0564              0                     0
6     12     0.48          60             0.0588              0                     0
6     12     0.48          60             0.0612              0                     0
6     12     0.48          60             0.0636              0                     0
6     12     0.48          60             0.066              0                     0
6     12     0.48          60             0.0684              0                     0
6     12     0.48          60             0.0708              0                     0
6     12     0.48          60             0.0732              0                     0
6     12     0.48          60             0.0756              0                     0
6     12     0.48          60             0.078              0                     0
6     12     0.48          60             0.0804              0                     0
6     12     0.48          60             0.0828              0                     0
6     12     0.48          60             0.0852              0                     0
6     12     0.48          60             0.0876              0                     0
6     12     0.48          60             0.09              0                     0
6     12     0.48          60             0.0924              0                     0
6     12     0.48          60             0.0948              0                     0
6     12     0.48          60             0.0972              0                     0
6     12     0.48          60             0.0996              0                     0
6     12     0.48          60             0.102              0                     0
6     12     0.48          60             0.1044              0                     0
6     12     0.48          60             0.1068              0                     0
6     12     0.48          60             0.1092              0                     0
6     12     0.48          60             0.1116              0                     0
6     12     0.48          60             0.114              0                     0
6     12     0.48          60             0.1164              0                     0
6     12     0.48          60             0.1188              0                     0
6     12     0.48          60             0.1212              0                     0
6     12     0.48          60             0.1236              0                     0
6     12     0.48          60             0.126              0                     0
6     12     0.48          60             0.1284              0                     0
6     12     0.48          60             0.1308              0                     0
6     12     0.48          60             0.1332              0                     0
6     12     0.48          60             0.1356              0                     0
6     12     0.48          60             0.138              0                     0
6     12     0.48          60             0.1404              0                     0
6     12     0.48          60             0.1428              0                     0
6     12     0.48          60             0.1452              0                     0
6     12     0.48          60             0.1476              0                     0
6     12     0.48          60             0.15              0                     0
6     12     0.48          60             0.1524              0                     0
6     12     0.48          60             0.1548              0                     0
6     12     0.48          60             0.1572              0                     0
6     12     0.48          60             0.1596              0                     0
6     12     0.48          60             0.162              0                     0
6     12     0.48          60             0.1644              0                     0
6     12     0.48          60             0.1668              0                     0
6     12     0.48          60             0.1692              0                     0
6     12     0.48          60             0.1716              0                     0
6     12     0.48          60             0.174              0                     0
6     12     0.48          60             0.1764              0.599624                     0.423998
6     12     0.48          60             0.1788              0                     0
6     12     0.48          60             0.1812              0.899436                     0.519289
6     12     0.48          60             0.1836              3.29793                     0.994364
6     12     0.48          60             0.186              3.59774                     1.03858
6     12     0.48          60             0.1884              7.19549                     1.46877
6     12     0.48          60             0.1908              10.4934                     1.77371
6     12     0.48          60             0.1932              13.7913                     2.03342
6     12     0.48          60             0.1956              16.1898                     2.20316
6     12     0.48          60             0.198              18.2885                     2.34161
6     12     0.48          60             0.2004              30.281                     3.01307
6     12     0.48          60             0.2028              33.8787                     3.18704
6     12     0.48          60             0.2052              41.374                     3.52199
6     12     0.48          60             0.2076              43.7725                     3.62264
6     12     0.48          60             0.21              47.0705                     3.75663
6     12     0.48          60             0.2124              60.562                     4.26113
6     12     0.48          60             0.2148              68.3571                     4.52706
6     12     0.48          60             0.2172              77.3515                     4.81569
6     12     0.48          60             0.2196              83.9473                     5.01681
6     12     0.48          60             0.222              98.6381                     5.43809
6     12     0.48          60             0.2244              105.534                     5.62497
6     12     0.48          60             0.2268              122.623                     6.06332
6     12     0.48          60             0.2292              133.716                     6.33164
6     12     0.48          60             0.2316              137.913                     6.43025
6     12     0.48          60             0.234              158.301                     6.88915
6     12     0.48          60             0.2364              178.088                     7.30705
6     12     0.48          60             0.2388              183.485                     7.41694
6     12     0.48          60             0.2412              187.982                     7.50728
6     12     0.48          60             0.2436              196.976                     7.68478
6     12     0.48          60             0.246              217.963                     8.08381
6     12     0.48          60             0.2484              232.954                     8.35717
6     12     0.48          60             0.2508              244.646                     8.56434
6     12     0.48          60             0.2532              256.639                     8.77174
6     12     0.48          60             0.2556              262.335                     8.86855
6     12     0.48          60             0.258              275.227                     9.08385
6     12     0.48          60             0.2604              282.423                     9.20183
6     12     0.48          60             0.2628              290.818                     9.33759
6     12     0.48          60             0.2652              292.616                     9.36642
6     12     0.48          60             0.2676              312.404                     9.67793
6     12     0.48          60             0.27              314.802                     9.71502
6     12     0.48          60             0.2724              324.696                     9.8665
6     12     0.48          60             0.2748              342.685                     10.1361
6     12     0.48          60             0.2772              347.782                     10.2112
6     12     0.48          60             0.2796              350.18                     10.2464
6     12     0.48          60             0.282              330.693                     9.95719
6     12     0.48          60             0.2844              356.776                     10.3424
6     12     0.48          60             0.2868              369.068                     10.5191
6     12     0.48          60             0.2892              371.467                     10.5532
6     12     0.48          60             0.2916              362.173                     10.4203
6     12     0.48          60             0.294              373.566                     10.583
6     12     0.48          60             0.2964              373.266                     10.5787
6     12     0.48          60             0.2988              383.459                     10.7222
6     12     0.48          60             0.3012              392.154                     10.8431
6     12     0.48          60             0.3036              363.372                     10.4376
6     12     0.48          60             0.306              393.353                     10.8596
6     12     0.48          60             0.3084              381.361                     10.6928
6     12     0.48          60             0.3108              377.163                     10.6338
6     12     0.48          60             0.3132              384.958                     10.7431
6     12     0.48          60             0.3156              390.055                     10.814
6     12     0.48          60             0.318              395.452                     10.8886
6     12     0.48          60             0.3204              392.454                     10.8472
6     12     0.48          60             0.3228              387.957                     10.7849
6     12     0.48          60             0.3252              384.958                     10.7431
6     12     0.48          60             0.3276              384.659                     10.739
6     12     0.48          60             0.33              387.657                     10.7807
6     12     0.48          60             0.3324              380.461                     10.6802
6     12     0.48          60             0.3348              394.852                     10.8803
6     12     0.48          60             0.3372              382.56                     10.7096
6     12     0.48          60             0.3396              377.463                     10.638
6     12     0.48          60             0.342              372.966                     10.5745
6     12     0.48          60             0.3444              373.566                     10.583
6     12     0.48          60             0.3468              372.966                     10.5745
6     12     0.48          60             0.3492              367.569                     10.4977
6     12     0.48          60             0.3516              364.871                     10.4591
6     12     0.48          60             0.354              351.08                     10.2595
6     12     0.48          60             0.3564              369.068                     10.5191
6     12     0.48          60             0.3588              356.476                     10.3381
6     12     0.48          60             0.3612              344.184                     10.1583
6     12     0.48          60             0.3636              342.985                     10.1406
6     12     0.48          60             0.366              334.59                     10.0157
6     12     0.48          60             0.3684              338.787                     10.0783
6     12     0.48          60             0.3708              328.294                     9.92101
6     12     0.48          60             0.3732              293.216                     9.37601
6     12     0.48          60             0.3756              321.398                     9.81626
6     12     0.48          60             0.378              315.402                     9.72426
6     12     0.48          60             0.3804              303.41                     9.5376
6     12     0.48          60             0.3828              294.715                     9.39995
6     12     0.48          60             0.3852              291.417                     9.34721
6     12     0.48          60             0.3876              295.914                     9.41906
6     12     0.48          60             0.39              281.823                     9.19206
6     12     0.48          60             0.3924              280.924                     9.17738
6     12     0.48          60             0.3948              255.74                     8.75635
6     12     0.48          60             0.3972              274.927                     9.07891
6     12     0.48          60             0.3996              269.231                     8.98436
6     12     0.48          60             0.402              264.434                     8.90396
6     12     0.48          60             0.4044              240.449                     8.49055
6     12     0.48          60             0.4068              235.053                     8.39473
6     12     0.48          60             0.4092              235.952                     8.41078
6     12     0.48          60             0.4116              226.958                     8.24891
6     12     0.48          60             0.414              225.758                     8.22709
6     12     0.48          60             0.4164              210.468                     7.9436
6     12     0.48          60             0.4188              204.772                     7.83536
6     12     0.48          60             0.4212              199.975                     7.74304
6     12     0.48          60             0.4236              186.783                     7.48329
6     12     0.48          60             0.426              181.086                     7.3683
6     12     0.48          60             0.4284              177.189                     7.28857
6     12     0.48          60             0.4308              160.699                     6.94115
6     12     0.48          60             0.4332              152.604                     6.76406
6     12     0.48          60             0.4356              148.407                     6.67039
6     12     0.48          60             0.438              86.9454                     5.10561
6     12     0.48          60             0.4404              7.79511                     1.52875
6     12     0.48          60             0.4428              0                     0
6     12     0.48          60             0.4452              0                     0
6     12     0.48          60             0.4476              0                     0
6     12     0.48          60             0.45              0                     0
6     12     0.48          60             0.4524              0                     0
6     12     0.48          60             0.4548              0                     0
6     12     0.48          60             0.4572              0                     0
6     12     0.48          60             0.4596              0                     0
6     12     0.48          60             0.462              0                     0
6     12     0.48          60             0.4644              0                     0
6     12     0.48          60             0.4668              0                     0
6     12     0.48          60             0.4692              0                     0
6     12     0.48          60             0.4716              0                     0
6     12     0.48          60             0.474              0                     0
6     12     0.48          60             0.4764              0                     0
*******************************************************************************************************
 Average mean_angle 5.42565e+06 +- 18038.3 deg 
 Average E' 13852.4 +- 46.0541 GeV 
