*******************************************************************************************************
Z     A     E(GeV)     Theta(deg)     Energy Loss(GeV)     Sigma(nb/sr/GeV)     ERROR     Citation     
*******************************************************************************************************
6     12     0.961          37.5             0.004805              0                     0
6     12     0.961          37.5             0.014415              0                     0
6     12     0.961          37.5             0.024025              0                     0
6     12     0.961          37.5             0.033635              0                     0
6     12     0.961          37.5             0.043245              0                     0
6     12     0.961          37.5             0.052855              0                     0
6     12     0.961          37.5             0.062465              0                     0
6     12     0.961          37.5             0.072075              0                     0
6     12     0.961          37.5             0.081685              0                     0
6     12     0.961          37.5             0.091295              0                     0
6     12     0.961          37.5             0.100905              0                     0
6     12     0.961          37.5             0.110515              0                     0
6     12     0.961          37.5             0.120125              0                     0
6     12     0.961          37.5             0.129735              0                     0
6     12     0.961          37.5             0.139345              0                     0
6     12     0.961          37.5             0.148955              0                     0
6     12     0.961          37.5             0.158565              0                     0
6     12     0.961          37.5             0.168175              0                     0
6     12     0.961          37.5             0.177785              0                     0
6     12     0.961          37.5             0.187395              0                     0
6     12     0.961          37.5             0.197005              0                     0
6     12     0.961          37.5             0.206615              0                     0
6     12     0.961          37.5             0.216225              0.832536                     0.339881
6     12     0.961          37.5             0.225835              4.30143                     0.77256
6     12     0.961          37.5             0.235445              12.3493                     1.30902
6     12     0.961          37.5             0.245055              23.311                     1.79848
6     12     0.961          37.5             0.254665              39.9617                     2.35477
6     12     0.961          37.5             0.264275              66.6029                     3.03999
6     12     0.961          37.5             0.273885              98.378                     3.69466
6     12     0.961          37.5             0.283495              125.99                     4.18114
6     12     0.961          37.5             0.293105              158.182                     4.68494
6     12     0.961          37.5             0.302715              215.072                     5.46283
6     12     0.961          37.5             0.312325              261.555                     6.02431
6     12     0.961          37.5             0.321935              310.12                     6.5598
6     12     0.961          37.5             0.331545              349.11                     6.95996
6     12     0.961          37.5             0.341155              389.072                     7.34752
6     12     0.961          37.5             0.350765              438.469                     7.80001
6     12     0.961          37.5             0.360375              472.048                     8.09317
6     12     0.961          37.5             0.369985              498.828                     8.31957
6     12     0.961          37.5             0.379595              516.588                     8.46639
6     12     0.961          37.5             0.389205              561.545                     8.8271
6     12     0.961          37.5             0.398815              565.43                     8.85759
6     12     0.961          37.5             0.408425              598.177                     9.11047
6     12     0.961          37.5             0.418035              604.698                     9.15999
6     12     0.961          37.5             0.427645              624.679                     9.3101
6     12     0.961          37.5             0.437255              640.081                     9.42417
6     12     0.961          37.5             0.446865              649.933                     9.49642
6     12     0.961          37.5             0.456475              669.914                     9.64129
6     12     0.961          37.5             0.466085              673.105                     9.66423
6     12     0.961          37.5             0.475695              688.646                     9.77516
6     12     0.961          37.5             0.485305              694.612                     9.81741
6     12     0.961          37.5             0.494915              697.387                     9.837
6     12     0.961          37.5             0.504525              699.607                     9.85265
6     12     0.961          37.5             0.514135              710.847                     9.93148
6     12     0.961          37.5             0.523745              702.244                     9.8712
6     12     0.961          37.5             0.533355              713.899                     9.95278
6     12     0.961          37.5             0.542965              730.273                     10.0663
6     12     0.961          37.5             0.552575              710.708                     9.93051
6     12     0.961          37.5             0.562185              717.785                     9.97982
6     12     0.961          37.5             0.571795              745.258                     10.169
6     12     0.961          37.5             0.581405              733.603                     10.0892
6     12     0.961          37.5             0.591015              733.741                     10.0901
6     12     0.961          37.5             0.600625              737.21                     10.114
6     12     0.961          37.5             0.610235              727.914                     10.05
6     12     0.961          37.5             0.619845              718.201                     9.98272
6     12     0.961          37.5             0.629455              742.899                     10.1529
6     12     0.961          37.5             0.639065              738.459                     10.1225
6     12     0.961          37.5             0.648675              710.569                     9.92954
6     12     0.961          37.5             0.658285              709.737                     9.92372
6     12     0.961          37.5             0.667895              713.483                     9.94988
6     12     0.961          37.5             0.677505              688.368                     9.77319
6     12     0.961          37.5             0.687115              704.048                     9.88387
6     12     0.961          37.5             0.696725              696.139                     9.82819
6     12     0.961          37.5             0.706335              668.387                     9.6303
6     12     0.961          37.5             0.715945              660.062                     9.57014
6     12     0.961          37.5             0.725555              659.646                     9.56712
6     12     0.961          37.5             0.735165              641.33                     9.43336
6     12     0.961          37.5             0.744775              626.067                     9.32043
6     12     0.961          37.5             0.754385              610.942                     9.20717
6     12     0.961          37.5             0.763995              582.636                     8.99134
6     12     0.961          37.5             0.773605              575.143                     8.93334
6     12     0.961          37.5             0.783215              554.469                     8.77131
6     12     0.961          37.5             0.792825              526.579                     8.54786
6     12     0.961          37.5             0.802435              493.416                     8.27432
6     12     0.961          37.5             0.812045              497.579                     8.30915
6     12     0.961          37.5             0.821655              464.139                     8.02509
6     12     0.961          37.5             0.831265              432.364                     7.74552
6     12     0.961          37.5             0.840875              400.866                     7.45805
6     12     0.961          37.5             0.850485              381.024                     7.27113
6     12     0.961          37.5             0.860095              363.124                     7.09829
6     12     0.961          37.5             0.869705              309.426                     6.55245
6     12     0.961          37.5             0.879315              292.498                     6.3707
6     12     0.961          37.5             0.888925              251.981                     5.91302
6     12     0.961          37.5             0.898535              226.45                     5.60547
6     12     0.961          37.5             0.908145              147.22                     4.5197
6     12     0.961          37.5             0.917755              3.60765                     0.707519
6     12     0.961          37.5             0.927365              0                     0
6     12     0.961          37.5             0.936975              0                     0
6     12     0.961          37.5             0.946585              0                     0
*******************************************************************************************************
 Average mean_angle 1.00155e+07 +- 19368.5 deg 
 Average E' 98556.5 +- 190.593 GeV 
