*******************************************************************************************************
Z     A     E(GeV)     Theta(deg)     Energy Loss(GeV)     Sigma(nb/sr/GeV)     ERROR     Citation     
*******************************************************************************************************
6     12     2.3476          45             1.7025              40.3032                     0.562815
6     12     2.3476          45             1.7075              39.1007                     0.554356
6     12     2.3476          45             1.7125              37.3324                     0.541675
6     12     2.3476          45             1.7175              35.9963                     0.531893
6     12     2.3476          45             1.7225              34.5894                     0.521396
6     12     2.3476          45             1.7275              33.7092                     0.514719
6     12     2.3476          45             1.7325              32.3023                     0.503863
6     12     2.3476          45             1.7375              31.1155                     0.494521
6     12     2.3476          45             1.7425              30.0388                     0.485889
6     12     2.3476          45             1.7475              27.6574                     0.466231
6     12     2.3476          45             1.7525              27.3194                     0.463374
6     12     2.3476          45             1.7575              26.7221                     0.45828
6     12     2.3476          45             1.7625              24.6079                     0.439778
6     12     2.3476          45             1.7675              23.4997                     0.429762
6     12     2.3476          45             1.7725              22.478                     0.420315
6     12     2.3476          45             1.7775              22.03                     0.416106
6     12     2.3476          45             1.7825              20.4424                     0.400832
6     12     2.3476          45             1.7875              19.6329                     0.392815
6     12     2.3476          45             1.7925              18.8391                     0.384792
6     12     2.3476          45             1.7975              18.006                     0.376188
6     12     2.3476          45             1.8025              16.6935                     0.362217
6     12     2.3476          45             1.8075              15.7503                     0.351836
6     12     2.3476          45             1.8125              15.0823                     0.344294
6     12     2.3476          45             1.8175              14.0055                     0.331777
6     12     2.3476          45             1.8225              13.0231                     0.319929
6     12     2.3476          45             1.8275              12.6066                     0.314771
6     12     2.3476          45             1.8325              12.2293                     0.310025
6     12     2.3476          45             1.8375              11.7577                     0.303989
6     12     2.3476          45             1.8425              11.0189                     0.294284
6     12     2.3476          45             1.8475              9.8636                     0.278429
6     12     2.3476          45             1.8525              8.66111                     0.260905
6     12     2.3476          45             1.8575              8.18168                     0.253581
6     12     2.3476          45             1.8625              7.68654                     0.245788
6     12     2.3476          45             1.8675              7.22283                     0.238259
6     12     2.3476          45             1.8725              6.51548                     0.226292
6     12     2.3476          45             1.8775              6.29542                     0.222438
6     12     2.3476          45             1.8825              5.28941                     0.203892
6     12     2.3476          45             1.8875              5.16366                     0.201453
6     12     2.3476          45             1.8925              4.69995                     0.192195
6     12     2.3476          45             1.8975              4.2834                     0.183481
6     12     2.3476          45             1.9025              3.89043                     0.174862
6     12     2.3476          45             1.9075              3.72538                     0.171112
6     12     2.3476          45             1.9125              3.3717                     0.162787
6     12     2.3476          45             1.9175              3.0809                     0.155609
6     12     2.3476          45             1.9225              2.59362                     0.142774
6     12     2.3476          45             1.9275              2.27924                     0.133842
6     12     2.3476          45             1.9325              1.82339                     0.119712
6     12     2.3476          45             1.9375              1.46972                     0.107476
6     12     2.3476          45             1.9425              1.48544                     0.10805
*******************************************************************************************************
 Average angle 3.74759e+07 +- 41032.9 deg 
 Average E' 716412 +- 784.409 GeV 
