*******************************************************************************************************
Z     A     E(GeV)     Theta(deg)     Energy Loss(GeV)     Sigma(nb/sr/GeV)     ERROR     Citation     
*******************************************************************************************************
6     12     1.65          11.95             0.00825              0                     0
6     12     1.65          11.95             0.02475              0                     0
6     12     1.65          11.95             0.04125              0                     0
6     12     1.65          11.95             0.05775              0                     0
6     12     1.65          11.95             0.07425              0                     0
6     12     1.65          11.95             0.09075              0                     0
6     12     1.65          11.95             0.10725              0                     0
6     12     1.65          11.95             0.12375              0                     0
6     12     1.65          11.95             0.14025              0                     0
6     12     1.65          11.95             0.15675              0                     0
6     12     1.65          11.95             0.17325              1.48147                     1.48147
6     12     1.65          11.95             0.18975              63.7033                     9.71467
6     12     1.65          11.95             0.20625              210.369                     17.6538
6     12     1.65          11.95             0.22275              622.219                     30.3612
6     12     1.65          11.95             0.23925              1397.03                     45.4935
6     12     1.65          11.95             0.25575              2857.76                     65.0669
6     12     1.65          11.95             0.27225              5542.19                     90.6124
6     12     1.65          11.95             0.28875              9635.5                     119.477
6     12     1.65          11.95             0.30525              16690.3                     157.246
6     12     1.65          11.95             0.32175              27033.9                     200.125
6     12     1.65          11.95             0.33825              37992.4                     237.244
6     12     1.65          11.95             0.35475              48349.4                     267.635
6     12     1.65          11.95             0.37125              56647.1                     289.691
6     12     1.65          11.95             0.38775              61884.1                     302.786
6     12     1.65          11.95             0.40425              63467.8                     306.636
6     12     1.65          11.95             0.42075              61467.8                     301.766
6     12     1.65          11.95             0.43725              58593.7                     294.627
6     12     1.65          11.95             0.45375              54008.6                     282.864
6     12     1.65          11.95             0.47025              48737.5                     268.707
6     12     1.65          11.95             0.48675              43466.4                     253.76
6     12     1.65          11.95             0.50325              39438.3                     241.716
6     12     1.65          11.95             0.51975              34662                     226.607
6     12     1.65          11.95             0.53625              31108                     214.676
6     12     1.65          11.95             0.55275              27719.8                     202.648
6     12     1.65          11.95             0.56925              24896.2                     192.049
6     12     1.65          11.95             0.58575              23284.3                     185.728
6     12     1.65          11.95             0.60225              21703.6                     179.313
6     12     1.65          11.95             0.61875              20290.3                     173.377
6     12     1.65          11.95             0.63525              20060.6                     172.393
6     12     1.65          11.95             0.65175              19982.1                     172.055
6     12     1.65          11.95             0.66825              20293.2                     173.389
6     12     1.65          11.95             0.68475              20933.2                     176.102
6     12     1.65          11.95             0.70125              21793.9                     179.686
6     12     1.65          11.95             0.71775              23189.5                     185.35
6     12     1.65          11.95             0.73425              23622.1                     187.071
6     12     1.65          11.95             0.75075              24918.4                     192.135
6     12     1.65          11.95             0.76725              25248.7                     193.405
6     12     1.65          11.95             0.78375              25903.6                     195.896
6     12     1.65          11.95             0.80025              25993.9                     196.238
6     12     1.65          11.95             0.81675              26013.2                     196.311
6     12     1.65          11.95             0.83325              26045.8                     196.433
6     12     1.65          11.95             0.84975              26072.4                     196.534
6     12     1.65          11.95             0.86625              25623.6                     194.835
6     12     1.65          11.95             0.88275              25337.6                     193.745
6     12     1.65          11.95             0.89925              24555.4                     190.731
6     12     1.65          11.95             0.91575              24133.2                     189.084
6     12     1.65          11.95             0.93225              23457.6                     186.419
6     12     1.65          11.95             0.94875              22996.9                     184.579
6     12     1.65          11.95             0.96525              22500.6                     182.576
6     12     1.65          11.95             0.98175              21462.1                     178.313
6     12     1.65          11.95             0.99825              20444.3                     174.034
6     12     1.65          11.95             1.01475              19514                     170.028
6     12     1.65          11.95             1.03125              18468                     165.408
6     12     1.65          11.95             1.04775              17196.9                     159.615
6     12     1.65          11.95             1.06425              15828.1                     153.13
6     12     1.65          11.95             1.08075              14487.3                     146.501
6     12     1.65          11.95             1.09725              13290.3                     140.318
6     12     1.65          11.95             1.11375              11789.6                     132.159
6     12     1.65          11.95             1.13025              10558.5                     125.068
6     12     1.65          11.95             1.14675              9439.95                     118.258
6     12     1.65          11.95             1.16325              8278.47                     110.744
6     12     1.65          11.95             1.17975              7051.81                     102.211
6     12     1.65          11.95             1.19625              6231.08                     96.079
6     12     1.65          11.95             1.21275              5398.49                     89.4299
6     12     1.65          11.95             1.22925              4530.34                     81.9242
6     12     1.65          11.95             1.24575              3831.09                     75.3369
6     12     1.65          11.95             1.26225              3364.43                     70.5996
6     12     1.65          11.95             1.27875              2770.35                     64.0641
6     12     1.65          11.95             1.29525              2293.32                     58.288
6     12     1.65          11.95             1.31175              1708.14                     50.3047
6     12     1.65          11.95             1.32825              1277.03                     43.4958
6     12     1.65          11.95             1.34475              955.55                     37.6247
6     12     1.65          11.95             1.36125              570.367                     29.0686
6     12     1.65          11.95             1.37775              383.701                     23.8421
6     12     1.65          11.95             1.39425              208.888                     17.5915
6     12     1.65          11.95             1.41075              97.7772                     12.0355
6     12     1.65          11.95             1.42725              8.88884                     3.62885
6     12     1.65          11.95             1.44375              0                     0
6     12     1.65          11.95             1.46025              0                     0
6     12     1.65          11.95             1.47675              0                     0
6     12     1.65          11.95             1.49325              0                     0
6     12     1.65          11.95             1.50975              0                     0
6     12     1.65          11.95             1.52625              0                     0
6     12     1.65          11.95             1.54275              0                     0
6     12     1.65          11.95             1.55925              0                     0
6     12     1.65          11.95             1.57575              0                     0
6     12     1.65          11.95             1.59225              0                     0
6     12     1.65          11.95             1.60875              0                     0
6     12     1.65          11.95             1.62525              0                     0
*******************************************************************************************************
 Average angle 1.23212e+07 +- 12077.4 deg 
 Average E' 1.03817e+06 +- 1017.62 GeV 
