*******************************************************************************************************
Z     A     E(GeV)     Theta(deg)     Energy Loss(GeV)     Sigma(nb/sr/GeV)     ERROR     Citation     
*******************************************************************************************************
6     12     2.222          15.54             0.01111              44.693                     3.95034
6     12     2.222          15.54             0.03333              842.183                     17.1482
6     12     2.222          15.54             0.05555              3243.38                     33.6522
6     12     2.222          15.54             0.07777              7789.5                     52.1518
6     12     2.222          15.54             0.09999              14881                     72.0827
6     12     2.222          15.54             0.12221              23583.9                     90.745
6     12     2.222          15.54             0.14443              31099.3                     104.205
6     12     2.222          15.54             0.16665              35903.1                     111.965
6     12     2.222          15.54             0.18887              37439.8                     114.336
6     12     2.222          15.54             0.21109              35611.2                     111.509
6     12     2.222          15.54             0.23331              31313.4                     104.563
6     12     2.222          15.54             0.25553              26205.5                     95.6556
6     12     2.222          15.54             0.27775              20651.6                     84.9165
6     12     2.222          15.54             0.29997              15457.8                     73.4664
6     12     2.222          15.54             0.32219              11033.6                     62.0687
6     12     2.222          15.54             0.34441              7635.52                     51.6338
6     12     2.222          15.54             0.36663              5247.24                     42.8036
6     12     2.222          15.54             0.38885              3472.78                     34.822
6     12     2.222          15.54             0.41107              2392.82                     28.9048
6     12     2.222          15.54             0.43329              1646.31                     23.9756
6     12     2.222          15.54             0.45551              1087.3                     19.4845
6     12     2.222          15.54             0.47773              766.764                     16.3623
6     12     2.222          15.54             0.49995              571.931                     14.1314
6     12     2.222          15.54             0.52217              425.282                     12.1858
6     12     2.222          15.54             0.54439              304.122                     10.3048
6     12     2.222          15.54             0.56661              243.367                     9.21819
6     12     2.222          15.54             0.58883              183.66                     8.00797
6     12     2.222          15.54             0.61105              141.761                     7.03546
6     12     2.222          15.54             0.63327              112.082                     6.25579
6     12     2.222          15.54             0.65549              90.4335                     5.61926
6     12     2.222          15.54             0.67771              65.992                     4.80021
6     12     2.222          15.54             0.69993              47.1371                     4.05692
6     12     2.222          15.54             0.72215              33.8689                     3.43887
6     12     2.222          15.54             0.74437              27.9331                     3.12302
6     12     2.222          15.54             0.76659              25.8381                     3.00362
6     12     2.222          15.54             0.78881              16.4107                     2.39375
6     12     2.222          15.54             0.81103              14.6649                     2.26284
6     12     2.222          15.54             0.83325              9.42743                     1.81431
6     12     2.222          15.54             0.85547              8.7291                     1.74582
6     12     2.222          15.54             0.87769              5.23746                     1.35231
6     12     2.222          15.54             0.89991              5.23746                     1.35231
6     12     2.222          15.54             0.92213              4.18997                     1.20954
6     12     2.222          15.54             0.94435              3.8408                     1.15805
6     12     2.222          15.54             0.96657              1.39666                     0.698328
6     12     2.222          15.54             0.98879              1.74582                     0.780754
6     12     2.222          15.54             1.01101              0.698328                     0.493792
6     12     2.222          15.54             1.03323              1.04749                     0.60477
6     12     2.222          15.54             1.05545              0.349164                     0.349164
6     12     2.222          15.54             1.07767              0.349164                     0.349164
6     12     2.222          15.54             1.09989              0                     0
6     12     2.222          15.54             1.12211              0.349164                     0.349164
6     12     2.222          15.54             1.14433              0.349164                     0.349164
6     12     2.222          15.54             1.16655              0                     0
6     12     2.222          15.54             1.18877              0                     0
6     12     2.222          15.54             1.21099              0                     0
6     12     2.222          15.54             1.23321              0                     0
6     12     2.222          15.54             1.25543              0.349164                     0.349164
6     12     2.222          15.54             1.27765              0                     0
6     12     2.222          15.54             1.29987              0                     0
6     12     2.222          15.54             1.32209              0                     0
6     12     2.222          15.54             1.34431              0                     0
6     12     2.222          15.54             1.36653              0                     0
6     12     2.222          15.54             1.38875              0                     0
6     12     2.222          15.54             1.41097              0                     0
6     12     2.222          15.54             1.43319              0                     0
6     12     2.222          15.54             1.45541              0                     0
6     12     2.222          15.54             1.47763              0                     0
6     12     2.222          15.54             1.49985              0                     0
6     12     2.222          15.54             1.52207              0                     0
6     12     2.222          15.54             1.54429              0                     0
6     12     2.222          15.54             1.56651              0                     0
6     12     2.222          15.54             1.58873              0                     0
6     12     2.222          15.54             1.61095              0                     0
6     12     2.222          15.54             1.63317              0                     0
6     12     2.222          15.54             1.65539              0                     0
6     12     2.222          15.54             1.67761              0                     0
6     12     2.222          15.54             1.69983              0                     0
6     12     2.222          15.54             1.72205              0                     0
6     12     2.222          15.54             1.74427              0                     0
6     12     2.222          15.54             1.76649              0                     0
6     12     2.222          15.54             1.78871              0.349164                     0.349164
6     12     2.222          15.54             1.81093              0                     0
6     12     2.222          15.54             1.83315              0                     0
6     12     2.222          15.54             1.85537              0                     0
6     12     2.222          15.54             1.87759              0                     0
6     12     2.222          15.54             1.89981              0                     0
6     12     2.222          15.54             1.92203              0                     0
6     12     2.222          15.54             1.94425              0                     0
6     12     2.222          15.54             1.96647              0                     0
6     12     2.222          15.54             1.98869              0                     0
6     12     2.222          15.54             2.01091              0                     0
6     12     2.222          15.54             2.03313              0                     0
6     12     2.222          15.54             2.05535              0                     0
6     12     2.222          15.54             2.07757              0                     0
6     12     2.222          15.54             2.09979              0                     0
6     12     2.222          15.54             2.12201              0                     0
6     12     2.222          15.54             2.14423              0                     0
6     12     2.222          15.54             2.16645              0                     0
6     12     2.222          15.54             2.18867              0                     0
*******************************************************************************************************
 Average mean_angle 1.40328e+07 +- 14665.2 deg 
 Average E' 1.83977e+06 +- 1922.69 GeV 
