*******************************************************************************************************
Z     A     E(GeV)     Theta(deg)     Energy Loss(GeV)     Sigma(nb/sr/GeV)     ERROR     Citation     
*******************************************************************************************************
6     12     4.6286          16             0.015              0                     0
6     12     4.6286          16             0.045              0                     0
6     12     4.6286          16             0.075              0                     0
6     12     4.6286          16             0.105              0                     0
6     12     4.6286          16             0.135              0                     0
6     12     4.6286          16             0.165              0.00866497                     0.00353746
6     12     4.6286          16             0.195              0.0375482                     0.00736381
6     12     4.6286          16             0.225              0.131419                     0.0137764
6     12     4.6286          16             0.255              0.304718                     0.0209777
6     12     4.6286          16             0.285              0.756741                     0.0330584
6     12     4.6286          16             0.315              1.35029                     0.0441592
6     12     4.6286          16             0.345              2.42619                     0.059193
6     12     4.6286          16             0.375              3.83858                     0.0744549
6     12     4.6286          16             0.405              5.77087                     0.0912911
6     12     4.6286          16             0.435              8.26205                     0.109232
6     12     4.6286          16             0.465              11.1735                     0.127029
6     12     4.6286          16             0.495              15.2128                     0.148222
6     12     4.6286          16             0.525              19.8312                     0.169232
6     12     4.6286          16             0.555              26.2433                     0.194678
6     12     4.6286          16             0.585              34.0793                     0.221847
6     12     4.6286          16             0.615              44.6838                     0.254029
6     12     4.6286          16             0.645              57.3014                     0.287667
6     12     4.6286          16             0.675              69.805                     0.317505
6     12     4.6286          16             0.705              81.9042                     0.343923
6     12     4.6286          16             0.735              90.315                     0.36115
6     12     4.6286          16             0.765              98.3763                     0.376923
6     12     4.6286          16             0.795              104.344                     0.388187
6     12     4.6286          16             0.825              107.102                     0.393284
6     12     4.6286          16             0.855              107.548                     0.394103
6     12     4.6286          16             0.885              106.53                     0.392233
6     12     4.6286          16             0.915              102.566                     0.384866
6     12     4.6286          16             0.945              96.6317                     0.373566
6     12     4.6286          16             0.975              91.115                     0.362746
6     12     4.6286          16             1.005              84.6264                     0.349592
6     12     4.6286          16             1.035              78.3198                     0.336313
6     12     4.6286          16             1.065              71.0629                     0.320353
6     12     4.6286          16             1.095              63.1431                     0.301975
6     12     4.6286          16             1.125              56.2313                     0.284969
6     12     4.6286          16             1.155              50.5731                     0.270251
6     12     4.6286          16             1.185              46.154                     0.258174
6     12     4.6286          16             1.215              41.989                     0.24625
6     12     4.6286          16             1.245              38.4725                     0.235713
6     12     4.6286          16             1.275              36.2874                     0.228921
6     12     4.6286          16             1.305              34.449                     0.223047
6     12     4.6286          16             1.335              33.2634                     0.219175
6     12     4.6286          16             1.365              32.0488                     0.215136
6     12     4.6286          16             1.395              30.8834                     0.211189
6     12     4.6286          16             1.425              30.157                     0.20869
6     12     4.6286          16             1.455              29.6515                     0.206934
6     12     4.6286          16             1.485              28.7778                     0.203862
6     12     4.6286          16             1.515              28.3662                     0.202399
6     12     4.6286          16             1.545              28.2478                     0.201976
6     12     4.6286          16             1.575              27.5026                     0.199294
6     12     4.6286          16             1.605              27.2715                     0.198455
6     12     4.6286          16             1.635              27.1185                     0.197898
6     12     4.6286          16             1.665              24.9869                     0.189961
6     12     4.6286          16             1.695              21.183                     0.174905
6     12     4.6286          16             1.725              15.7616                     0.150872
6     12     4.6286          16             1.755              8.01365                     0.107578
6     12     4.6286          16             1.785              0.365373                     0.0229708
6     12     4.6286          16             1.815              0                     0
6     12     4.6286          16             1.845              0                     0
6     12     4.6286          16             1.875              0                     0
6     12     4.6286          16             1.905              0                     0
6     12     4.6286          16             1.935              0                     0
6     12     4.6286          16             1.965              0                     0
6     12     4.6286          16             1.995              0                     0
6     12     4.6286          16             2.025              0                     0
6     12     4.6286          16             2.055              0                     0
6     12     4.6286          16             2.085              0                     0
6     12     4.6286          16             2.115              0                     0
6     12     4.6286          16             2.145              0                     0
6     12     4.6286          16             2.175              0                     0
6     12     4.6286          16             2.205              0                     0
6     12     4.6286          16             2.235              0                     0
6     12     4.6286          16             2.265              0                     0
6     12     4.6286          16             2.295              0                     0
6     12     4.6286          16             2.325              0                     0
6     12     4.6286          16             2.355              0                     0
6     12     4.6286          16             2.385              0                     0
6     12     4.6286          16             2.415              0                     0
6     12     4.6286          16             2.445              0                     0
6     12     4.6286          16             2.475              0                     0
6     12     4.6286          16             2.505              0                     0
6     12     4.6286          16             2.535              0                     0
6     12     4.6286          16             2.565              0                     0
6     12     4.6286          16             2.595              0                     0
6     12     4.6286          16             2.625              0                     0
6     12     4.6286          16             2.655              0                     0
6     12     4.6286          16             2.685              0                     0
6     12     4.6286          16             2.715              0                     0
6     12     4.6286          16             2.745              0                     0
6     12     4.6286          16             2.775              0                     0
6     12     4.6286          16             2.805              0                     0
6     12     4.6286          16             2.835              0                     0
6     12     4.6286          16             2.865              0                     0
6     12     4.6286          16             2.895              0                     0
6     12     4.6286          16             2.925              0                     0
6     12     4.6286          16             2.955              0                     0
*******************************************************************************************************
 Average mean_angle 2.47326e+07 +- 19672.8 deg 
 Average E' 5.73411e+06 +- 4561.04 GeV 
