*******************************************************************************************************
Z     A     E(GeV)     Theta(deg)     Energy Loss(GeV)     Sigma(nb/sr/GeV)     ERROR     Citation     
*******************************************************************************************************
6     12     0.48          90             0.0012              0                     0
6     12     0.48          90             0.0036              0                     0
6     12     0.48          90             0.006              0                     0
6     12     0.48          90             0.0084              0                     0
6     12     0.48          90             0.0108              0                     0
6     12     0.48          90             0.0132              0                     0
6     12     0.48          90             0.0156              0                     0
6     12     0.48          90             0.018              0                     0
6     12     0.48          90             0.0204              0                     0
6     12     0.48          90             0.0228              0                     0
6     12     0.48          90             0.0252              0                     0
6     12     0.48          90             0.0276              0                     0
6     12     0.48          90             0.03              0                     0
6     12     0.48          90             0.0324              0                     0
6     12     0.48          90             0.0348              0                     0
6     12     0.48          90             0.0372              0                     0
6     12     0.48          90             0.0396              0                     0
6     12     0.48          90             0.042              0                     0
6     12     0.48          90             0.0444              0                     0
6     12     0.48          90             0.0468              0                     0
6     12     0.48          90             0.0492              0                     0
6     12     0.48          90             0.0516              0                     0
6     12     0.48          90             0.054              0                     0
6     12     0.48          90             0.0564              0                     0
6     12     0.48          90             0.0588              0                     0
6     12     0.48          90             0.0612              0                     0
6     12     0.48          90             0.0636              0                     0
6     12     0.48          90             0.066              0                     0
6     12     0.48          90             0.0684              0                     0
6     12     0.48          90             0.0708              0                     0
6     12     0.48          90             0.0732              0                     0
6     12     0.48          90             0.0756              0                     0
6     12     0.48          90             0.078              0                     0
6     12     0.48          90             0.0804              0                     0
6     12     0.48          90             0.0828              0                     0
6     12     0.48          90             0.0852              0                     0
6     12     0.48          90             0.0876              0                     0
6     12     0.48          90             0.09              0                     0
6     12     0.48          90             0.0924              0                     0
6     12     0.48          90             0.0948              0                     0
6     12     0.48          90             0.0972              0                     0
6     12     0.48          90             0.0996              0                     0
6     12     0.48          90             0.102              0                     0
6     12     0.48          90             0.1044              0                     0
6     12     0.48          90             0.1068              0                     0
6     12     0.48          90             0.1092              0                     0
6     12     0.48          90             0.1116              0                     0
6     12     0.48          90             0.114              0                     0
6     12     0.48          90             0.1164              0                     0
6     12     0.48          90             0.1188              0                     0
6     12     0.48          90             0.1212              0                     0
6     12     0.48          90             0.1236              0                     0
6     12     0.48          90             0.126              0                     0
6     12     0.48          90             0.1284              0                     0
6     12     0.48          90             0.1308              0                     0
6     12     0.48          90             0.1332              0                     0
6     12     0.48          90             0.1356              0                     0
6     12     0.48          90             0.138              0                     0
6     12     0.48          90             0.1404              0                     0
6     12     0.48          90             0.1428              0                     0
6     12     0.48          90             0.1452              0                     0
6     12     0.48          90             0.1476              0                     0
6     12     0.48          90             0.15              0                     0
6     12     0.48          90             0.1524              0                     0
6     12     0.48          90             0.1548              0                     0
6     12     0.48          90             0.1572              0                     0
6     12     0.48          90             0.1596              0                     0
6     12     0.48          90             0.162              0                     0
6     12     0.48          90             0.1644              0                     0
6     12     0.48          90             0.1668              0                     0
6     12     0.48          90             0.1692              0                     0
6     12     0.48          90             0.1716              0                     0
6     12     0.48          90             0.174              0                     0
6     12     0.48          90             0.1764              0                     0
6     12     0.48          90             0.1788              0                     0
6     12     0.48          90             0.1812              0                     0
6     12     0.48          90             0.1836              0                     0
6     12     0.48          90             0.186              0                     0
6     12     0.48          90             0.1884              0                     0
6     12     0.48          90             0.1908              0                     0
6     12     0.48          90             0.1932              0                     0
6     12     0.48          90             0.1956              0                     0
6     12     0.48          90             0.198              0                     0
6     12     0.48          90             0.2004              0                     0
6     12     0.48          90             0.2028              0                     0
6     12     0.48          90             0.2052              0                     0
6     12     0.48          90             0.2076              1.03858                     0.519289
6     12     0.48          90             0.21              0.259645                     0.259645
6     12     0.48          90             0.2124              0.259645                     0.259645
6     12     0.48          90             0.2148              0.778934                     0.449718
6     12     0.48          90             0.2172              0.259645                     0.259645
6     12     0.48          90             0.2196              0.778934                     0.449718
6     12     0.48          90             0.222              0.778934                     0.449718
6     12     0.48          90             0.2244              2.59645                     0.821069
6     12     0.48          90             0.2268              1.81751                     0.686955
6     12     0.48          90             0.2292              3.37538                     0.936162
6     12     0.48          90             0.2316              4.41396                     1.07054
6     12     0.48          90             0.234              6.75076                     1.32393
6     12     0.48          90             0.2364              7.78934                     1.42213
6     12     0.48          90             0.2388              8.04899                     1.44564
6     12     0.48          90             0.2412              9.60685                     1.57936
6     12     0.48          90             0.2436              13.2419                     1.85423
6     12     0.48          90             0.246              7.01041                     1.34915
6     12     0.48          90             0.2484              12.2033                     1.78003
6     12     0.48          90             0.2508              14.7997                     1.96027
6     12     0.48          90             0.2532              19.9926                     2.27837
6     12     0.48          90             0.2556              26.2241                     2.6094
6     12     0.48          90             0.258              21.8102                     2.37968
6     12     0.48          90             0.2604              25.9645                     2.59645
6     12     0.48          90             0.2628              27.003                     2.64787
6     12     0.48          90             0.2652              33.2345                     2.93754
6     12     0.48          90             0.2676              37.6485                     3.12654
6     12     0.48          90             0.27              40.5046                     3.24296
6     12     0.48          90             0.2724              48.5536                     3.55059
6     12     0.48          90             0.2748              51.9289                     3.67193
6     12     0.48          90             0.2772              50.6307                     3.62574
6     12     0.48          90             0.2796              55.564                     3.79827
6     12     0.48          90             0.282              56.3429                     3.82481
6     12     0.48          90             0.2844              73.7391                     4.37561
6     12     0.48          90             0.2868              62.5744                     4.03077
6     12     0.48          90             0.2892              68.2866                     4.21073
6     12     0.48          90             0.2916              77.1145                     4.47464
6     12     0.48          90             0.294              83.6056                     4.65916
6     12     0.48          90             0.2964              80.7495                     4.57888
6     12     0.48          90             0.2988              79.4513                     4.54193
6     12     0.48          90             0.3012              97.1071                     5.02129
6     12     0.48          90             0.3036              86.7213                     4.74518
6     12     0.48          90             0.306              96.8475                     5.01457
6     12     0.48          90             0.3084              97.6264                     5.0347
6     12     0.48          90             0.3108              102.56                     5.16034
6     12     0.48          90             0.3132              106.454                     5.2574
6     12     0.48          90             0.3156              111.907                     5.39036
6     12     0.48          90             0.318              108.791                     5.31479
6     12     0.48          90             0.3204              114.503                     5.45254
6     12     0.48          90             0.3228              120.215                     5.58689
6     12     0.48          90             0.3252              111.388                     5.37784
6     12     0.48          90             0.3276              124.37                     5.6826
6     12     0.48          90             0.33              122.033                     5.62896
6     12     0.48          90             0.3324              126.707                     5.73574
6     12     0.48          90             0.3348              126.707                     5.73574
6     12     0.48          90             0.3372              127.226                     5.74748
6     12     0.48          90             0.3396              127.745                     5.7592
6     12     0.48          90             0.342              134.236                     5.90371
6     12     0.48          90             0.3444              137.352                     5.97183
6     12     0.48          90             0.3468              139.689                     6.02241
6     12     0.48          90             0.3492              144.882                     6.13333
6     12     0.48          90             0.3516              136.054                     5.94354
6     12     0.48          90             0.354              145.661                     6.1498
6     12     0.48          90             0.3564              143.843                     6.11131
6     12     0.48          90             0.3588              154.229                     6.32809
6     12     0.48          90             0.3612              147.219                     6.1826
6     12     0.48          90             0.3636              133.717                     5.89228
6     12     0.48          90             0.366              153.71                     6.31743
6     12     0.48          90             0.3684              147.478                     6.18805
6     12     0.48          90             0.3708              136.313                     5.94921
6     12     0.48          90             0.3732              136.054                     5.94354
6     12     0.48          90             0.3756              142.805                     6.08921
6     12     0.48          90             0.378              138.391                     5.99436
6     12     0.48          90             0.3804              139.17                     6.01121
6     12     0.48          90             0.3828              145.661                     6.1498
6     12     0.48          90             0.3852              144.882                     6.13333
6     12     0.48          90             0.3876              136.833                     5.96053
6     12     0.48          90             0.39              126.707                     5.73574
6     12     0.48          90             0.3924              139.948                     6.02801
6     12     0.48          90             0.3948              132.678                     5.86935
6     12     0.48          90             0.3972              121.773                     5.62297
6     12     0.48          90             0.3996              133.457                     5.88655
6     12     0.48          90             0.402              129.822                     5.80583
6     12     0.48          90             0.4044              121.773                     5.62297
6     12     0.48          90             0.4068              129.303                     5.79421
6     12     0.48          90             0.4092              110.868                     5.36529
6     12     0.48          90             0.4116              127.486                     5.75334
6     12     0.48          90             0.414              129.303                     5.79421
6     12     0.48          90             0.4164              117.359                     5.52012
6     12     0.48          90             0.4188              112.167                     5.39661
6     12     0.48          90             0.4212              116.321                     5.49564
6     12     0.48          90             0.4236              117.1                     5.51401
6     12     0.48          90             0.426              102.819                     5.16686
6     12     0.48          90             0.4284              97.6264                     5.0347
6     12     0.48          90             0.4308              98.665                     5.06141
6     12     0.48          90             0.4332              93.7317                     4.93325
6     12     0.48          90             0.4356              90.616                     4.85056
6     12     0.48          90             0.438              88.2792                     4.78761
6     12     0.48          90             0.4404              77.1145                     4.47464
6     12     0.48          90             0.4428              78.932                     4.52706
6     12     0.48          90             0.4452              80.2302                     4.56414
6     12     0.48          90             0.4476              79.1916                     4.5345
6     12     0.48          90             0.45              62.0551                     4.01401
6     12     0.48          90             0.4524              59.4586                     3.92914
6     12     0.48          90             0.4548              53.2272                     3.71755
6     12     0.48          90             0.4572              43.101                     3.34529
6     12     0.48          90             0.4596              17.6558                     2.14109
6     12     0.48          90             0.462              0                     0
6     12     0.48          90             0.4644              0                     0
6     12     0.48          90             0.4668              0                     0
6     12     0.48          90             0.4692              0                     0
6     12     0.48          90             0.4716              0                     0
6     12     0.48          90             0.474              0                     0
6     12     0.48          90             0.4764              0                     0
*******************************************************************************************************
 Average mean_angle 3.06756e+06 +- 16613 deg 
 Average E' 3994.86 +- 21.635 GeV 
