*******************************************************************************************************
Z     A     E(GeV)     Theta(deg)     Energy Loss(GeV)     Sigma(nb/sr/GeV)     ERROR     Citation     
*******************************************************************************************************
6     12     0.24          60             0.0012              0.758935                     0.379468
6     12     0.24          60             0.0036              0.948669                     0.424258
6     12     0.24          60             0.006              3.22548                     0.782293
6     12     0.24          60             0.0084              10.6251                     1.41984
6     12     0.24          60             0.0108              16.8863                     1.78995
6     12     0.24          60             0.0132              31.8753                     2.45923
6     12     0.24          60             0.0156              49.1411                     3.05348
6     12     0.24          60             0.018              76.8422                     3.81832
6     12     0.24          60             0.0204              103.974                     4.44156
6     12     0.24          60             0.0228              162.412                     5.55113
6     12     0.24          60             0.0252              205.102                     6.23818
6     12     0.24          60             0.0276              254.243                     6.9454
6     12     0.24          60             0.03              328.809                     7.89849
6     12     0.24          60             0.0324              393.887                     8.64487
6     12     0.24          60             0.0348              473.765                     9.481
6     12     0.24          60             0.0372              569.012                     10.3904
6     12     0.24          60             0.0396              663.12                     11.2168
6     12     0.24          60             0.042              735.219                     11.8108
6     12     0.24          60             0.0444              843.746                     12.6526
6     12     0.24          60             0.0468              934.25                     13.3139
6     12     0.24          60             0.0492              993.826                     13.7318
6     12     0.24          60             0.0516              1081.1                     14.3221
6     12     0.24          60             0.054              1130.05                     14.6427
6     12     0.24          60             0.0564              1208.98                     15.1455
6     12     0.24          60             0.0588              1307.08                     15.7479
6     12     0.24          60             0.0612              1366.65                     16.1028
6     12     0.24          60             0.0636              1434.39                     16.497
6     12     0.24          60             0.066              1490.74                     16.818
6     12     0.24          60             0.0684              1539.88                     17.0929
6     12     0.24          60             0.0708              1564.36                     17.2282
6     12     0.24          60             0.0732              1664.72                     17.7723
6     12     0.24          60             0.0756              1702.1                     17.9707
6     12     0.24          60             0.078              1771.92                     18.3356
6     12     0.24          60             0.0804              1765.09                     18.3002
6     12     0.24          60             0.0828              1848.39                     18.727
6     12     0.24          60             0.0852              1886.14                     18.9173
6     12     0.24          60             0.0876              1913.28                     19.0529
6     12     0.24          60             0.09              1953.5                     19.2521
6     12     0.24          60             0.0924              1986.89                     19.416
6     12     0.24          60             0.0948              2022.18                     19.5877
6     12     0.24          60             0.0972              2024.46                     19.5987
6     12     0.24          60             0.0996              2056.34                     19.7524
6     12     0.24          60             0.102              2060.32                     19.7715
6     12     0.24          60             0.1044              2109.27                     20.005
6     12     0.24          60             0.1068              2160.31                     20.2456
6     12     0.24          60             0.1092              2130.71                     20.1064
6     12     0.24          60             0.1116              2178.14                     20.329
6     12     0.24          60             0.114              2192.56                     20.3962
6     12     0.24          60             0.1164              2216.09                     20.5053
6     12     0.24          60             0.1188              2202.81                     20.4438
6     12     0.24          60             0.1212              2187.82                     20.3741
6     12     0.24          60             0.1236              2244.36                     20.6357
6     12     0.24          60             0.126              2227.67                     20.5588
6     12     0.24          60             0.1284              2277.94                     20.7895
6     12     0.24          60             0.1308              2257.45                     20.6958
6     12     0.24          60             0.1332              2269.03                     20.7488
6     12     0.24          60             0.1356              2293.12                     20.8586
6     12     0.24          60             0.138              2326.14                     21.0083
6     12     0.24          60             0.1404              2304.7                     20.9112
6     12     0.24          60             0.1428              2307.16                     20.9224
6     12     0.24          60             0.1452              2322.72                     20.9928
6     12     0.24          60             0.1476              2325.38                     21.0048
6     12     0.24          60             0.15              2365.41                     21.1849
6     12     0.24          60             0.1524              2328.98                     21.0211
6     12     0.24          60             0.1548              1754.28                     18.2441
6     12     0.24          60             0.1572              985.098                     13.6714
6     12     0.24          60             0.1596              257.089                     6.98417
6     12     0.24          60             0.162              0                     0
6     12     0.24          60             0.1644              0                     0
6     12     0.24          60             0.1668              0                     0
6     12     0.24          60             0.1692              0                     0
6     12     0.24          60             0.1716              0                     0
6     12     0.24          60             0.174              0                     0
6     12     0.24          60             0.1764              0                     0
6     12     0.24          60             0.1788              0                     0
6     12     0.24          60             0.1812              0                     0
6     12     0.24          60             0.1836              0                     0
6     12     0.24          60             0.186              0                     0
6     12     0.24          60             0.1884              0                     0
6     12     0.24          60             0.1908              0                     0
6     12     0.24          60             0.1932              0                     0
6     12     0.24          60             0.1956              0                     0
6     12     0.24          60             0.198              0                     0
6     12     0.24          60             0.2004              0                     0
6     12     0.24          60             0.2028              0                     0
6     12     0.24          60             0.2052              0                     0
6     12     0.24          60             0.2076              0                     0
6     12     0.24          60             0.21              0                     0
6     12     0.24          60             0.2124              0                     0
6     12     0.24          60             0.2148              0                     0
6     12     0.24          60             0.2172              0                     0
6     12     0.24          60             0.2196              0                     0
6     12     0.24          60             0.222              0                     0
6     12     0.24          60             0.2244              0                     0
6     12     0.24          60             0.2268              0                     0
6     12     0.24          60             0.2292              0                     0
6     12     0.24          60             0.2316              0                     0
6     12     0.24          60             0.234              0                     0
6     12     0.24          60             0.2364              0                     0
*******************************************************************************************************
 Average mean_angle 2.96749e+07 +- 42192.3 deg 
 Average E' 67348.7 +- 95.7578 GeV 
