*******************************************************************************************************
Z     A     E(GeV)     Theta(deg)     Energy Loss(GeV)     Sigma(nb/sr/GeV)     ERROR     Citation     
*******************************************************************************************************
6     12     0.4          60             0.002              10.5351                     1.31689
6     12     0.4          60             0.006              214.323                     5.93969
6     12     0.4          60             0.01              828.98                     11.6816
6     12     0.4          60             0.014              1595.08                     16.2039
6     12     0.4          60             0.018              2349.82                     19.6674
6     12     0.4          60             0.022              3176.49                     22.8667
6     12     0.4          60             0.026              4020.45                     25.7257
6     12     0.4          60             0.03              4982.77                     28.6394
6     12     0.4          60             0.034              6237.92                     32.0442
6     12     0.4          60             0.038              7372.59                     34.8369
6     12     0.4          60             0.042              8635.32                     37.7023
6     12     0.4          60             0.046              9795.99                     40.1563
6     12     0.4          60             0.05              10783.5                     42.1317
6     12     0.4          60             0.054              11759.8                     43.9976
6     12     0.4          60             0.058              12578.1                     45.5026
6     12     0.4          60             0.062              13252.6                     46.7068
6     12     0.4          60             0.066              13816.3                     47.6897
6     12     0.4          60             0.07              14320.5                     48.5521
6     12     0.4          60             0.074              14427.3                     48.7328
6     12     0.4          60             0.078              14578.9                     48.9882
6     12     0.4          60             0.082              14540.7                     48.924
6     12     0.4          60             0.086              14446.1                     48.7645
6     12     0.4          60             0.09              14099.9                     48.1767
6     12     0.4          60             0.094              13664.2                     47.4265
6     12     0.4          60             0.098              13269.1                     46.7358
6     12     0.4          60             0.102              12793.7                     45.891
6     12     0.4          60             0.106              12149.4                     44.7205
6     12     0.4          60             0.11              11538.7                     43.5821
6     12     0.4          60             0.114              10895.6                     42.3501
6     12     0.4          60             0.118              10089.2                     40.7527
6     12     0.4          60             0.122              9430.22                     39.3994
6     12     0.4          60             0.126              8714.16                     37.8741
6     12     0.4          60             0.13              8049.96                     36.4021
6     12     0.4          60             0.134              7305.1                     34.677
6     12     0.4          60             0.138              6659.82                     33.1101
6     12     0.4          60             0.142              6052.41                     31.5641
6     12     0.4          60             0.146              5534.21                     30.1826
6     12     0.4          60             0.15              5023.92                     28.7575
6     12     0.4          60             0.154              4567.62                     27.4204
6     12     0.4          60             0.158              4079.05                     25.9125
6     12     0.4          60             0.162              3719.87                     24.7453
6     12     0.4          60             0.166              3385.55                     23.6072
6     12     0.4          60             0.17              3101.6                     22.5955
6     12     0.4          60             0.174              2875.26                     21.7554
6     12     0.4          60             0.178              2650.4                     20.8874
6     12     0.4          60             0.182              2513.11                     20.3393
6     12     0.4          60             0.186              2384.55                     19.8122
6     12     0.4          60             0.19              2272.12                     19.3395
6     12     0.4          60             0.194              2244.47                     19.2214
6     12     0.4          60             0.198              2191.13                     18.9917
6     12     0.4          60             0.202              2176.98                     18.9302
6     12     0.4          60             0.206              2133.36                     18.7396
6     12     0.4          60             0.21              2119.53                     18.6788
6     12     0.4          60             0.214              2199.04                     19.0259
6     12     0.4          60             0.218              2245.13                     19.2243
6     12     0.4          60             0.222              2263.73                     19.3037
6     12     0.4          60             0.226              2316.4                     19.527
6     12     0.4          60             0.23              2327.93                     19.5755
6     12     0.4          60             0.234              2368.58                     19.7457
6     12     0.4          60             0.238              2438.21                     20.0339
6     12     0.4          60             0.242              2458.79                     20.1182
6     12     0.4          60             0.246              2463.73                     20.1384
6     12     0.4          60             0.25              2499.94                     20.2859
6     12     0.4          60             0.254              2535.01                     20.4277
6     12     0.4          60             0.258              2578.63                     20.6027
6     12     0.4          60             0.262              2602.99                     20.6998
6     12     0.4          60             0.266              2577.31                     20.5974
6     12     0.4          60             0.27              2639.2                     20.8433
6     12     0.4          60             0.274              2698.63                     21.0766
6     12     0.4          60             0.278              2699.12                     21.0785
6     12     0.4          60             0.282              2707.52                     21.1113
6     12     0.4          60             0.286              2794.6                     21.4481
6     12     0.4          60             0.29              2866.86                     21.7236
6     12     0.4          60             0.294              2959.04                     22.0701
6     12     0.4          60             0.298              3014.02                     22.2742
6     12     0.4          60             0.302              3147.03                     22.7604
6     12     0.4          60             0.306              3277.07                     23.2259
6     12     0.4          60             0.31              3436.91                     23.7855
6     12     0.4          60             0.314              3630.98                     24.4479
6     12     0.4          60             0.318              3810.25                     25.0441
6     12     0.4          60             0.322              4018.15                     25.7183
6     12     0.4          60             0.326              4265.56                     26.4982
6     12     0.4          60             0.33              4384.24                     26.8644
6     12     0.4          60             0.334              4464.24                     27.1083
6     12     0.4          60             0.338              4628.69                     27.6031
6     12     0.4          60             0.342              4810.75                     28.1407
6     12     0.4          60             0.346              5173.06                     29.1812
6     12     0.4          60             0.35              2658.63                     20.9198
6     12     0.4          60             0.354              4.77371                     0.886456
6     12     0.4          60             0.358              0                     0
6     12     0.4          60             0.362              0                     0
6     12     0.4          60             0.366              0                     0
6     12     0.4          60             0.37              0                     0
6     12     0.4          60             0.374              0                     0
6     12     0.4          60             0.378              0                     0
6     12     0.4          60             0.382              0                     0
6     12     0.4          60             0.386              0                     0
6     12     0.4          60             0.39              0                     0
6     12     0.4          60             0.394              0                     0
*******************************************************************************************************
 Average angle 59.9634 +- 0.0347772 deg 
 Average E' 0.261594 +- 0.000151718 GeV 
