*******************************************************************************************************
Z     A     E(GeV)     Theta(deg)     Energy Loss(GeV)     Sigma(nb/sr/GeV)     ERROR     Citation     
*******************************************************************************************************
6     12     0.537          37.1             0.002685              2078.91                     20.4712
6     12     0.537          37.1             0.008055              8007.62                     40.1769
6     12     0.537          37.1             0.013425              14986.2                     54.963
6     12     0.537          37.1             0.018795              22016.5                     66.6192
6     12     0.537          37.1             0.024165              28585.8                     75.9103
6     12     0.537          37.1             0.029535              34947.1                     83.9327
6     12     0.537          37.1             0.034905              41910.8                     91.9153
6     12     0.537          37.1             0.040275              48121.9                     98.491
6     12     0.537          37.1             0.045645              53009.4                     103.372
6     12     0.537          37.1             0.051015              56147                     106.387
6     12     0.537          37.1             0.056385              58409.8                     108.51
6     12     0.537          37.1             0.061755              59176                     109.219
6     12     0.537          37.1             0.067125              58470.3                     108.566
6     12     0.537          37.1             0.072495              57131.2                     107.315
6     12     0.537          37.1             0.077865              54522.1                     104.836
6     12     0.537          37.1             0.083235              51542.3                     101.931
6     12     0.537          37.1             0.088605              48143.5                     98.5131
6     12     0.537          37.1             0.093975              44273.1                     94.4703
6     12     0.537          37.1             0.099345              40244.7                     90.0699
6     12     0.537          37.1             0.104715              36021                     85.2124
6     12     0.537          37.1             0.110085              32107.7                     80.4506
6     12     0.537          37.1             0.115455              28063.1                     75.2131
6     12     0.537          37.1             0.120825              24462.5                     70.2224
6     12     0.537          37.1             0.126195              20992.9                     65.0521
6     12     0.537          37.1             0.131565              17773.2                     59.8561
6     12     0.537          37.1             0.136935              14928.9                     54.8579
6     12     0.537          37.1             0.142305              12425.5                     50.0474
6     12     0.537          37.1             0.147675              10368.9                     45.7185
6     12     0.537          37.1             0.153045              8556.32                     41.5306
6     12     0.537          37.1             0.158415              6986                     37.5266
6     12     0.537          37.1             0.163785              5679.96                     33.8375
6     12     0.537          37.1             0.169155              4581.74                     30.3907
6     12     0.537          37.1             0.174525              3690.55                     27.2754
6     12     0.537          37.1             0.179895              2965.87                     24.4512
6     12     0.537          37.1             0.185265              2422                     22.0959
6     12     0.537          37.1             0.190635              1965.22                     19.9035
6     12     0.537          37.1             0.196005              1544.52                     17.645
6     12     0.537          37.1             0.201375              1225.01                     15.7143
6     12     0.537          37.1             0.206745              1011.94                     14.2824
6     12     0.537          37.1             0.212115              788.586                     12.6081
6     12     0.537          37.1             0.217485              619.661                     11.1764
6     12     0.537          37.1             0.222855              505.364                     10.0932
6     12     0.537          37.1             0.228225              408.807                     9.07788
6     12     0.537          37.1             0.233595              307.411                     7.872
6     12     0.537          37.1             0.238965              234.641                     6.87744
6     12     0.537          37.1             0.244335              182.834                     6.07091
6     12     0.537          37.1             0.249705              142.518                     5.35994
6     12     0.537          37.1             0.255075              112.281                     4.75749
6     12     0.537          37.1             0.260445              89.0989                     4.238
6     12     0.537          37.1             0.265815              72.1661                     3.8141
6     12     0.537          37.1             0.271185              52.8143                     3.26288
6     12     0.537          37.1             0.276555              42.5337                     2.92814
6     12     0.537          37.1             0.281925              37.6957                     2.75658
6     12     0.537          37.1             0.287295              23.3834                     2.1711
6     12     0.537          37.1             0.292665              24.3913                     2.21739
6     12     0.537          37.1             0.298035              17.7392                     1.891
6     12     0.537          37.1             0.303405              14.3123                     1.69855
6     12     0.537          37.1             0.308775              11.8933                     1.54838
6     12     0.537          37.1             0.314145              5.64428                     1.06667
6     12     0.537          37.1             0.319515              7.25693                     1.20949
6     12     0.537          37.1             0.324885              5.4427                     1.04745
6     12     0.537          37.1             0.330255              5.24111                     1.02787
6     12     0.537          37.1             0.335625              3.42688                     0.831141
6     12     0.537          37.1             0.340995              2.82214                     0.754248
6     12     0.537          37.1             0.346365              1.20949                     0.493771
6     12     0.537          37.1             0.351735              1.61265                     0.570158
6     12     0.537          37.1             0.357105              1.61265                     0.570158
6     12     0.537          37.1             0.362475              0.604744                     0.349149
6     12     0.537          37.1             0.367845              0.201581                     0.201581
6     12     0.537          37.1             0.373215              0.403163                     0.285079
6     12     0.537          37.1             0.378585              0.201581                     0.201581
6     12     0.537          37.1             0.383955              0.201581                     0.201581
6     12     0.537          37.1             0.389325              0                     0
6     12     0.537          37.1             0.394695              0.201581                     0.201581
6     12     0.537          37.1             0.400065              0                     0
6     12     0.537          37.1             0.405435              0                     0
6     12     0.537          37.1             0.410805              0                     0
6     12     0.537          37.1             0.416175              0                     0
6     12     0.537          37.1             0.421545              0.403163                     0.285079
6     12     0.537          37.1             0.426915              0                     0
6     12     0.537          37.1             0.432285              0                     0
6     12     0.537          37.1             0.437655              0                     0
6     12     0.537          37.1             0.443025              0                     0
6     12     0.537          37.1             0.448395              0                     0
6     12     0.537          37.1             0.453765              0                     0
6     12     0.537          37.1             0.459135              0                     0
6     12     0.537          37.1             0.464505              0                     0
6     12     0.537          37.1             0.469875              0                     0
6     12     0.537          37.1             0.475245              0                     0
6     12     0.537          37.1             0.480615              0                     0
6     12     0.537          37.1             0.485985              0                     0
6     12     0.537          37.1             0.491355              0                     0
6     12     0.537          37.1             0.496725              0                     0
6     12     0.537          37.1             0.502095              0                     0
6     12     0.537          37.1             0.507465              0                     0
6     12     0.537          37.1             0.512835              0                     0
6     12     0.537          37.1             0.518205              0                     0
6     12     0.537          37.1             0.523575              0                     0
6     12     0.537          37.1             0.528945              0                     0
*******************************************************************************************************
 Average mean_angle 1.87978e+08 +- 83434.7 deg 
 Average E' 2.33566e+06 +- 1036.69 GeV 
