*******************************************************************************************************
Z     A     E(GeV)     Theta(deg)     Energy Loss(GeV)     Sigma(nb/sr/GeV)     ERROR     Citation     
*******************************************************************************************************
6     12     2.222          15.54             0.01111              0                     0
6     12     2.222          15.54             0.03333              0                     0
6     12     2.222          15.54             0.05555              0                     0
6     12     2.222          15.54             0.07777              0                     0
6     12     2.222          15.54             0.09999              0                     0
6     12     2.222          15.54             0.12221              0                     0
6     12     2.222          15.54             0.14443              0                     0
6     12     2.222          15.54             0.16665              0                     0
6     12     2.222          15.54             0.18887              0                     0
6     12     2.222          15.54             0.21109              0                     0
6     12     2.222          15.54             0.23331              1.04749                     0.60477
6     12     2.222          15.54             0.25553              6.98328                     1.56151
6     12     2.222          15.54             0.27775              49.9304                     4.17539
6     12     2.222          15.54             0.29997              155.378                     7.36562
6     12     2.222          15.54             0.32219              372.907                     11.4108
6     12     2.222          15.54             0.34441              1001.05                     18.6958
6     12     2.222          15.54             0.36663              2042.26                     26.7036
6     12     2.222          15.54             0.38885              3796.46                     36.4086
6     12     2.222          15.54             0.41107              5974.54                     45.6738
6     12     2.222          15.54             0.43329              8296.83                     53.8234
6     12     2.222          15.54             0.45551              10312.2                     60.0054
6     12     2.222          15.54             0.47773              11844                     64.3078
6     12     2.222          15.54             0.49995              12610.4                     66.3558
6     12     2.222          15.54             0.52217              12746.2                     66.7122
6     12     2.222          15.54             0.54439              12243.8                     65.3842
6     12     2.222          15.54             0.56661              11456.1                     63.2459
6     12     2.222          15.54             0.58883              10518.2                     60.6018
6     12     2.222          15.54             0.61105              9393.21                     57.2693
6     12     2.222          15.54             0.63327              8551.72                     54.6439
6     12     2.222          15.54             0.65549              7857.93                     52.3804
6     12     2.222          15.54             0.67771              7066.03                     49.6709
6     12     2.222          15.54             0.69993              6784.95                     48.673
6     12     2.222          15.54             0.72215              6549.62                     47.8214
6     12     2.222          15.54             0.74437              6672.52                     48.268
6     12     2.222          15.54             0.76659              6955.35                     49.2804
6     12     2.222          15.54             0.78881              7201.86                     50.1461
6     12     2.222          15.54             0.81103              7509.82                     51.207
6     12     2.222          15.54             0.83325              7876.79                     52.4432
6     12     2.222          15.54             0.85547              8251.44                     53.6759
6     12     2.222          15.54             0.87769              8449.07                     54.3149
6     12     2.222          15.54             0.89991              8680.22                     55.0529
6     12     2.222          15.54             0.92213              8854.1                     55.6015
6     12     2.222          15.54             0.94435              8738.87                     55.2386
6     12     2.222          15.54             0.96657              8765.41                     55.3224
6     12     2.222          15.54             0.98879              8670.09                     55.0207
6     12     2.222          15.54             1.01101              8640.41                     54.9265
6     12     2.222          15.54             1.03323              8251.44                     53.6759
6     12     2.222          15.54             1.05545              7967.22                     52.7434
6     12     2.222          15.54             1.07767              7563.94                     51.3912
6     12     2.222          15.54             1.09989              7033.91                     49.5579
6     12     2.222          15.54             1.12211              6498.29                     47.6337
6     12     2.222          15.54             1.14433              5882.71                     45.3214
6     12     2.222          15.54             1.16655              5268.88                     42.8918
6     12     2.222          15.54             1.18877              4588.71                     40.0277
6     12     2.222          15.54             1.21099              3888.29                     36.8463
6     12     2.222          15.54             1.23321              3322.64                     34.0609
6     12     2.222          15.54             1.25543              2837.31                     31.4751
6     12     2.222          15.54             1.27765              2357.9                     28.6931
6     12     2.222          15.54             1.29987              1906.09                     25.798
6     12     2.222          15.54             1.32209              1595.33                     23.6015
6     12     2.222          15.54             1.34431              1329.97                     21.5494
6     12     2.222          15.54             1.36653              1031.08                     18.9741
6     12     2.222          15.54             1.38875              816.694                     16.8867
6     12     2.222          15.54             1.41097              654.682                     15.1192
6     12     2.222          15.54             1.43319              506.637                     13.3004
6     12     2.222          15.54             1.45541              371.86                     11.3947
6     12     2.222          15.54             1.47763              287.711                     10.0229
6     12     2.222          15.54             1.49985              189.247                     8.12885
6     12     2.222          15.54             1.52207              139.316                     6.97454
6     12     2.222          15.54             1.54429              98.1151                     5.85305
6     12     2.222          15.54             1.56651              68.4361                     4.8883
6     12     2.222          15.54             1.58873              34.2181                     3.45655
6     12     2.222          15.54             1.61095              23.394                     2.85803
6     12     2.222          15.54             1.63317              10.8241                     1.94406
6     12     2.222          15.54             1.65539              3.14248                     1.04749
6     12     2.222          15.54             1.67761              1.74582                     0.780754
6     12     2.222          15.54             1.69983              0.349164                     0.349164
6     12     2.222          15.54             1.72205              0                     0
6     12     2.222          15.54             1.74427              0                     0
6     12     2.222          15.54             1.76649              0                     0
6     12     2.222          15.54             1.78871              0                     0
6     12     2.222          15.54             1.81093              0                     0
6     12     2.222          15.54             1.83315              0                     0
6     12     2.222          15.54             1.85537              0                     0
6     12     2.222          15.54             1.87759              0                     0
6     12     2.222          15.54             1.89981              0                     0
6     12     2.222          15.54             1.92203              0                     0
6     12     2.222          15.54             1.94425              0                     0
6     12     2.222          15.54             1.96647              0                     0
6     12     2.222          15.54             1.98869              0                     0
6     12     2.222          15.54             2.01091              0                     0
6     12     2.222          15.54             2.03313              0                     0
6     12     2.222          15.54             2.05535              0                     0
6     12     2.222          15.54             2.07757              0                     0
6     12     2.222          15.54             2.09979              0                     0
6     12     2.222          15.54             2.12201              0                     0
6     12     2.222          15.54             2.14423              0                     0
6     12     2.222          15.54             2.16645              0                     0
6     12     2.222          15.54             2.18867              0                     0
*******************************************************************************************************
 Average angle 1.45271e+07 +- 14955.9 deg 
 Average E' 1.34777e+06 +- 1387.56 GeV 
