*******************************************************************************************************
Z     A     E(GeV)     Theta(deg)     Energy Loss(GeV)     Sigma(nb/sr/GeV)     ERROR     Citation     
*******************************************************************************************************
6     12     2.095          74.98             1.205              0                     0
6     12     2.095          74.98             1.215              0                     0
6     12     2.095          74.98             1.225              0                     0
6     12     2.095          74.98             1.235              0                     0
6     12     2.095          74.98             1.245              0                     0
6     12     2.095          74.98             1.255              0                     0
6     12     2.095          74.98             1.265              0.277268                     0.277268
6     12     2.095          74.98             1.275              0                     0
6     12     2.095          74.98             1.285              0.554536                     0.392116
6     12     2.095          74.98             1.295              0.554536                     0.392116
6     12     2.095          74.98             1.305              0.554536                     0.392116
6     12     2.095          74.98             1.315              1.38634                     0.619991
6     12     2.095          74.98             1.325              1.10907                     0.554536
6     12     2.095          74.98             1.335              1.38634                     0.619991
6     12     2.095          74.98             1.345              1.66361                     0.679166
6     12     2.095          74.98             1.355              1.10907                     0.554536
6     12     2.095          74.98             1.365              1.66361                     0.679166
6     12     2.095          74.98             1.375              1.94088                     0.733583
6     12     2.095          74.98             1.385              2.21815                     0.784233
6     12     2.095          74.98             1.395              3.32722                     0.960485
6     12     2.095          74.98             1.405              3.60449                     0.999705
6     12     2.095          74.98             1.415              3.88176                     1.03744
6     12     2.095          74.98             1.425              3.88176                     1.03744
6     12     2.095          74.98             1.435              6.37717                     1.32973
6     12     2.095          74.98             1.445              10.8135                     1.73154
6     12     2.095          74.98             1.455              7.20897                     1.4138
6     12     2.095          74.98             1.465              8.04078                     1.49314
6     12     2.095          74.98             1.475              11.368                     1.77538
6     12     2.095          74.98             1.485              13.3089                     1.92097
6     12     2.095          74.98             1.495              11.0907                     1.7536
6     12     2.095          74.98             1.505              9.70439                     1.64034
6     12     2.095          74.98             1.515              11.6453                     1.7969
6     12     2.095          74.98             1.525              17.1906                     2.18321
6     12     2.095          74.98             1.535              13.8634                     1.96058
6     12     2.095          74.98             1.545              13.3089                     1.92097
6     12     2.095          74.98             1.555              15.8043                     2.09333
6     12     2.095          74.98             1.565              21.6269                     2.44877
6     12     2.095          74.98             1.575              22.1815                     2.47996
6     12     2.095          74.98             1.585              23.0133                     2.52603
6     12     2.095          74.98             1.595              24.3996                     2.60101
6     12     2.095          74.98             1.605              24.3996                     2.60101
6     12     2.095          74.98             1.615              32.7176                     3.0119
6     12     2.095          74.98             1.625              33.8267                     3.06253
6     12     2.095          74.98             1.635              38.263                     3.25716
6     12     2.095          74.98             1.645              32.4404                     2.99911
6     12     2.095          74.98             1.655              32.9949                     3.02464
6     12     2.095          74.98             1.665              30.2222                     2.89477
6     12     2.095          74.98             1.675              42.6993                     3.44081
6     12     2.095          74.98             1.685              48.7992                     3.67838
*******************************************************************************************************
 Average angle 74.9455 +- 0.681351 deg 
 Average E' 0.248895 +- 0.00226278 GeV 
