*******************************************************************************************************
Z     A     E(GeV)     Theta(deg)     Energy Loss(GeV)     Sigma(nb/sr/GeV)     ERROR     Citation     
*******************************************************************************************************
6     12     0.62          60             0.0031              0                     0
6     12     0.62          60             0.0093              0                     0
6     12     0.62          60             0.0155              0                     0
6     12     0.62          60             0.0217              0                     0
6     12     0.62          60             0.0279              0                     0
6     12     0.62          60             0.0341              0                     0
6     12     0.62          60             0.0403              0                     0
6     12     0.62          60             0.0465              0                     0
6     12     0.62          60             0.0527              0                     0
6     12     0.62          60             0.0589              0                     0
6     12     0.62          60             0.0651              0                     0
6     12     0.62          60             0.0713              0                     0
6     12     0.62          60             0.0775              0                     0
6     12     0.62          60             0.0837              0                     0
6     12     0.62          60             0.0899              0                     0
6     12     0.62          60             0.0961              0                     0
6     12     0.62          60             0.1023              0                     0
6     12     0.62          60             0.1085              0                     0
6     12     0.62          60             0.1147              0                     0
6     12     0.62          60             0.1209              0                     0
6     12     0.62          60             0.1271              0                     0
6     12     0.62          60             0.1333              0                     0
6     12     0.62          60             0.1395              0                     0
6     12     0.62          60             0.1457              0                     0
6     12     0.62          60             0.1519              0                     0
6     12     0.62          60             0.1581              0                     0
6     12     0.62          60             0.1643              0                     0
6     12     0.62          60             0.1705              0                     0
6     12     0.62          60             0.1767              0                     0
6     12     0.62          60             0.1829              0                     0
6     12     0.62          60             0.1891              0                     0
6     12     0.62          60             0.1953              0                     0
6     12     0.62          60             0.2015              0.127717                     0.127717
6     12     0.62          60             0.2077              0.255434                     0.180619
6     12     0.62          60             0.2139              1.02174                     0.361239
6     12     0.62          60             0.2201              3.32064                     0.651232
6     12     0.62          60             0.2263              6.13042                     0.88485
6     12     0.62          60             0.2325              9.83422                     1.12071
6     12     0.62          60             0.2387              15.3261                     1.39907
6     12     0.62          60             0.2449              25.5434                     1.80619
6     12     0.62          60             0.2511              34.8668                     2.11023
6     12     0.62          60             0.2573              44.9564                     2.39619
6     12     0.62          60             0.2635              60.9211                     2.78938
6     12     0.62          60             0.2697              70.6276                     3.00339
6     12     0.62          60             0.2759              88.6357                     3.36456
6     12     0.62          60             0.2821              109.326                     3.73668
6     12     0.62          60             0.2883              131.038                     4.09094
6     12     0.62          60             0.2945              141                     4.24359
6     12     0.62          60             0.3007              159.646                     4.51548
6     12     0.62          60             0.3069              178.804                     4.77874
6     12     0.62          60             0.3131              196.557                     5.01035
6     12     0.62          60             0.3193              201.921                     5.07826
6     12     0.62          60             0.3255              213.415                     5.2208
6     12     0.62          60             0.3317              220.057                     5.30141
6     12     0.62          60             0.3379              244.834                     5.59191
6     12     0.62          60             0.3441              253.774                     5.69309
6     12     0.62          60             0.3503              266.418                     5.83319
6     12     0.62          60             0.3565              277.912                     5.9577
6     12     0.62          60             0.3627              281.233                     5.99319
6     12     0.62          60             0.3689              283.66                     6.01899
6     12     0.62          60             0.3751              280.594                     5.98638
6     12     0.62          60             0.3813              289.79                     6.08368
6     12     0.62          60             0.3875              301.923                     6.20973
6     12     0.62          60             0.3937              308.565                     6.27766
6     12     0.62          60             0.3999              300.007                     6.19
6     12     0.62          60             0.4061              301.796                     6.20842
6     12     0.62          60             0.4123              305.372                     6.24509
6     12     0.62          60             0.4185              301.029                     6.20053
6     12     0.62          60             0.4247              309.075                     6.28285
6     12     0.62          60             0.4309              304.988                     6.24117
6     12     0.62          60             0.4371              304.094                     6.23202
6     12     0.62          60             0.4433              299.113                     6.18077
6     12     0.62          60             0.4495              291.961                     6.10643
6     12     0.62          60             0.4557              288.13                     6.06623
6     12     0.62          60             0.4619              289.279                     6.07831
6     12     0.62          60             0.4681              286.98                     6.05411
6     12     0.62          60             0.4743              269.994                     5.87221
6     12     0.62          60             0.4805              279.317                     5.97274
6     12     0.62          60             0.4867              268.078                     5.85134
6     12     0.62          60             0.4929              261.692                     5.78123
6     12     0.62          60             0.4991              247.643                     5.6239
6     12     0.62          60             0.5053              253.391                     5.68879
6     12     0.62          60             0.5115              247.643                     5.6239
6     12     0.62          60             0.5177              237.809                     5.51111
6     12     0.62          60             0.5239              224.399                     5.35346
6     12     0.62          60             0.5301              216.097                     5.25351
6     12     0.62          60             0.5363              198.089                     5.02985
6     12     0.62          60             0.5425              192.853                     4.96292
6     12     0.62          60             0.5487              174.462                     4.72035
6     12     0.62          60             0.5549              168.97                     4.64546
6     12     0.62          60             0.5611              158.88                     4.50463
6     12     0.62          60             0.5673              144.065                     4.28947
6     12     0.62          60             0.5735              130.016                     4.07496
6     12     0.62          60             0.5797              108.049                     3.71479
6     12     0.62          60             0.5859              77.652                     3.1492
6     12     0.62          60             0.5921              0.127717                     0.127717
6     12     0.62          60             0.5983              0                     0
6     12     0.62          60             0.6045              0                     0
6     12     0.62          60             0.6107              0                     0
*******************************************************************************************************
 Average mean_angle 5.70188e+06 +- 18491.7 deg 
 Average E' 18533.1 +- 60.1046 GeV 
