*******************************************************************************************************
Z     A     E(GeV)     Theta(deg)     Energy Loss(GeV)     Sigma(nb/sr/GeV)     ERROR     Citation     
*******************************************************************************************************
6     12     3.595          25.016             0.017975              0                     0
6     12     3.595          25.016             0.053925              0                     0
6     12     3.595          25.016             0.089875              0                     0
6     12     3.595          25.016             0.125825              0                     0
6     12     3.595          25.016             0.161775              0                     0
6     12     3.595          25.016             0.197725              0                     0
6     12     3.595          25.016             0.233675              0                     0
6     12     3.595          25.016             0.269625              0                     0
6     12     3.595          25.016             0.305575              0                     0
6     12     3.595          25.016             0.341525              0                     0
6     12     3.595          25.016             0.377475              0                     0
6     12     3.595          25.016             0.413425              0                     0
6     12     3.595          25.016             0.449375              0.344484                     0.172242
6     12     3.595          25.016             0.485325              0.0861211                     0.0861211
6     12     3.595          25.016             0.521275              0.430605                     0.192573
6     12     3.595          25.016             0.557225              0.258363                     0.149166
6     12     3.595          25.016             0.593175              0.430605                     0.192573
6     12     3.595          25.016             0.629125              1.37794                     0.344484
6     12     3.595          25.016             0.665075              2.15303                     0.430605
6     12     3.595          25.016             0.701025              2.49751                     0.463776
6     12     3.595          25.016             0.736975              3.10036                     0.516726
6     12     3.595          25.016             0.772925              3.2726                     0.530886
6     12     3.595          25.016             0.808875              6.37296                     0.740841
6     12     3.595          25.016             0.844825              7.40641                     0.798654
6     12     3.595          25.016             0.880775              9.30108                     0.894996
6     12     3.595          25.016             0.916725              12.1431                     1.02263
6     12     3.595          25.016             0.952675              14.21                     1.10625
6     12     3.595          25.016             0.988625              12.4876                     1.03703
6     12     3.595          25.016             1.02458              14.2961                     1.10959
6     12     3.595          25.016             1.06053              14.7267                     1.12618
6     12     3.595          25.016             1.09648              15.8463                     1.1682
6     12     3.595          25.016             1.13243              14.9851                     1.13601
6     12     3.595          25.016             1.16838              14.9851                     1.13601
6     12     3.595          25.016             1.20433              13.0043                     1.05827
6     12     3.595          25.016             1.24028              12.4014                     1.03345
6     12     3.595          25.016             1.27623              10.8513                     0.966707
6     12     3.595          25.016             1.31218              8.35374                     0.848194
6     12     3.595          25.016             1.34813              9.30108                     0.894996
6     12     3.595          25.016             1.38408              8.1815                     0.839404
6     12     3.595          25.016             1.42003              7.83702                     0.821543
6     12     3.595          25.016             1.45598              7.57865                     0.807887
6     12     3.595          25.016             1.49193              4.65054                     0.632858
6     12     3.595          25.016             1.52788              5.85623                     0.710173
6     12     3.595          25.016             1.56383              5.94235                     0.715375
6     12     3.595          25.016             1.59978              4.4783                     0.621028
6     12     3.595          25.016             1.63573              3.53096                     0.551444
6     12     3.595          25.016             1.67168              1.29182                     0.333545
6     12     3.595          25.016             1.70763              0                     0
6     12     3.595          25.016             1.74358              0                     0
6     12     3.595          25.016             1.77953              0                     0
6     12     3.595          25.016             1.81548              0                     0
6     12     3.595          25.016             1.85143              0                     0
6     12     3.595          25.016             1.88738              0                     0
6     12     3.595          25.016             1.92333              0                     0
6     12     3.595          25.016             1.95928              0                     0
6     12     3.595          25.016             1.99523              0                     0
6     12     3.595          25.016             2.03118              0                     0
6     12     3.595          25.016             2.06712              0                     0
6     12     3.595          25.016             2.10308              0                     0
6     12     3.595          25.016             2.13903              0                     0
6     12     3.595          25.016             2.17497              0                     0
6     12     3.595          25.016             2.21093              0                     0
6     12     3.595          25.016             2.24688              0                     0
6     12     3.595          25.016             2.28282              0                     0
6     12     3.595          25.016             2.31878              0                     0
6     12     3.595          25.016             2.35473              0                     0
6     12     3.595          25.016             2.39067              0                     0
6     12     3.595          25.016             2.42663              0                     0
6     12     3.595          25.016             2.46258              0                     0
6     12     3.595          25.016             2.49852              0                     0
6     12     3.595          25.016             2.53448              0                     0
6     12     3.595          25.016             2.57043              0                     0
6     12     3.595          25.016             2.60637              0                     0
6     12     3.595          25.016             2.64233              0                     0
6     12     3.595          25.016             2.67828              0                     0
6     12     3.595          25.016             2.71422              0                     0
6     12     3.595          25.016             2.75018              0                     0
6     12     3.595          25.016             2.78613              0                     0
6     12     3.595          25.016             2.82207              0                     0
6     12     3.595          25.016             2.85803              0                     0
6     12     3.595          25.016             2.89398              0                     0
6     12     3.595          25.016             2.92992              0                     0
6     12     3.595          25.016             2.96588              0                     0
6     12     3.595          25.016             3.00183              0                     0
6     12     3.595          25.016             3.03777              0                     0
6     12     3.595          25.016             3.07373              0                     0
6     12     3.595          25.016             3.10968              0                     0
6     12     3.595          25.016             3.14562              0                     0
6     12     3.595          25.016             3.18158              0                     0
6     12     3.595          25.016             3.21753              0                     0
6     12     3.595          25.016             3.25347              0                     0
6     12     3.595          25.016             3.28943              0                     0
6     12     3.595          25.016             3.32538              0                     0
6     12     3.595          25.016             3.36132              0                     0
6     12     3.595          25.016             3.39728              0                     0
6     12     3.595          25.016             3.43323              0                     0
6     12     3.595          25.016             3.46917              0                     0
6     12     3.595          25.016             3.50513              0                     0
6     12     3.595          25.016             3.54108              0                     0
*******************************************************************************************************
 Average mean_angle 73032.5 +- 1344.87 deg 
 Average E' 7227.47 +- 133.091 GeV 
