*******************************************************************************************************
Z     A     E(GeV)     Theta(deg)     Energy Loss(GeV)     Sigma(nb/sr/GeV)     ERROR     Citation     
*******************************************************************************************************
6     12     2.13          16             0.01065              36.6535                     5.5896
6     12     2.13          16             0.03195              862.635                     27.1167
6     12     2.13          16             0.05325              3150.49                     51.8218
6     12     2.13          16             0.07455              7593.24                     80.452
6     12     2.13          16             0.09585              14800.3                     112.321
6     12     2.13          16             0.11715              22961.3                     139.901
6     12     2.13          16             0.13845              30512.7                     161.274
6     12     2.13          16             0.15975              35478.9                     173.903
6     12     2.13          16             0.18105              37142.8                     177.935
6     12     2.13          16             0.20235              36361.9                     176.054
6     12     2.13          16             0.22365              32542.3                     166.551
6     12     2.13          16             0.24495              27323.9                     152.614
6     12     2.13          16             0.26625              22037.3                     137.057
6     12     2.13          16             0.28755              16732.7                     119.428
6     12     2.13          16             0.30885              12384.6                     102.746
6     12     2.13          16             0.33015              8755.07                     86.3879
6     12     2.13          16             0.35145              5970.25                     71.3378
6     12     2.13          16             0.37275              4049.78                     58.7542
6     12     2.13          16             0.39405              2692.75                     47.9095
6     12     2.13          16             0.41535              1877                     39.9996
6     12     2.13          16             0.43665              1340.84                     33.8073
6     12     2.13          16             0.45795              940.204                     28.3096
6     12     2.13          16             0.47925              668.287                     23.8674
6     12     2.13          16             0.50055              487.576                     20.3866
6     12     2.13          16             0.52185              372.502                     17.8192
6     12     2.13          16             0.54315              324.767                     16.6383
6     12     2.13          16             0.56445              223.33                     13.7974
6     12     2.13          16             0.58575              146.614                     11.1792
6     12     2.13          16             0.60705              123.599                     10.2643
6     12     2.13          16             0.62835              103.994                     9.41514
6     12     2.13          16             0.64965              67.3401                     7.57635
6     12     2.13          16             0.67095              51.1444                     6.60271
6     12     2.13          16             0.69225              45.1775                     6.20561
6     12     2.13          16             0.71355              36.6535                     5.5896
6     12     2.13          16             0.73485              23.8674                     4.51051
6     12     2.13          16             0.75615              28.1294                     4.8967
6     12     2.13          16             0.77745              14.4909                     3.51456
6     12     2.13          16             0.79875              18.7529                     3.99814
6     12     2.13          16             0.82005              10.2289                     2.95282
6     12     2.13          16             0.84135              7.67166                     2.55722
6     12     2.13          16             0.86265              2.55722                     1.47641
6     12     2.13          16             0.88395              2.55722                     1.47641
6     12     2.13          16             0.90525              6.81925                     2.41097
6     12     2.13          16             0.92655              1.70481                     1.20548
6     12     2.13          16             0.94785              3.40963                     1.70481
6     12     2.13          16             0.96915              2.55722                     1.47641
6     12     2.13          16             0.99045              0.852406                     0.852406
6     12     2.13          16             1.01175              0.852406                     0.852406
6     12     2.13          16             1.03305              1.70481                     1.20548
6     12     2.13          16             1.05435              0.852406                     0.852406
6     12     2.13          16             1.07565              0.852406                     0.852406
6     12     2.13          16             1.09695              0.852406                     0.852406
6     12     2.13          16             1.11825              0                     0
6     12     2.13          16             1.13955              0                     0
6     12     2.13          16             1.16085              0                     0
6     12     2.13          16             1.18215              0                     0
6     12     2.13          16             1.20345              0                     0
6     12     2.13          16             1.22475              0                     0
6     12     2.13          16             1.24605              0                     0
6     12     2.13          16             1.26735              0                     0
6     12     2.13          16             1.28865              0                     0
6     12     2.13          16             1.30995              0                     0
6     12     2.13          16             1.33125              0                     0
6     12     2.13          16             1.35255              0                     0
6     12     2.13          16             1.37385              0                     0
6     12     2.13          16             1.39515              0                     0
6     12     2.13          16             1.41645              0                     0
6     12     2.13          16             1.43775              0                     0
6     12     2.13          16             1.45905              0                     0
6     12     2.13          16             1.48035              0                     0
6     12     2.13          16             1.50165              0                     0
6     12     2.13          16             1.52295              0                     0
6     12     2.13          16             1.54425              0                     0
6     12     2.13          16             1.56555              0                     0
6     12     2.13          16             1.58685              0                     0
6     12     2.13          16             1.60815              0                     0
6     12     2.13          16             1.62945              0                     0
6     12     2.13          16             1.65075              0                     0
6     12     2.13          16             1.67205              0                     0
6     12     2.13          16             1.69335              0                     0
6     12     2.13          16             1.71465              0                     0
6     12     2.13          16             1.73595              0                     0
6     12     2.13          16             1.75725              0                     0
6     12     2.13          16             1.77855              0                     0
6     12     2.13          16             1.79985              0                     0
6     12     2.13          16             1.82115              0                     0
6     12     2.13          16             1.84245              0                     0
6     12     2.13          16             1.86375              0                     0
6     12     2.13          16             1.88505              0                     0
6     12     2.13          16             1.90635              0                     0
6     12     2.13          16             1.92765              0                     0
6     12     2.13          16             1.94895              0                     0
6     12     2.13          16             1.97025              0                     0
6     12     2.13          16             1.99155              0                     0
6     12     2.13          16             2.01285              0                     0
6     12     2.13          16             2.03415              0                     0
6     12     2.13          16             2.05545              0                     0
6     12     2.13          16             2.07675              0                     0
6     12     2.13          16             2.09805              0                     0
*******************************************************************************************************
 Average mean_angle 6.083e+06 +- 9801.39 deg 
 Average E' 740414 +- 1193.01 GeV 
