*******************************************************************************************************
Z     A     E(GeV)     Theta(deg)     Energy Loss(GeV)     Sigma(nb/sr/GeV)     ERROR     Citation     
*******************************************************************************************************
6     12     0.62          36             0.0031              391.027                     8.57795
6     12     0.62          36             0.0093              3297.38                     24.9095
6     12     0.62          36             0.0155              7377.76                     37.26
6     12     0.62          36             0.0217              11675.1                     46.8717
6     12     0.62          36             0.0279              16031                     54.9238
6     12     0.62          36             0.0341              21295.7                     63.3033
6     12     0.62          36             0.0403              26857.2                     71.0904
6     12     0.62          36             0.0465              31795.1                     77.3501
6     12     0.62          36             0.0527              36025.8                     82.3356
6     12     0.62          36             0.0589              39107.6                     85.7849
6     12     0.62          36             0.0651              41568.3                     88.4427
6     12     0.62          36             0.0713              42630.8                     89.5658
6     12     0.62          36             0.0775              42979.6                     89.9315
6     12     0.62          36             0.0837              42601.2                     89.5347
6     12     0.62          36             0.0899              41248.8                     88.1021
6     12     0.62          36             0.0961              39365.7                     86.0676
6     12     0.62          36             0.1023              36991                     83.4312
6     12     0.62          36             0.1085              34250.2                     80.2809
6     12     0.62          36             0.1147              31265                     76.7026
6     12     0.62          36             0.1209              28095                     72.7102
6     12     0.62          36             0.1271              25078.4                     68.6958
6     12     0.62          36             0.1333              22000.4                     64.3422
6     12     0.62          36             0.1395              19051.4                     59.8747
6     12     0.62          36             0.1457              16289                     55.364
6     12     0.62          36             0.1519              13879                     51.1046
6     12     0.62          36             0.1581              11642.6                     46.8063
6     12     0.62          36             0.1643              9709.06                     42.7434
6     12     0.62          36             0.1705              8017.93                     38.8429
6     12     0.62          36             0.1767              6607.37                     35.261
6     12     0.62          36             0.1829              5416.42                     31.9254
6     12     0.62          36             0.1891              4402.16                     28.7815
6     12     0.62          36             0.1953              3531.47                     25.7785
6     12     0.62          36             0.2015              2879.26                     23.2767
6     12     0.62          36             0.2077              2323.58                     20.9103
6     12     0.62          36             0.2139              1826.61                     18.5397
6     12     0.62          36             0.2201              1491.66                     16.7539
6     12     0.62          36             0.2263              1200.37                     15.0292
6     12     0.62          36             0.2325              952.54                     13.3882
6     12     0.62          36             0.2387              751.569                     11.8923
6     12     0.62          36             0.2449              623.234                     10.8294
6     12     0.62          36             0.2511              483.797                     9.5414
6     12     0.62          36             0.2573              399.683                     8.67238
6     12     0.62          36             0.2635              314.628                     7.69448
6     12     0.62          36             0.2697              251.025                     6.87288
6     12     0.62          36             0.2759              204.546                     6.20406
6     12     0.62          36             0.2821              159.948                     5.48619
6     12     0.62          36             0.2883              121.184                     4.77534
6     12     0.62          36             0.2945              102.932                     4.40103
6     12     0.62          36             0.3007              75.0817                     3.75878
6     12     0.62          36             0.3069              60.9686                     3.38714
6     12     0.62          36             0.3131              47.0436                     2.9753
6     12     0.62          36             0.3193              38.0113                     2.67446
6     12     0.62          36             0.3255              29.9198                     2.37279
6     12     0.62          36             0.3317              16.9357                     1.78518
6     12     0.62          36             0.3379              14.3013                     1.64047
6     12     0.62          36             0.3441              15.054                     1.68308
6     12     0.62          36             0.3503              10.5378                     1.40817
6     12     0.62          36             0.3565              6.58611                     1.11326
6     12     0.62          36             0.3627              4.70436                     0.940873
6     12     0.62          36             0.3689              4.32802                     0.902454
6     12     0.62          36             0.3751              3.38714                     0.798357
6     12     0.62          36             0.3813              2.63444                     0.704085
6     12     0.62          36             0.3875              3.19897                     0.775864
6     12     0.62          36             0.3937              3.19897                     0.775864
6     12     0.62          36             0.3999              1.31722                     0.497863
6     12     0.62          36             0.4061              1.69357                     0.564524
6     12     0.62          36             0.4123              1.88175                     0.59506
6     12     0.62          36             0.4185              0.940873                     0.420771
6     12     0.62          36             0.4247              0.752698                     0.376349
6     12     0.62          36             0.4309              0.376349                     0.266119
6     12     0.62          36             0.4371              0                     0
6     12     0.62          36             0.4433              0.564524                     0.325928
6     12     0.62          36             0.4495              0.188175                     0.188175
6     12     0.62          36             0.4557              0                     0
6     12     0.62          36             0.4619              0                     0
6     12     0.62          36             0.4681              0                     0
6     12     0.62          36             0.4743              0.188175                     0.188175
6     12     0.62          36             0.4805              0.188175                     0.188175
6     12     0.62          36             0.4867              0.188175                     0.188175
6     12     0.62          36             0.4929              0                     0
6     12     0.62          36             0.4991              0                     0
6     12     0.62          36             0.5053              0                     0
6     12     0.62          36             0.5115              0                     0
6     12     0.62          36             0.5177              0                     0
6     12     0.62          36             0.5239              0                     0
6     12     0.62          36             0.5301              0                     0
6     12     0.62          36             0.5363              0                     0
6     12     0.62          36             0.5425              0                     0
6     12     0.62          36             0.5487              0                     0
6     12     0.62          36             0.5549              0                     0
6     12     0.62          36             0.5611              0                     0
6     12     0.62          36             0.5673              0                     0
6     12     0.62          36             0.5735              0                     0
6     12     0.62          36             0.5797              0                     0
6     12     0.62          36             0.5859              0                     0
6     12     0.62          36             0.5921              0                     0
6     12     0.62          36             0.5983              0                     0
6     12     0.62          36             0.6045              0                     0
6     12     0.62          36             0.6107              0                     0
*******************************************************************************************************
 Average mean_angle 1.40314e+08 +- 71001 deg 
 Average E' 2.06026e+06 +- 1042.52 GeV 
