*******************************************************************************************************
Z     A     E(GeV)     Theta(deg)     Energy Loss(GeV)     Sigma(nb/sr/GeV)     ERROR     Citation     
*******************************************************************************************************
6     12     1.2044          55             0.308333              0                     0
6     12     1.2044          55             0.325              0                     0
6     12     1.2044          55             0.341667              0                     0
6     12     1.2044          55             0.358333              0                     0
6     12     1.2044          55             0.375              0                     0
6     12     1.2044          55             0.391667              0                     0
6     12     1.2044          55             0.408333              0                     0
6     12     1.2044          55             0.425              0.0497223                     0.0248611
6     12     1.2044          55             0.441667              0.261042                     0.056964
6     12     1.2044          55             0.458333              0.88257                     0.104742
6     12     1.2044          55             0.475              2.17535                     0.164441
6     12     1.2044          55             0.491667              5.9791                     0.272624
6     12     1.2044          55             0.508333              13.164                     0.404519
6     12     1.2044          55             0.525              25.868                     0.567057
6     12     1.2044          55             0.541667              43.8053                     0.73792
6     12     1.2044          55             0.558333              68.5919                     0.923383
6     12     1.2044          55             0.575              99.9542                     1.11467
6     12     1.2044          55             0.591667              133.691                     1.28913
6     12     1.2044          55             0.608333              173.332                     1.46786
6     12     1.2044          55             0.625              208.585                     1.61023
6     12     1.2044          55             0.641667              241.215                     1.7316
6     12     1.2044          55             0.658333              268.625                     1.82734
6     12     1.2044          55             0.675              285.12                     1.88261
6     12     1.2044          55             0.691667              297.115                     1.9218
6     12     1.2044          55             0.708333              294.729                     1.91407
6     12     1.2044          55             0.725              286.91                     1.88851
6     12     1.2044          55             0.741667              284.623                     1.88096
6     12     1.2044          55             0.758333              277.624                     1.85769
6     12     1.2044          55             0.775              270.775                     1.83464
*******************************************************************************************************
 Average angle 5.46199e+07 +- 54791.8 deg 
 Average E' 304585 +- 305.544 GeV 
