*******************************************************************************************************
Z     A     E(GeV)     Theta(deg)     Energy Loss(GeV)     Sigma(nb/sr/GeV)     ERROR     Citation     
*******************************************************************************************************
6     12     5.15          22.98             0.525              0                     0
6     12     5.15          22.98             0.575              0                     0
6     12     5.15          22.98             0.625              0                     0
6     12     5.15          22.98             0.675              0                     0
6     12     5.15          22.98             0.725              0                     0
6     12     5.15          22.98             0.775              0                     0
6     12     5.15          22.98             0.825              0                     0
6     12     5.15          22.98             0.875              0                     0
6     12     5.15          22.98             0.925              0                     0
6     12     5.15          22.98             0.975              0                     0
6     12     5.15          22.98             1.025              0                     0
6     12     5.15          22.98             1.075              0                     0
6     12     5.15          22.98             1.125              0                     0
6     12     5.15          22.98             1.175              0.000507451                     0.000507451
6     12     5.15          22.98             1.225              0.00507451                     0.0016047
6     12     5.15          22.98             1.275              0.0324769                     0.00405961
6     12     5.15          22.98             1.325              0.168474                     0.0092462
6     12     5.15          22.98             1.375              0.452647                     0.0151557
6     12     5.15          22.98             1.425              1.05448                     0.0231322
6     12     5.15          22.98             1.475              2.06685                     0.0323856
6     12     5.15          22.98             1.525              3.4258                     0.0416945
6     12     5.15          22.98             1.575              5.57689                     0.0531978
6     12     5.15          22.98             1.625              8.23238                     0.0646339
6     12     5.15          22.98             1.675              11.8596                     0.077577
6     12     5.15          22.98             1.725              15.8299                     0.0896266
6     12     5.15          22.98             1.775              20.839                     0.102834
6     12     5.15          22.98             1.825              26.2677                     0.115454
6     12     5.15          22.98             1.875              31.6579                     0.126747
6     12     5.15          22.98             1.925              37.7498                     0.138406
6     12     5.15          22.98             1.975              43.1034                     0.147895
6     12     5.15          22.98             2.025              47.6157                     0.155443
6     12     5.15          22.98             2.075              50.6325                     0.160292
6     12     5.15          22.98             2.125              52.3284                     0.162954
6     12     5.15          22.98             2.175              51.8905                     0.162271
6     12     5.15          22.98             2.225              50.4011                     0.159925
6     12     5.15          22.98             2.275              47.0149                     0.15446
6     12     5.15          22.98             2.325              42.4879                     0.146835
6     12     5.15          22.98             2.375              36.6852                     0.13644
6     12     5.15          22.98             2.425              30.85                     0.125119
6     12     5.15          22.98             2.475              25.1742                     0.113025
6     12     5.15          22.98             2.525              20.1813                     0.101198
6     12     5.15          22.98             2.575              15.561                     0.088862
6     12     5.15          22.98             2.625              11.7982                     0.0773759
6     12     5.15          22.98             2.675              8.50438                     0.0656929
6     12     5.15          22.98             2.725              5.93769                     0.0548916
6     12     5.15          22.98             2.775              3.92158                     0.0446096
6     12     5.15          22.98             2.825              2.45353                     0.0352852
6     12     5.15          22.98             2.875              1.37063                     0.0263728
6     12     5.15          22.98             2.925              0.789594                     0.020017
*******************************************************************************************************
 Average angle 3.19519e+07 +- 26927.6 deg 
 Average E' 4.22341e+06 +- 3559.29 GeV 
