*******************************************************************************************************
Z     A     E(GeV)     Theta(deg)     Energy Loss(GeV)     Sigma(nb/sr/GeV)     ERROR     Citation     
*******************************************************************************************************
6     12     0.5188          60             0.002594              0                     0
6     12     0.5188          60             0.007782              0                     0
6     12     0.5188          60             0.01297              0                     0
6     12     0.5188          60             0.018158              0                     0
6     12     0.5188          60             0.023346              0                     0
6     12     0.5188          60             0.028534              0                     0
6     12     0.5188          60             0.033722              0                     0
6     12     0.5188          60             0.03891              0                     0
6     12     0.5188          60             0.044098              0                     0
6     12     0.5188          60             0.049286              0                     0
6     12     0.5188          60             0.054474              0                     0
6     12     0.5188          60             0.059662              0                     0
6     12     0.5188          60             0.06485              0                     0
6     12     0.5188          60             0.070038              0                     0
6     12     0.5188          60             0.075226              0                     0
6     12     0.5188          60             0.080414              0                     0
6     12     0.5188          60             0.085602              0                     0
6     12     0.5188          60             0.09079              0                     0
6     12     0.5188          60             0.095978              0                     0
6     12     0.5188          60             0.101166              0                     0
6     12     0.5188          60             0.106354              0                     0
6     12     0.5188          60             0.111542              0                     0
6     12     0.5188          60             0.11673              0                     0
6     12     0.5188          60             0.121918              0                     0
6     12     0.5188          60             0.127106              0                     0
6     12     0.5188          60             0.132294              0                     0
6     12     0.5188          60             0.137482              0                     0
6     12     0.5188          60             0.14267              0                     0
6     12     0.5188          60             0.147858              0                     0
6     12     0.5188          60             0.153046              0                     0
6     12     0.5188          60             0.158234              0                     0
6     12     0.5188          60             0.163422              0                     0
6     12     0.5188          60             0.16861              0                     0
6     12     0.5188          60             0.173798              0                     0
6     12     0.5188          60             0.178986              0                     0
6     12     0.5188          60             0.184174              0.574777                     0.287389
6     12     0.5188          60             0.189362              2.29911                     0.574777
6     12     0.5188          60             0.19455              4.88561                     0.837875
6     12     0.5188          60             0.199738              11.7829                     1.30121
6     12     0.5188          60             0.204926              15.6627                     1.50021
6     12     0.5188          60             0.210114              25.1465                     1.9009
6     12     0.5188          60             0.215302              37.5042                     2.32145
6     12     0.5188          60             0.22049              49.5745                     2.669
6     12     0.5188          60             0.225678              57.7651                     2.88106
6     12     0.5188          60             0.230866              82.6242                     3.44567
6     12     0.5188          60             0.236054              97.8558                     3.74984
6     12     0.5188          60             0.241242              118.548                     4.1273
6     12     0.5188          60             0.24643              138.809                     4.4661
6     12     0.5188          60             0.251618              170.853                     4.95485
6     12     0.5188          60             0.256806              186.946                     5.18296
6     12     0.5188          60             0.261994              198.154                     5.33607
6     12     0.5188          60             0.267182              228.905                     5.73518
6     12     0.5188          60             0.27237              248.447                     5.97499
6     12     0.5188          60             0.277558              273.163                     6.26514
6     12     0.5188          60             0.282746              277.761                     6.31765
6     12     0.5188          60             0.287934              298.74                     6.55189
6     12     0.5188          60             0.293122              312.966                     6.70608
6     12     0.5188          60             0.29831              326.617                     6.85077
6     12     0.5188          60             0.303498              337.251                     6.96139
6     12     0.5188          60             0.308686              331.79                     6.90481
6     12     0.5188          60             0.313874              357.942                     7.17177
6     12     0.5188          60             0.319062              359.954                     7.1919
6     12     0.5188          60             0.32425              357.511                     7.16745
6     12     0.5188          60             0.329438              367.714                     7.269
6     12     0.5188          60             0.334626              367.426                     7.26616
6     12     0.5188          60             0.339814              356.074                     7.15303
6     12     0.5188          60             0.345002              358.805                     7.1804
6     12     0.5188          60             0.35019              362.541                     7.21769
6     12     0.5188          60             0.355378              345.01                     7.04102
6     12     0.5188          60             0.360566              369.294                     7.28461
6     12     0.5188          60             0.365754              359.523                     7.18759
6     12     0.5188          60             0.370942              354.781                     7.14003
6     12     0.5188          60             0.37613              335.526                     6.94357
6     12     0.5188          60             0.381318              344.004                     7.03075
6     12     0.5188          60             0.386506              331.215                     6.89882
6     12     0.5188          60             0.391694              325.18                     6.83568
6     12     0.5188          60             0.396882              315.265                     6.73066
6     12     0.5188          60             0.40207              304.632                     6.61618
6     12     0.5188          60             0.407258              286.67                     6.41817
6     12     0.5188          60             0.412446              287.82                     6.43102
6     12     0.5188          60             0.417634              273.881                     6.27337
6     12     0.5188          60             0.422822              270.576                     6.23541
6     12     0.5188          60             0.42801              262.961                     6.14703
6     12     0.5188          60             0.433198              249.31                     5.98535
6     12     0.5188          60             0.438386              230.629                     5.75675
6     12     0.5188          60             0.443574              215.398                     5.5634
6     12     0.5188          60             0.448762              203.184                     5.40336
6     12     0.5188          60             0.45395              198.154                     5.33607
6     12     0.5188          60             0.459138              183.929                     5.14096
6     12     0.5188          60             0.464326              166.973                     4.89827
6     12     0.5188          60             0.469514              150.448                     4.64957
6     12     0.5188          60             0.474702              139.527                     4.47764
6     12     0.5188          60             0.47989              70.8413                     3.19053
6     12     0.5188          60             0.485078              0                     0
6     12     0.5188          60             0.490266              0                     0
6     12     0.5188          60             0.495454              0                     0
6     12     0.5188          60             0.500642              0                     0
6     12     0.5188          60             0.50583              0                     0
6     12     0.5188          60             0.511018              0                     0
*******************************************************************************************************
 Average mean_angle 5.54999e+06 +- 18244.4 deg 
 Average E' 15377.6 +- 50.5506 GeV 
