*******************************************************************************************************
Z     A     E(GeV)     Theta(deg)     Energy Loss(GeV)     Sigma(nb/sr/GeV)     ERROR     Citation     
*******************************************************************************************************
6     12     1.204          28.01             0.00602              0                     0
6     12     1.204          28.01             0.01806              0                     0
6     12     1.204          28.01             0.0301              0                     0
6     12     1.204          28.01             0.04214              0                     0
6     12     1.204          28.01             0.05418              0                     0
6     12     1.204          28.01             0.06622              0                     0
6     12     1.204          28.01             0.07826              0                     0
6     12     1.204          28.01             0.0903              0                     0
6     12     1.204          28.01             0.10234              0                     0
6     12     1.204          28.01             0.11438              0                     0
6     12     1.204          28.01             0.12642              0                     0
6     12     1.204          28.01             0.13846              0                     0
6     12     1.204          28.01             0.1505              0                     0
6     12     1.204          28.01             0.16254              0                     0
6     12     1.204          28.01             0.17458              0                     0
6     12     1.204          28.01             0.18662              0                     0
6     12     1.204          28.01             0.19866              0                     0
6     12     1.204          28.01             0.2107              8.57316                     6.06214
6     12     1.204          28.01             0.22274              0                     0
6     12     1.204          28.01             0.23478              34.2926                     12.1243
6     12     1.204          28.01             0.24682              85.7316                     19.1702
6     12     1.204          28.01             0.25886              102.878                     20.9999
6     12     1.204          28.01             0.2709              150.03                     25.3597
6     12     1.204          28.01             0.28294              235.762                     31.7901
6     12     1.204          28.01             0.29498              390.079                     40.8913
6     12     1.204          28.01             0.30702              428.658                     42.8658
6     12     1.204          28.01             0.31906              587.261                     50.1731
6     12     1.204          28.01             0.3311              668.706                     53.5393
6     12     1.204          28.01             0.34314              835.883                     59.8588
6     12     1.204          28.01             0.35518              998.773                     65.4318
6     12     1.204          28.01             0.36722              908.754                     62.4135
6     12     1.204          28.01             0.37926              1015.92                     65.991
6     12     1.204          28.01             0.3913              1033.07                     66.5456
6     12     1.204          28.01             0.40334              1114.51                     69.119
6     12     1.204          28.01             0.41538              1093.08                     68.4512
6     12     1.204          28.01             0.42742              1174.52                     70.9555
6     12     1.204          28.01             0.43946              1110.22                     68.9859
6     12     1.204          28.01             0.4515              1148.8                     70.1743
6     12     1.204          28.01             0.46354              1135.94                     69.7804
6     12     1.204          28.01             0.47558              1243.11                     72.9978
6     12     1.204          28.01             0.48762              1273.11                     73.8735
6     12     1.204          28.01             0.49966              1328.84                     75.473
6     12     1.204          28.01             0.5117              1200.24                     71.7282
6     12     1.204          28.01             0.52374              1238.82                     72.8718
6     12     1.204          28.01             0.53578              1384.56                     77.0392
6     12     1.204          28.01             0.54782              1380.28                     76.9199
6     12     1.204          28.01             0.55986              1384.56                     77.0392
6     12     1.204          28.01             0.5719              1427.43                     78.2227
6     12     1.204          28.01             0.58394              1436                     78.4573
6     12     1.204          28.01             0.59598              1427.43                     78.2227
6     12     1.204          28.01             0.60802              1371.7                     76.6806
6     12     1.204          28.01             0.62006              1436                     78.4573
6     12     1.204          28.01             0.6321              1294.55                     74.4928
6     12     1.204          28.01             0.64414              1294.55                     74.4928
6     12     1.204          28.01             0.65618              1290.26                     74.3693
6     12     1.204          28.01             0.66822              1345.99                     75.9583
6     12     1.204          28.01             0.68026              1598.89                     82.7876
6     12     1.204          28.01             0.6923              1418.86                     77.9874
6     12     1.204          28.01             0.70434              1418.86                     77.9874
6     12     1.204          28.01             0.71638              1393.14                     77.2774
6     12     1.204          28.01             0.72842              1354.56                     76.1999
6     12     1.204          28.01             0.74046              1384.56                     77.0392
6     12     1.204          28.01             0.7525              1268.83                     73.7491
6     12     1.204          28.01             0.76454              1401.71                     77.5148
6     12     1.204          28.01             0.77658              1277.4                     73.9978
6     12     1.204          28.01             0.78862              1453.15                     78.9243
6     12     1.204          28.01             0.80066              1144.52                     70.0433
6     12     1.204          28.01             0.8127              1333.13                     75.5946
6     12     1.204          28.01             0.82474              1264.54                     73.6244
6     12     1.204          28.01             0.83678              1221.67                     72.3658
6     12     1.204          28.01             0.84882              1161.66                     70.566
6     12     1.204          28.01             0.86086              1123.08                     69.3843
6     12     1.204          28.01             0.8729              1187.38                     71.3429
6     12     1.204          28.01             0.88494              1088.79                     68.3168
6     12     1.204          28.01             0.89698              1028.78                     66.4074
6     12     1.204          28.01             0.90902              1033.07                     66.5456
6     12     1.204          28.01             0.92106              1191.67                     71.4715
6     12     1.204          28.01             0.9331              1015.92                     65.991
6     12     1.204          28.01             0.94514              1123.08                     69.3843
6     12     1.204          28.01             0.95718              994.486                     65.2912
6     12     1.204          28.01             0.96922              990.199                     65.1503
6     12     1.204          28.01             0.98126              1041.64                     66.8211
6     12     1.204          28.01             0.9933              900.181                     62.1184
6     12     1.204          28.01             1.00534              844.456                     60.165
6     12     1.204          28.01             1.01738              891.608                     61.8219
6     12     1.204          28.01             1.02942              780.157                     57.8291
6     12     1.204          28.01             1.04146              861.602                     60.7727
6     12     1.204          28.01             1.0535              685.852                     54.2214
6     12     1.204          28.01             1.06554              685.852                     54.2214
6     12     1.204          28.01             1.07758              591.548                     50.3559
6     12     1.204          28.01             1.08962              171.463                     27.1107
6     12     1.204          28.01             1.10166              0                     0
6     12     1.204          28.01             1.1137              0                     0
6     12     1.204          28.01             1.12574              0                     0
6     12     1.204          28.01             1.13778              0                     0
6     12     1.204          28.01             1.14982              0                     0
6     12     1.204          28.01             1.16186              0                     0
6     12     1.204          28.01             1.1739              0                     0
6     12     1.204          28.01             1.18594              0                     0
*******************************************************************************************************
 Average mean_angle 491234 +- 3705.24 deg 
 Average E' 9181.9 +- 69.2564 GeV 
