*******************************************************************************************************
Z     A     E(GeV)     Theta(deg)     Energy Loss(GeV)     Sigma(nb/sr/GeV)     ERROR     Citation     
*******************************************************************************************************
6     12     4.6286          10.65             0.01              0                     0
6     12     4.6286          10.65             0.03              0                     0
6     12     4.6286          10.65             0.05              0.0129236                     0.00646178
6     12     4.6286          10.65             0.07              0.106619                     0.01856
6     12     4.6286          10.65             0.09              0.32632                     0.03247
6     12     4.6286          10.65             0.11              0.904649                     0.0540631
6     12     4.6286          10.65             0.13              2.02577                     0.0809013
6     12     4.6286          10.65             0.15              3.79629                     0.110749
6     12     4.6286          10.65             0.17              6.39393                     0.143729
6     12     4.6286          10.65             0.19              10.5715                     0.184811
6     12     4.6286          10.65             0.21              15.5793                     0.224355
6     12     4.6286          10.65             0.23              20.5097                     0.257419
6     12     4.6286          10.65             0.25              27.1912                     0.296398
6     12     4.6286          10.65             0.27              34.1085                     0.331965
6     12     4.6286          10.65             0.29              41.7334                     0.3672
6     12     4.6286          10.65             0.31              49.4197                     0.399587
6     12     4.6286          10.65             0.33              57.7166                     0.431828
6     12     4.6286          10.65             0.35              66.2267                     0.46257
6     12     4.6286          10.65             0.37              75.9259                     0.495286
6     12     4.6286          10.65             0.39              85.7575                     0.526377
6     12     4.6286          10.65             0.41              96.1997                     0.557504
6     12     4.6286          10.65             0.43              108.7                     0.592619
6     12     4.6286          10.65             0.45              119.901                     0.622405
6     12     4.6286          10.65             0.47              131.846                     0.652671
6     12     4.6286          10.65             0.49              143.251                     0.680315
6     12     4.6286          10.65             0.51              145.839                     0.686433
6     12     4.6286          10.65             0.53              142.159                     0.677717
6     12     4.6286          10.65             0.55              133.833                     0.657571
6     12     4.6286          10.65             0.57              123.746                     0.632305
6     12     4.6286          10.65             0.59              112.367                     0.602532
6     12     4.6286          10.65             0.61              101.033                     0.571338
6     12     4.6286          10.65             0.63              86.2001                     0.527734
6     12     4.6286          10.65             0.65              70.5497                     0.477429
6     12     4.6286          10.65             0.67              55.665                     0.424084
6     12     4.6286          10.65             0.69              43.5427                     0.375075
6     12     4.6286          10.65             0.71              31.1781                     0.317384
6     12     4.6286          10.65             0.73              19.1204                     0.248547
6     12     4.6286          10.65             0.75              9.01095                     0.170626
6     12     4.6286          10.65             0.77              1.09527                     0.059487
6     12     4.6286          10.65             0.79              0                     0
6     12     4.6286          10.65             0.81              0                     0
6     12     4.6286          10.65             0.83              0                     0
6     12     4.6286          10.65             0.85              0                     0
6     12     4.6286          10.65             0.87              0                     0
6     12     4.6286          10.65             0.89              0                     0
6     12     4.6286          10.65             0.91              0                     0
6     12     4.6286          10.65             0.93              0                     0
6     12     4.6286          10.65             0.95              0                     0
6     12     4.6286          10.65             0.97              0                     0
6     12     4.6286          10.65             0.99              0                     0
6     12     4.6286          10.65             1.01              0                     0
6     12     4.6286          10.65             1.03              0                     0
6     12     4.6286          10.65             1.05              0                     0
6     12     4.6286          10.65             1.07              0                     0
6     12     4.6286          10.65             1.09              0                     0
6     12     4.6286          10.65             1.11              0                     0
6     12     4.6286          10.65             1.13              0                     0
6     12     4.6286          10.65             1.15              0                     0
6     12     4.6286          10.65             1.17              0                     0
6     12     4.6286          10.65             1.19              0                     0
6     12     4.6286          10.65             1.21              0                     0
6     12     4.6286          10.65             1.23              0                     0
6     12     4.6286          10.65             1.25              0                     0
6     12     4.6286          10.65             1.27              0                     0
6     12     4.6286          10.65             1.29              0                     0
6     12     4.6286          10.65             1.31              0                     0
6     12     4.6286          10.65             1.33              0                     0
6     12     4.6286          10.65             1.35              0                     0
6     12     4.6286          10.65             1.37              0                     0
6     12     4.6286          10.65             1.39              0                     0
6     12     4.6286          10.65             1.41              0                     0
6     12     4.6286          10.65             1.43              0                     0
6     12     4.6286          10.65             1.45              0                     0
6     12     4.6286          10.65             1.47              0                     0
6     12     4.6286          10.65             1.49              0                     0
6     12     4.6286          10.65             1.51              0                     0
6     12     4.6286          10.65             1.53              0                     0
6     12     4.6286          10.65             1.55              0                     0
6     12     4.6286          10.65             1.57              0                     0
6     12     4.6286          10.65             1.59              0                     0
6     12     4.6286          10.65             1.61              0                     0
6     12     4.6286          10.65             1.63              0                     0
6     12     4.6286          10.65             1.65              0                     0
6     12     4.6286          10.65             1.67              0                     0
6     12     4.6286          10.65             1.69              0                     0
6     12     4.6286          10.65             1.71              0                     0
6     12     4.6286          10.65             1.73              0                     0
6     12     4.6286          10.65             1.75              0                     0
6     12     4.6286          10.65             1.77              0                     0
6     12     4.6286          10.65             1.79              0                     0
6     12     4.6286          10.65             1.81              0                     0
6     12     4.6286          10.65             1.83              0                     0
6     12     4.6286          10.65             1.85              0                     0
6     12     4.6286          10.65             1.87              0                     0
6     12     4.6286          10.65             1.89              0                     0
6     12     4.6286          10.65             1.91              0                     0
6     12     4.6286          10.65             1.93              0                     0
6     12     4.6286          10.65             1.95              0                     0
6     12     4.6286          10.65             1.97              0                     0
*******************************************************************************************************
 Average mean_angle 8.0221e+06 +- 9780.59 deg 
 Average E' 2.78436e+06 +- 3394.7 GeV 
