*******************************************************************************************************
Z     A     E(GeV)     Theta(deg)     Energy Loss(GeV)     Sigma(nb/sr/GeV)     ERROR     Citation     
*******************************************************************************************************
6     12     0.32          90             0.0016              0                     0
6     12     0.32          90             0.0048              0                     0
6     12     0.32          90             0.008              0                     0
6     12     0.32          90             0.0112              0                     0
6     12     0.32          90             0.0144              0                     0
6     12     0.32          90             0.0176              0                     0
6     12     0.32          90             0.0208              0                     0
6     12     0.32          90             0.024              0                     0
6     12     0.32          90             0.0272              0                     0
6     12     0.32          90             0.0304              0                     0
6     12     0.32          90             0.0336              0                     0
6     12     0.32          90             0.0368              0                     0
6     12     0.32          90             0.04              0                     0
6     12     0.32          90             0.0432              0                     0
6     12     0.32          90             0.0464              0                     0
6     12     0.32          90             0.0496              0                     0
6     12     0.32          90             0.0528              0                     0
6     12     0.32          90             0.056              0                     0
6     12     0.32          90             0.0592              0                     0
6     12     0.32          90             0.0624              0                     0
6     12     0.32          90             0.0656              0                     0
6     12     0.32          90             0.0688              0                     0
6     12     0.32          90             0.072              0                     0
6     12     0.32          90             0.0752              0                     0
6     12     0.32          90             0.0784              0                     0
6     12     0.32          90             0.0816              0                     0
6     12     0.32          90             0.0848              0                     0
6     12     0.32          90             0.088              0                     0
6     12     0.32          90             0.0912              0                     0
6     12     0.32          90             0.0944              0                     0
6     12     0.32          90             0.0976              0                     0
6     12     0.32          90             0.1008              0                     0
6     12     0.32          90             0.104              0                     0
6     12     0.32          90             0.1072              0                     0
6     12     0.32          90             0.1104              0                     0
6     12     0.32          90             0.1136              0                     0
6     12     0.32          90             0.1168              0                     0
6     12     0.32          90             0.12              0                     0
6     12     0.32          90             0.1232              0                     0
6     12     0.32          90             0.1264              0                     0
6     12     0.32          90             0.1296              0                     0
6     12     0.32          90             0.1328              0                     0
6     12     0.32          90             0.136              0                     0
6     12     0.32          90             0.1392              0                     0
6     12     0.32          90             0.1424              0                     0
6     12     0.32          90             0.1456              0                     0
6     12     0.32          90             0.1488              0                     0
6     12     0.32          90             0.152              0                     0
6     12     0.32          90             0.1552              0                     0
6     12     0.32          90             0.1584              0                     0
6     12     0.32          90             0.1616              0                     0
6     12     0.32          90             0.1648              0                     0
6     12     0.32          90             0.168              0.155834                     0.155834
6     12     0.32          90             0.1712              0.779171                     0.348456
6     12     0.32          90             0.1744              3.74002                     0.763428
6     12     0.32          90             0.1776              4.98669                     0.881531
6     12     0.32          90             0.1808              7.79171                     1.10191
6     12     0.32          90             0.184              10.1292                     1.25637
6     12     0.32          90             0.1872              16.2067                     1.5892
6     12     0.32          90             0.1904              18.7001                     1.70708
6     12     0.32          90             0.1936              30.3877                     2.17611
6     12     0.32          90             0.1968              31.7902                     2.22576
6     12     0.32          90             0.2              45.0361                     2.64918
6     12     0.32          90             0.2032              55.3211                     2.93614
6     12     0.32          90             0.2064              66.5412                     3.22015
6     12     0.32          90             0.2096              73.3979                     3.382
6     12     0.32          90             0.2128              91.4746                     3.77556
6     12     0.32          90             0.216              101.916                     3.98521
6     12     0.32          90             0.2192              106.591                     4.07559
6     12     0.32          90             0.2224              115.629                     4.24487
6     12     0.32          90             0.2256              131.524                     4.52724
6     12     0.32          90             0.2288              142.121                     4.70609
6     12     0.32          90             0.232              142.277                     4.70867
6     12     0.32          90             0.2352              162.535                     5.03274
6     12     0.32          90             0.2384              158.327                     4.96717
6     12     0.32          90             0.2416              173.599                     5.20122
6     12     0.32          90             0.2448              177.963                     5.26618
6     12     0.32          90             0.248              182.014                     5.32579
6     12     0.32          90             0.2512              186.533                     5.3915
6     12     0.32          90             0.2544              195.104                     5.51397
6     12     0.32          90             0.2576              195.416                     5.51838
6     12     0.32          90             0.2608              200.247                     5.58617
6     12     0.32          90             0.264              203.831                     5.63594
6     12     0.32          90             0.2672              183.884                     5.35308
6     12     0.32          90             0.2704              195.26                     5.51618
6     12     0.32          90             0.2736              192.611                     5.47863
6     12     0.32          90             0.2768              195.572                     5.52058
6     12     0.32          90             0.28              189.65                     5.43636
6     12     0.32          90             0.2832              166.898                     5.09985
6     12     0.32          90             0.2864              170.327                     5.15196
6     12     0.32          90             0.2896              34.2835                     2.31139
6     12     0.32          90             0.2928              0                     0
6     12     0.32          90             0.296              0                     0
6     12     0.32          90             0.2992              0                     0
6     12     0.32          90             0.3024              0                     0
6     12     0.32          90             0.3056              0                     0
6     12     0.32          90             0.3088              0                     0
6     12     0.32          90             0.312              0                     0
6     12     0.32          90             0.3152              0                     0
*******************************************************************************************************
 Average mean_angle 2.51793e+06 +- 15052.3 deg 
 Average E' 1984.05 +- 11.8608 GeV 
