*******************************************************************************************************
Z     A     E(GeV)     Theta(deg)     Energy Loss(GeV)     Sigma(nb/sr/GeV)     ERROR     Citation     
*******************************************************************************************************
6     12     0.48          90             0.0012              0                     0
6     12     0.48          90             0.0036              0                     0
6     12     0.48          90             0.006              0                     0
6     12     0.48          90             0.0084              0                     0
6     12     0.48          90             0.0108              0                     0
6     12     0.48          90             0.0132              0                     0
6     12     0.48          90             0.0156              0                     0
6     12     0.48          90             0.018              0                     0
6     12     0.48          90             0.0204              0.259645                     0.259645
6     12     0.48          90             0.0228              1.29822                     0.580583
6     12     0.48          90             0.0252              1.03858                     0.519289
6     12     0.48          90             0.0276              3.11574                     0.899436
6     12     0.48          90             0.03              3.11574                     0.899436
6     12     0.48          90             0.0324              5.45254                     1.18984
6     12     0.48          90             0.0348              6.23147                     1.27199
6     12     0.48          90             0.0372              6.75076                     1.32393
6     12     0.48          90             0.0396              7.78934                     1.42213
6     12     0.48          90             0.042              8.56828                     1.49155
6     12     0.48          90             0.0444              12.4629                     1.79887
6     12     0.48          90             0.0468              17.6558                     2.14109
6     12     0.48          90             0.0492              18.6944                     2.20316
6     12     0.48          90             0.0516              20.5119                     2.30777
6     12     0.48          90             0.054              27.2627                     2.66057
6     12     0.48          90             0.0564              27.5223                     2.67321
6     12     0.48          90             0.0588              39.9853                     3.22211
6     12     0.48          90             0.0612              37.9081                     3.1373
6     12     0.48          90             0.0636              47.515                     3.51241
6     12     0.48          90             0.066              54.785                     3.77156
6     12     0.48          90             0.0684              62.0551                     4.01401
6     12     0.48          90             0.0708              67.5076                     4.18665
6     12     0.48          90             0.0732              78.932                     4.52706
6     12     0.48          90             0.0756              89.8371                     4.82967
6     12     0.48          90             0.078              98.1457                     5.04807
6     12     0.48          90             0.0804              120.215                     5.58689
6     12     0.48          90             0.0828              133.717                     5.89228
6     12     0.48          90             0.0852              162.018                     6.48592
6     12     0.48          90             0.0876              167.471                     6.59416
6     12     0.48          90             0.09              184.867                     6.92818
6     12     0.48          90             0.0924              218.102                     7.52522
6     12     0.48          90             0.0948              232.901                     7.77635
6     12     0.48          90             0.0972              264.059                     8.28018
6     12     0.48          90             0.0996              281.455                     8.54858
6     12     0.48          90             0.102              331.307                     9.27481
6     12     0.48          90             0.1044              333.643                     9.30746
6     12     0.48          90             0.1068              379.081                     9.92101
6     12     0.48          90             0.1092              409.2                     10.3076
6     12     0.48          90             0.1116              464.504                     10.9821
6     12     0.48          90             0.114              488.392                     11.2609
6     12     0.48          90             0.1164              508.125                     11.4862
6     12     0.48          90             0.1188              554.861                     12.0028
6     12     0.48          90             0.1212              611.463                     12.6001
6     12     0.48          90             0.1236              640.803                     12.8989
6     12     0.48          90             0.126              678.971                     13.2775
6     12     0.48          90             0.1284              743.363                     13.8928
6     12     0.48          90             0.1308              766.99                     14.1119
6     12     0.48          90             0.1332              822.554                     14.6141
6     12     0.48          90             0.1356              845.403                     14.8157
6     12     0.48          90             0.138              900.448                     15.2904
6     12     0.48          90             0.1404              942.77                     15.6456
6     12     0.48          90             0.1428              962.243                     15.8064
6     12     0.48          90             0.1452              1012.87                     16.2169
6     12     0.48          90             0.1476              1033.39                     16.3803
6     12     0.48          90             0.15              1088.69                     16.8129
6     12     0.48          90             0.1524              1110.5                     16.9804
6     12     0.48          90             0.1548              1107.9                     16.9606
6     12     0.48          90             0.1572              1135.17                     17.168
6     12     0.48          90             0.1596              1213.06                     17.7472
6     12     0.48          90             0.162              1203.19                     17.6749
6     12     0.48          90             0.1644              1232.27                     17.8872
6     12     0.48          90             0.1668              1253.82                     18.043
6     12     0.48          90             0.1692              1267.85                     18.1436
6     12     0.48          90             0.1716              1276.41                     18.2048
6     12     0.48          90             0.174              1285.24                     18.2676
6     12     0.48          90             0.1764              1273.56                     18.1844
6     12     0.48          90             0.1788              1299.52                     18.3688
6     12     0.48          90             0.1812              1313.28                     18.4658
6     12     0.48          90             0.1836              1261.35                     18.0971
6     12     0.48          90             0.186              1266.03                     18.1306
6     12     0.48          90             0.1884              1277.19                     18.2103
6     12     0.48          90             0.1908              1248.11                     18.0018
6     12     0.48          90             0.1932              1213.84                     17.7529
6     12     0.48          90             0.1956              1184.76                     17.539
6     12     0.48          90             0.198              1207.35                     17.7054
6     12     0.48          90             0.2004              1166.84                     17.4059
6     12     0.48          90             0.2028              1131.01                     17.1366
6     12     0.48          90             0.2052              1103.75                     16.9288
6     12     0.48          90             0.2076              1111.54                     16.9884
6     12     0.48          90             0.21              1072.07                     16.6841
6     12     0.48          90             0.2124              1061.43                     16.601
6     12     0.48          90             0.2148              1038.84                     16.4234
6     12     0.48          90             0.2172              1000.67                     16.1189
6     12     0.48          90             0.2196              924.075                     15.4897
6     12     0.48          90             0.222              911.613                     15.3849
6     12     0.48          90             0.2244              899.15                     15.2794
6     12     0.48          90             0.2268              857.347                     14.92
6     12     0.48          90             0.2292              807.755                     14.482
6     12     0.48          90             0.2316              786.204                     14.2875
6     12     0.48          90             0.234              744.142                     13.9001
6     12     0.48          90             0.2364              689.357                     13.3786
6     12     0.48          90             0.2388              660.796                     13.0986
6     12     0.48          90             0.2412              631.456                     12.8045
6     12     0.48          90             0.2436              602.376                     12.5061
6     12     0.48          90             0.246              585.239                     12.327
6     12     0.48          90             0.2484              543.177                     11.8757
6     12     0.48          90             0.2508              520.328                     11.6233
6     12     0.48          90             0.2532              491.248                     11.2938
6     12     0.48          90             0.2556              458.273                     10.9082
6     12     0.48          90             0.258              404.526                     10.2486
6     12     0.48          90             0.2604              400.112                     10.1925
6     12     0.48          90             0.2628              385.053                     9.99885
6     12     0.48          90             0.2652              347.924                     9.50456
6     12     0.48          90             0.2676              333.903                     9.31108
6     12     0.48          90             0.27              304.563                     8.89259
6     12     0.48          90             0.2724              290.283                     8.68161
6     12     0.48          90             0.2748              276.522                     8.47333
6     12     0.48          90             0.2772              246.143                     7.99436
6     12     0.48          90             0.2796              232.382                     7.76767
6     12     0.48          90             0.282              209.014                     7.36678
6     12     0.48          90             0.2844              200.186                     7.20953
6     12     0.48          90             0.2868              181.492                     6.86464
6     12     0.48          90             0.2892              165.394                     6.55314
6     12     0.48          90             0.2916              156.046                     6.36527
6     12     0.48          90             0.294              142.545                     6.08367
6     12     0.48          90             0.2964              130.342                     5.81743
6     12     0.48          90             0.2988              131.38                     5.84056
6     12     0.48          90             0.3012              110.349                     5.35271
6     12     0.48          90             0.3036              106.454                     5.2574
6     12     0.48          90             0.306              101.781                     5.1407
6     12     0.48          90             0.3084              84.3845                     4.68081
6     12     0.48          90             0.3108              73.7391                     4.37561
6     12     0.48          90             0.3132              74.7777                     4.40632
6     12     0.48          90             0.3156              70.883                     4.29003
6     12     0.48          90             0.318              70.1041                     4.2664
6     12     0.48          90             0.3204              55.0447                     3.78048
6     12     0.48          90             0.3228              55.0447                     3.78048
6     12     0.48          90             0.3252              47.7746                     3.52199
6     12     0.48          90             0.3276              42.8414                     3.3352
6     12     0.48          90             0.33              45.1782                     3.42495
6     12     0.48          90             0.3324              38.4274                     3.15871
6     12     0.48          90             0.3348              33.7538                     2.96041
6     12     0.48          90             0.3372              36.6099                     3.08311
6     12     0.48          90             0.3396              31.6767                     2.86787
6     12     0.48          90             0.342              25.4452                     2.57035
6     12     0.48          90             0.3444              26.7434                     2.63511
6     12     0.48          90             0.3468              24.9259                     2.54399
6     12     0.48          90             0.3492              15.319                     1.99437
6     12     0.48          90             0.3516              22.0698                     2.39381
6     12     0.48          90             0.354              13.5015                     1.87232
6     12     0.48          90             0.3564              10.3858                     1.64214
6     12     0.48          90             0.3588              13.5015                     1.87232
6     12     0.48          90             0.3612              9.8665                     1.60056
6     12     0.48          90             0.3636              12.2033                     1.78003
6     12     0.48          90             0.366              9.08756                     1.53608
6     12     0.48          90             0.3684              8.56828                     1.49155
6     12     0.48          90             0.3708              8.04899                     1.44564
6     12     0.48          90             0.3732              6.49112                     1.29822
6     12     0.48          90             0.3756              7.78934                     1.42213
6     12     0.48          90             0.378              4.41396                     1.07054
6     12     0.48          90             0.3804              3.89467                     1.0056
6     12     0.48          90             0.3828              3.63503                     0.971502
6     12     0.48          90             0.3852              5.19289                     1.16117
6     12     0.48          90             0.3876              2.59645                     0.821069
6     12     0.48          90             0.39              2.07716                     0.734386
6     12     0.48          90             0.3924              1.81751                     0.686955
6     12     0.48          90             0.3948              1.55787                     0.635997
6     12     0.48          90             0.3972              0.778934                     0.449718
6     12     0.48          90             0.3996              1.29822                     0.580583
6     12     0.48          90             0.402              0.519289                     0.367193
6     12     0.48          90             0.4044              0.259645                     0.259645
6     12     0.48          90             0.4068              0.519289                     0.367193
6     12     0.48          90             0.4092              0.519289                     0.367193
6     12     0.48          90             0.4116              0.259645                     0.259645
6     12     0.48          90             0.414              0                     0
6     12     0.48          90             0.4164              0.259645                     0.259645
6     12     0.48          90             0.4188              0.519289                     0.367193
6     12     0.48          90             0.4212              0                     0
6     12     0.48          90             0.4236              0                     0
6     12     0.48          90             0.426              0                     0
6     12     0.48          90             0.4284              0                     0
6     12     0.48          90             0.4308              0                     0
6     12     0.48          90             0.4332              0                     0
6     12     0.48          90             0.4356              0                     0
6     12     0.48          90             0.438              0                     0
6     12     0.48          90             0.4404              0                     0
6     12     0.48          90             0.4428              0                     0
6     12     0.48          90             0.4452              0                     0
6     12     0.48          90             0.4476              0                     0
6     12     0.48          90             0.45              0                     0
6     12     0.48          90             0.4524              0                     0
6     12     0.48          90             0.4548              0                     0
6     12     0.48          90             0.4572              0                     0
6     12     0.48          90             0.4596              0                     0
6     12     0.48          90             0.462              0                     0
6     12     0.48          90             0.4644              0                     0
6     12     0.48          90             0.4668              0                     0
6     12     0.48          90             0.4692              0                     0
6     12     0.48          90             0.4716              0                     0
6     12     0.48          90             0.474              0                     0
6     12     0.48          90             0.4764              0                     0
*******************************************************************************************************
 Average mean_angle 2.3326e+07 +- 45810.4 deg 
 Average E' 76185.1 +- 149.622 GeV 
