*******************************************************************************************************
Z     A     E(GeV)     Theta(deg)     Energy Loss(GeV)     Sigma(nb/sr/GeV)     ERROR     Citation     
*******************************************************************************************************
6     12     5.15          17.98             0.518              0.276331                     0.0156945
6     12     5.15          17.98             0.554              0.454608                     0.0201304
6     12     5.15          17.98             0.59              0.654279                     0.0241499
6     12     5.15          17.98             0.626              0.978745                     0.0295371
6     12     5.15          17.98             0.662              1.40394                     0.0353759
6     12     5.15          17.98             0.698              1.85855                     0.0407024
6     12     5.15          17.98             0.734              2.40942                     0.0463436
6     12     5.15          17.98             0.77              3.38015                     0.054891
6     12     5.15          17.98             0.806              4.37404                     0.0624418
6     12     5.15          17.98             0.842              6.02668                     0.0732947
6     12     5.15          17.98             0.878              7.7943                     0.0833532
6     12     5.15          17.98             0.914              9.62076                     0.0926058
6     12     5.15          17.98             0.95              11.2975                     0.100352
6     12     5.15          17.98             0.986              12.943                     0.107411
6     12     5.15          17.98             1.022              14.1918                     0.112474
6     12     5.15          17.98             1.058              15.4825                     0.117477
6     12     5.15          17.98             1.094              16.0691                     0.119682
6     12     5.15          17.98             1.13              16.472                     0.121173
6     12     5.15          17.98             1.166              16.8259                     0.122468
6     12     5.15          17.98             1.202              16.431                     0.121022
6     12     5.15          17.98             1.238              15.741                     0.118454
6     12     5.15          17.98             1.274              15.0645                     0.115881
6     12     5.15          17.98             1.31              13.6311                     0.11023
6     12     5.15          17.98             1.346              12.1541                     0.104087
6     12     5.15          17.98             1.382              10.4025                     0.0962947
6     12     5.15          17.98             1.418              8.12768                     0.0851171
6     12     5.15          17.98             1.454              6.5214                     0.0762437
6     12     5.15          17.98             1.49              4.75645                     0.0651141
6     12     5.15          17.98             1.526              3.39441                     0.0550067
6     12     5.15          17.98             1.562              2.03326                     0.0425726
6     12     5.15          17.98             1.598              0.549095                     0.0221237
6     12     5.15          17.98             1.634              0                     0
6     12     5.15          17.98             1.67              0                     0
6     12     5.15          17.98             1.706              0                     0
6     12     5.15          17.98             1.742              0                     0
6     12     5.15          17.98             1.778              0                     0
6     12     5.15          17.98             1.814              0                     0
6     12     5.15          17.98             1.85              0                     0
6     12     5.15          17.98             1.886              0                     0
6     12     5.15          17.98             1.922              0                     0
6     12     5.15          17.98             1.958              0                     0
6     12     5.15          17.98             1.994              0                     0
6     12     5.15          17.98             2.03              0                     0
6     12     5.15          17.98             2.066              0                     0
6     12     5.15          17.98             2.102              0                     0
6     12     5.15          17.98             2.138              0                     0
6     12     5.15          17.98             2.174              0                     0
6     12     5.15          17.98             2.21              0                     0
6     12     5.15          17.98             2.246              0                     0
*******************************************************************************************************
 Average mean_angle 4.84789e+06 +- 9124.01 deg 
 Average E' 1.13204e+06 +- 2130.57 GeV 
