*******************************************************************************************************
Z     A     E(GeV)     Theta(deg)     Energy Loss(GeV)     Sigma(nb/sr/GeV)     ERROR     Citation     
*******************************************************************************************************
6     12     0.24          90             0.0012              163.493                     5.18307
6     12     0.24          90             0.0036              513.975                     9.18986
6     12     0.24          90             0.006              1002.15                     12.8323
6     12     0.24          90             0.0084              1547.18                     15.9444
6     12     0.24          90             0.0108              2150.22                     18.7966
6     12     0.24          90             0.0132              2721.54                     21.1468
6     12     0.24          90             0.0156              3321.61                     23.3621
6     12     0.24          90             0.018              3941.74                     25.4496
6     12     0.24          90             0.0204              4484.14                     27.1442
6     12     0.24          90             0.0228              5107.22                     28.9688
6     12     0.24          90             0.0252              5618.24                     30.3835
6     12     0.24          90             0.0276              6164.58                     31.8265
6     12     0.24          90             0.03              6647.99                     33.0509
6     12     0.24          90             0.0324              7235.42                     34.4802
6     12     0.24          90             0.0348              7877.89                     35.9785
6     12     0.24          90             0.0372              8441.32                     37.2429
6     12     0.24          90             0.0396              8836.83                     38.1053
6     12     0.24          90             0.042              9242.52                     38.9702
6     12     0.24          90             0.0444              9472.23                     39.4515
6     12     0.24          90             0.0468              9876.28                     40.2842
6     12     0.24          90             0.0492              10055.4                     40.6478
6     12     0.24          90             0.0516              10201.6                     40.9423
6     12     0.24          90             0.054              10207.2                     40.9535
6     12     0.24          90             0.0564              10235.1                     41.0095
6     12     0.24          90             0.0588              10138.7                     40.8158
6     12     0.24          90             0.0612              10041.4                     40.6196
6     12     0.24          90             0.0636              9926.89                     40.3872
6     12     0.24          90             0.066              9730.53                     39.9858
6     12     0.24          90             0.0684              9395.17                     39.2907
6     12     0.24          90             0.0708              9154.12                     38.7834
6     12     0.24          90             0.0732              8770.44                     37.9619
6     12     0.24          90             0.0756              8432.78                     37.224
6     12     0.24          90             0.078              8117.13                     36.5207
6     12     0.24          90             0.0804              7686.95                     35.5398
6     12     0.24          90             0.0828              7337.29                     34.7221
6     12     0.24          90             0.0852              6976.46                     33.8575
6     12     0.24          90             0.0876              6538.07                     32.7765
6     12     0.24          90             0.09              6059.58                     31.5543
6     12     0.24          90             0.0924              5659.81                     30.4957
6     12     0.24          90             0.0948              5225.85                     29.3033
6     12     0.24          90             0.0972              4750.98                     27.9402
6     12     0.24          90             0.0996              4389.82                     26.8572
6     12     0.24          90             0.102              4020.11                     25.7014
6     12     0.24          90             0.1044              3609.66                     24.354
6     12     0.24          90             0.1068              3298.77                     23.2817
6     12     0.24          90             0.1092              2949.61                     22.0151
6     12     0.24          90             0.1116              2620.32                     20.7499
6     12     0.24          90             0.114              2302.7                     19.4517
6     12     0.24          90             0.1164              2056.56                     18.3827
6     12     0.24          90             0.1188              1810.25                     17.2467
6     12     0.24          90             0.1212              1593.52                     16.1814
6     12     0.24          90             0.1236              1390.76                     15.1169
6     12     0.24          90             0.126              1185.53                     13.9571
6     12     0.24          90             0.1284              1031.73                     13.0203
6     12     0.24          90             0.1308              868.401                     11.9453
6     12     0.24          90             0.1332              757.489                     11.1564
6     12     0.24          90             0.1356              631.953                     10.1901
6     12     0.24          90             0.138              519.233                     9.23675
6     12     0.24          90             0.1404              441.348                     8.51586
6     12     0.24          90             0.1428              369.872                     7.79585
6     12     0.24          90             0.1452              302.667                     7.05213
6     12     0.24          90             0.1476              232.012                     6.17437
6     12     0.24          90             0.15              211.801                     5.89932
6     12     0.24          90             0.1524              166.779                     5.2349
6     12     0.24          90             0.1548              118.799                     4.41819
6     12     0.24          90             0.1572              99.7388                     4.04827
6     12     0.24          90             0.1596              76.5705                     3.54706
6     12     0.24          90             0.162              54.881                     3.00295
6     12     0.24          90             0.1644              47.1582                     2.78366
6     12     0.24          90             0.1668              34.6703                     2.3868
6     12     0.24          90             0.1692              29.248                     2.19223
6     12     0.24          90             0.1716              27.4405                     2.12341
6     12     0.24          90             0.174              21.0322                     1.859
6     12     0.24          90             0.1764              14.131                     1.52379
6     12     0.24          90             0.1788              12.4879                     1.43246
6     12     0.24          90             0.1812              9.53023                     1.25138
6     12     0.24          90             0.1836              8.38003                     1.17344
6     12     0.24          90             0.186              4.6008                     0.86947
6     12     0.24          90             0.1884              7.39415                     1.10225
6     12     0.24          90             0.1908              2.95766                     0.697127
6     12     0.24          90             0.1932              3.28629                     0.734836
6     12     0.24          90             0.1956              2.95766                     0.697127
6     12     0.24          90             0.198              0.821572                     0.367418
6     12     0.24          90             0.2004              0                     0
6     12     0.24          90             0.2028              0                     0
6     12     0.24          90             0.2052              0                     0
6     12     0.24          90             0.2076              0                     0
6     12     0.24          90             0.21              0                     0
6     12     0.24          90             0.2124              0                     0
6     12     0.24          90             0.2148              0                     0
6     12     0.24          90             0.2172              0                     0
6     12     0.24          90             0.2196              0                     0
6     12     0.24          90             0.222              0                     0
6     12     0.24          90             0.2244              0                     0
6     12     0.24          90             0.2268              0                     0
6     12     0.24          90             0.2292              0                     0
6     12     0.24          90             0.2316              0                     0
6     12     0.24          90             0.234              0                     0
6     12     0.24          90             0.2364              0                     0
*******************************************************************************************************
 Average mean_angle 1.73213e+08 +- 124836 deg 
 Average E' 340998 +- 245.758 GeV 
