*******************************************************************************************************
Z     A     E(GeV)     Theta(deg)     Energy Loss(GeV)     Sigma(nb/sr/GeV)     ERROR     Citation     
*******************************************************************************************************
6     12     1.204          45             0.00301              0                     0
6     12     1.204          45             0.00903              0                     0
6     12     1.204          45             0.01505              0                     0
6     12     1.204          45             0.02107              0                     0
6     12     1.204          45             0.02709              0                     0
6     12     1.204          45             0.03311              0                     0
6     12     1.204          45             0.03913              0                     0
6     12     1.204          45             0.04515              0                     0
6     12     1.204          45             0.05117              0                     0
6     12     1.204          45             0.05719              0                     0
6     12     1.204          45             0.06321              0                     0
6     12     1.204          45             0.06923              0                     0
6     12     1.204          45             0.07525              0                     0
6     12     1.204          45             0.08127              0                     0
6     12     1.204          45             0.08729              0                     0
6     12     1.204          45             0.09331              0                     0
6     12     1.204          45             0.09933              0                     0
6     12     1.204          45             0.10535              0                     0
6     12     1.204          45             0.11137              0                     0
6     12     1.204          45             0.11739              0                     0
6     12     1.204          45             0.12341              5.69387                     5.69387
6     12     1.204          45             0.12943              0                     0
6     12     1.204          45             0.13545              11.3877                     8.05235
6     12     1.204          45             0.14147              0                     0
6     12     1.204          45             0.14749              0                     0
6     12     1.204          45             0.15351              5.69387                     5.69387
6     12     1.204          45             0.15953              0                     0
6     12     1.204          45             0.16555              0                     0
6     12     1.204          45             0.17157              5.69387                     5.69387
6     12     1.204          45             0.17759              5.69387                     5.69387
6     12     1.204          45             0.18361              5.69387                     5.69387
6     12     1.204          45             0.18963              11.3877                     8.05235
6     12     1.204          45             0.19565              11.3877                     8.05235
6     12     1.204          45             0.20167              11.3877                     8.05235
6     12     1.204          45             0.20769              5.69387                     5.69387
6     12     1.204          45             0.21371              5.69387                     5.69387
6     12     1.204          45             0.21973              28.4693                     12.7319
6     12     1.204          45             0.22575              22.7755                     11.3877
6     12     1.204          45             0.23177              34.1632                     13.9471
6     12     1.204          45             0.23779              62.6326                     18.8844
6     12     1.204          45             0.24381              22.7755                     11.3877
6     12     1.204          45             0.24983              45.551                     16.1047
6     12     1.204          45             0.25585              39.8571                     15.0646
6     12     1.204          45             0.26187              56.9387                     18.0056
6     12     1.204          45             0.26789              22.7755                     11.3877
6     12     1.204          45             0.27391              45.551                     16.1047
6     12     1.204          45             0.27993              28.4693                     12.7319
6     12     1.204          45             0.28595              56.9387                     18.0056
6     12     1.204          45             0.29197              62.6326                     18.8844
6     12     1.204          45             0.29799              51.2448                     17.0816
6     12     1.204          45             0.30401              79.7142                     21.3045
6     12     1.204          45             0.31003              22.7755                     11.3877
6     12     1.204          45             0.31605              108.184                     24.819
6     12     1.204          45             0.32207              108.184                     24.819
6     12     1.204          45             0.32809              68.3264                     19.7241
6     12     1.204          45             0.33411              119.571                     26.0926
6     12     1.204          45             0.34013              108.184                     24.819
6     12     1.204          45             0.34615              102.49                     24.157
6     12     1.204          45             0.35217              51.2448                     17.0816
6     12     1.204          45             0.35819              130.959                     27.3068
6     12     1.204          45             0.36421              148.041                     29.0332
6     12     1.204          45             0.37023              108.184                     24.819
6     12     1.204          45             0.37625              113.877                     25.4638
6     12     1.204          45             0.38227              153.734                     29.5862
6     12     1.204          45             0.38829              130.959                     27.3068
6     12     1.204          45             0.39431              227.755                     36.0112
6     12     1.204          45             0.40033              182.204                     32.2094
6     12     1.204          45             0.40635              199.285                     33.6854
6     12     1.204          45             0.41237              210.673                     34.6345
6     12     1.204          45             0.41839              227.755                     36.0112
6     12     1.204          45             0.42441              193.592                     33.2007
6     12     1.204          45             0.43043              210.673                     34.6345
6     12     1.204          45             0.43645              273.306                     39.4483
6     12     1.204          45             0.44247              261.918                     38.6177
6     12     1.204          45             0.44849              210.673                     34.6345
6     12     1.204          45             0.45451              273.306                     39.4483
6     12     1.204          45             0.46053              130.959                     27.3068
6     12     1.204          45             0.46655              227.755                     36.0112
6     12     1.204          45             0.47257              273.306                     39.4483
6     12     1.204          45             0.47859              256.224                     38.1956
6     12     1.204          45             0.48461              210.673                     34.6345
6     12     1.204          45             0.49063              250.53                     37.7689
6     12     1.204          45             0.49665              301.775                     41.452
6     12     1.204          45             0.50267              204.979                     34.1632
6     12     1.204          45             0.50869              279                     39.8571
6     12     1.204          45             0.51471              296.081                     41.0591
6     12     1.204          45             0.52073              261.918                     38.6177
6     12     1.204          45             0.52675              159.428                     30.1291
6     12     1.204          45             0.53277              250.53                     37.7689
6     12     1.204          45             0.53879              239.143                     36.9005
6     12     1.204          45             0.54481              176.51                     31.7021
6     12     1.204          45             0.55083              148.041                     29.0332
6     12     1.204          45             0.55685              159.428                     30.1291
6     12     1.204          45             0.56287              176.51                     31.7021
6     12     1.204          45             0.56889              222.061                     35.5582
6     12     1.204          45             0.57491              153.734                     29.5862
6     12     1.204          45             0.58093              176.51                     31.7021
6     12     1.204          45             0.58695              193.592                     33.2007
6     12     1.204          45             0.59297              148.041                     29.0332
6     12     1.204          45             0.59899              170.816                     31.1866
6     12     1.204          45             0.60501              74.0203                     20.5295
6     12     1.204          45             0.61103              96.7958                     23.4764
6     12     1.204          45             0.61705              113.877                     25.4638
6     12     1.204          45             0.62307              102.49                     24.157
6     12     1.204          45             0.62909              85.408                     22.0523
6     12     1.204          45             0.63511              102.49                     24.157
6     12     1.204          45             0.64113              96.7958                     23.4764
6     12     1.204          45             0.64715              56.9387                     18.0056
6     12     1.204          45             0.65317              62.6326                     18.8844
6     12     1.204          45             0.65919              113.877                     25.4638
6     12     1.204          45             0.66521              56.9387                     18.0056
6     12     1.204          45             0.67123              96.7958                     23.4764
6     12     1.204          45             0.67725              56.9387                     18.0056
6     12     1.204          45             0.68327              96.7958                     23.4764
6     12     1.204          45             0.68929              51.2448                     17.0816
6     12     1.204          45             0.69531              79.7142                     21.3045
6     12     1.204          45             0.70133              119.571                     26.0926
6     12     1.204          45             0.70735              91.1019                     22.7755
6     12     1.204          45             0.71337              102.49                     24.157
6     12     1.204          45             0.71939              91.1019                     22.7755
6     12     1.204          45             0.72541              68.3264                     19.7241
6     12     1.204          45             0.73143              91.1019                     22.7755
6     12     1.204          45             0.73745              74.0203                     20.5295
6     12     1.204          45             0.74347              79.7142                     21.3045
6     12     1.204          45             0.74949              79.7142                     21.3045
6     12     1.204          45             0.75551              85.408                     22.0523
6     12     1.204          45             0.76153              79.7142                     21.3045
6     12     1.204          45             0.76755              91.1019                     22.7755
6     12     1.204          45             0.77357              68.3264                     19.7241
6     12     1.204          45             0.77959              79.7142                     21.3045
6     12     1.204          45             0.78561              102.49                     24.157
6     12     1.204          45             0.79163              68.3264                     19.7241
6     12     1.204          45             0.79765              79.7142                     21.3045
6     12     1.204          45             0.80367              113.877                     25.4638
6     12     1.204          45             0.80969              85.408                     22.0523
6     12     1.204          45             0.81571              39.8571                     15.0646
6     12     1.204          45             0.82173              74.0203                     20.5295
6     12     1.204          45             0.82775              68.3264                     19.7241
6     12     1.204          45             0.83377              62.6326                     18.8844
6     12     1.204          45             0.83979              56.9387                     18.0056
6     12     1.204          45             0.84581              96.7958                     23.4764
6     12     1.204          45             0.85183              74.0203                     20.5295
6     12     1.204          45             0.85785              45.551                     16.1047
6     12     1.204          45             0.86387              62.6326                     18.8844
6     12     1.204          45             0.86989              74.0203                     20.5295
6     12     1.204          45             0.87591              96.7958                     23.4764
6     12     1.204          45             0.88193              62.6326                     18.8844
6     12     1.204          45             0.88795              91.1019                     22.7755
6     12     1.204          45             0.89397              79.7142                     21.3045
6     12     1.204          45             0.89999              85.408                     22.0523
6     12     1.204          45             0.90601              68.3264                     19.7241
6     12     1.204          45             0.91203              62.6326                     18.8844
6     12     1.204          45             0.91805              96.7958                     23.4764
6     12     1.204          45             0.92407              74.0203                     20.5295
6     12     1.204          45             0.93009              96.7958                     23.4764
6     12     1.204          45             0.93611              102.49                     24.157
6     12     1.204          45             0.94213              125.265                     26.7066
6     12     1.204          45             0.94815              79.7142                     21.3045
6     12     1.204          45             0.95417              85.408                     22.0523
6     12     1.204          45             0.96019              125.265                     26.7066
6     12     1.204          45             0.96621              85.408                     22.0523
6     12     1.204          45             0.97223              113.877                     25.4638
6     12     1.204          45             0.97825              102.49                     24.157
6     12     1.204          45             0.98427              91.1019                     22.7755
6     12     1.204          45             0.99029              79.7142                     21.3045
6     12     1.204          45             0.99631              102.49                     24.157
6     12     1.204          45             1.00233              79.7142                     21.3045
6     12     1.204          45             1.00835              108.184                     24.819
6     12     1.204          45             1.01437              130.959                     27.3068
6     12     1.204          45             1.02039              153.734                     29.5862
6     12     1.204          45             1.02641              148.041                     29.0332
6     12     1.204          45             1.03243              113.877                     25.4638
6     12     1.204          45             1.03845              74.0203                     20.5295
6     12     1.204          45             1.04447              79.7142                     21.3045
6     12     1.204          45             1.05049              125.265                     26.7066
6     12     1.204          45             1.05651              96.7958                     23.4764
6     12     1.204          45             1.06253              96.7958                     23.4764
6     12     1.204          45             1.06855              130.959                     27.3068
6     12     1.204          45             1.07457              56.9387                     18.0056
6     12     1.204          45             1.08059              62.6326                     18.8844
6     12     1.204          45             1.08661              39.8571                     15.0646
6     12     1.204          45             1.09263              34.1632                     13.9471
6     12     1.204          45             1.09865              17.0816                     9.86207
6     12     1.204          45             1.10467              5.69387                     5.69387
6     12     1.204          45             1.11069              0                     0
6     12     1.204          45             1.11671              0                     0
6     12     1.204          45             1.12273              0                     0
6     12     1.204          45             1.12875              0                     0
6     12     1.204          45             1.13477              0                     0
6     12     1.204          45             1.14079              0                     0
6     12     1.204          45             1.14681              0                     0
6     12     1.204          45             1.15283              0                     0
6     12     1.204          45             1.15885              0                     0
6     12     1.204          45             1.16487              0                     0
6     12     1.204          45             1.17089              0                     0
6     12     1.204          45             1.17691              0                     0
6     12     1.204          45             1.18293              0                     0
6     12     1.204          45             1.18895              0                     0
6     12     1.204          45             1.19497              0                     0
*******************************************************************************************************
 Average mean_angle 133209 +- 2447.19 deg 
 Average E' 1722.44 +- 31.6431 GeV 
