*******************************************************************************************************
Z     A     E(GeV)     Theta(deg)     Energy Loss(GeV)     Sigma(nb/sr/GeV)     ERROR     Citation     
*******************************************************************************************************
6     12     4.045          30             0.613              0                     0
6     12     4.045          30             0.639              0                     0
6     12     4.045          30             0.665              0                     0
6     12     4.045          30             0.691              0                     0
6     12     4.045          30             0.717              0                     0
6     12     4.045          30             0.743              0                     0
6     12     4.045          30             0.769              0                     0
6     12     4.045          30             0.795              0                     0
6     12     4.045          30             0.821              0                     0
6     12     4.045          30             0.847              0                     0
6     12     4.045          30             0.873              0                     0
6     12     4.045          30             0.899              0                     0
6     12     4.045          30             0.925              0                     0
6     12     4.045          30             0.951              0                     0
6     12     4.045          30             0.977              0                     0
6     12     4.045          30             1.003              0                     0
6     12     4.045          30             1.029              0                     0
6     12     4.045          30             1.055              0                     0
6     12     4.045          30             1.081              0                     0
6     12     4.045          30             1.107              0                     0
6     12     4.045          30             1.133              0                     0
6     12     4.045          30             1.159              0                     0
6     12     4.045          30             1.185              0                     0
6     12     4.045          30             1.211              0.00121254                     0.000857397
6     12     4.045          30             1.237              0.00485017                     0.00171479
6     12     4.045          30             1.263              0.0169756                     0.00320808
6     12     4.045          30             1.289              0.0472891                     0.00535444
6     12     4.045          30             1.315              0.111554                     0.00822386
6     12     4.045          30             1.341              0.235839                     0.0119575
6     12     4.045          30             1.367              0.428027                     0.016109
6     12     4.045          30             1.393              0.697818                     0.0205686
6     12     4.045          30             1.419              1.04036                     0.0251145
6     12     4.045          30             1.445              1.5375                     0.030531
6     12     4.045          30             1.471              2.12922                     0.0359289
6     12     4.045          30             1.497              2.93678                     0.0421958
6     12     4.045          30             1.523              3.81648                     0.0481022
6     12     4.045          30             1.549              4.93686                     0.054709
6     12     4.045          30             1.575              6.13364                     0.0609807
6     12     4.045          30             1.601              7.74511                     0.0685247
6     12     4.045          30             1.627              9.35597                     0.0753144
6     12     4.045          30             1.653              11.1287                     0.0821402
6     12     4.045          30             1.679              13.2507                     0.0896297
6     12     4.045          30             1.705              15.2174                     0.0960514
6     12     4.045          30             1.731              17.5127                     0.103041
6     12     4.045          30             1.757              19.9172                     0.109887
6     12     4.045          30             1.783              22.3999                     0.116535
6     12     4.045          30             1.809              25.0923                     0.12334
6     12     4.045          30             1.835              27.8387                     0.129915
6     12     4.045          30             1.861              30.2808                     0.135493
*******************************************************************************************************
 Average angle 4.36272e+07 +- 36050.1 deg 
 Average E' 2.9527e+06 +- 2439.88 GeV 
