*******************************************************************************************************
Z     A     E(GeV)     Theta(deg)     Energy Loss(GeV)     Sigma(nb/sr/GeV)     ERROR     Citation     
*******************************************************************************************************
6     12     3.4886          14             0.017443              0                     0
6     12     3.4886          14             0.052329              1.4511                     0.458879
6     12     3.4886          14             0.087215              9.28706                     1.16088
6     12     3.4886          14             0.122101              31.489                     2.13761
6     12     3.4886          14             0.156987              76.6183                     3.33438
6     12     3.4886          14             0.191873              161.218                     4.83677
6     12     3.4886          14             0.226759              259.602                     6.13767
6     12     3.4886          14             0.261645              385.849                     7.48269
6     12     3.4886          14             0.296531              584.505                     9.20965
6     12     3.4886          14             0.331417              807.249                     10.8231
6     12     3.4886          14             0.366303              1100.52                     12.6371
6     12     3.4886          14             0.401189              1458.5                     14.548
6     12     3.4886          14             0.436075              1707.66                     15.7416
6     12     3.4886          14             0.470961              1871.34                     16.4788
6     12     3.4886          14             0.505847              1812.28                     16.2167
6     12     3.4886          14             0.540733              1724.78                     15.8204
6     12     3.4886          14             0.575619              1533.09                     14.9153
6     12     3.4886          14             0.610505              1325.44                     13.8685
6     12     3.4886          14             0.645391              1102.55                     12.6488
6     12     3.4886          14             0.680277              890.978                     11.3706
6     12     3.4886          14             0.715163              707.994                     10.1359
6     12     3.4886          14             0.750049              580.732                     9.17988
6     12     3.4886          14             0.784935              511.224                     8.61301
6     12     3.4886          14             0.819821              454.776                     8.12359
6     12     3.4886          14             0.854707              417.192                     7.78068
6     12     3.4886          14             0.889593              404.132                     7.65792
6     12     3.4886          14             0.924479              372.498                     7.3521
6     12     3.4886          14             0.959365              367.419                     7.30181
6     12     3.4886          14             0.994251              353.489                     7.16205
6     12     3.4886          14             1.02914              329.981                     6.9198
6     12     3.4886          14             1.06402              321.129                     6.82636
6     12     3.4886          14             1.09891              302.99                     6.63077
6     12     3.4886          14             1.1338              283.836                     6.41775
6     12     3.4886          14             1.16868              280.353                     6.37826
6     12     3.4886          14             1.20357              284.126                     6.42103
6     12     3.4886          14             1.23845              259.893                     6.1411
6     12     3.4886          14             1.27334              272.227                     6.28514
6     12     3.4886          14             1.30823              263.811                     6.18722
6     12     3.4886          14             1.34311              252.782                     6.05651
6     12     3.4886          14             1.378              256.265                     6.09809
6     12     3.4886          14             1.41288              252.637                     6.05477
6     12     3.4886          14             1.44777              239.722                     5.89798
6     12     3.4886          14             1.48266              236.385                     5.85678
6     12     3.4886          14             1.51754              251.912                     6.04607
6     12     3.4886          14             1.55243              239.142                     5.89084
6     12     3.4886          14             1.58731              251.331                     6.0391
6     12     3.4886          14             1.6222              259.457                     6.13596
6     12     3.4886          14             1.65709              247.268                     5.99009
6     12     3.4886          14             1.69197              248.719                     6.00764
6     12     3.4886          14             1.72686              256.845                     6.10499
6     12     3.4886          14             1.76174              255.394                     6.08772
6     12     3.4886          14             1.79663              249.59                     6.01815
6     12     3.4886          14             1.83152              259.748                     6.13939
6     12     3.4886          14             1.8664              263.666                     6.18552
6     12     3.4886          14             1.90129              238.997                     5.88905
6     12     3.4886          14             1.93617              35.8423                     2.28059
6     12     3.4886          14             1.97106              0                     0
6     12     3.4886          14             2.00595              0                     0
6     12     3.4886          14             2.04083              0                     0
6     12     3.4886          14             2.07572              0                     0
6     12     3.4886          14             2.1106              0                     0
6     12     3.4886          14             2.14549              0                     0
6     12     3.4886          14             2.18038              0                     0
6     12     3.4886          14             2.21526              0                     0
6     12     3.4886          14             2.25015              0                     0
6     12     3.4886          14             2.28503              0                     0
6     12     3.4886          14             2.31992              0                     0
6     12     3.4886          14             2.35481              0                     0
6     12     3.4886          14             2.38969              0                     0
6     12     3.4886          14             2.42458              0                     0
6     12     3.4886          14             2.45946              0                     0
6     12     3.4886          14             2.49435              0                     0
6     12     3.4886          14             2.52923              0                     0
6     12     3.4886          14             2.56412              0                     0
6     12     3.4886          14             2.59901              0                     0
6     12     3.4886          14             2.63389              0                     0
6     12     3.4886          14             2.66878              0                     0
6     12     3.4886          14             2.70366              0                     0
6     12     3.4886          14             2.73855              0                     0
6     12     3.4886          14             2.77344              0                     0
6     12     3.4886          14             2.80832              0                     0
6     12     3.4886          14             2.84321              0                     0
6     12     3.4886          14             2.8781              0                     0
6     12     3.4886          14             2.91298              0                     0
6     12     3.4886          14             2.94787              0                     0
6     12     3.4886          14             2.98275              0                     0
6     12     3.4886          14             3.01764              0                     0
6     12     3.4886          14             3.05253              0                     0
6     12     3.4886          14             3.08741              0                     0
6     12     3.4886          14             3.1223              0                     0
6     12     3.4886          14             3.15718              0                     0
6     12     3.4886          14             3.19207              0                     0
6     12     3.4886          14             3.22696              0                     0
6     12     3.4886          14             3.26184              0                     0
6     12     3.4886          14             3.29673              0                     0
6     12     3.4886          14             3.33161              0                     0
6     12     3.4886          14             3.3665              0                     0
6     12     3.4886          14             3.40139              0                     0
6     12     3.4886          14             3.43627              0                     0
*******************************************************************************************************
 Average mean_angle 2.6391e+06 +- 6017.86 deg 
 Average E' 522046 +- 1190.4 GeV 
