*******************************************************************************************************
Z     A     E(GeV)     Theta(deg)     Energy Loss(GeV)     Sigma(nb/sr/GeV)     ERROR     Citation     
*******************************************************************************************************
6     12     2.346          60             1.107              0.00688284                     0.00344142
6     12     2.346          60             1.121              0.012045                     0.00455257
6     12     2.346          60             1.135              0.0154864                     0.00516213
6     12     2.346          60             1.149              0.0189278                     0.00570695
6     12     2.346          60             1.163              0.0172071                     0.00544137
6     12     2.346          60             1.177              0.02409                     0.00643831
6     12     2.346          60             1.191              0.0258107                     0.00666429
6     12     2.346          60             1.205              0.0326935                     0.00750041
6     12     2.346          60             1.219              0.0378556                     0.00807085
6     12     2.346          60             1.233              0.0292521                     0.00709467
6     12     2.346          60             1.247              0.0223692                     0.00620411
6     12     2.346          60             1.261              0.02409                     0.00643831
6     12     2.346          60             1.275              0.0223692                     0.00620411
6     12     2.346          60             1.289              0.0154864                     0.00516213
6     12     2.346          60             1.303              0.00688284                     0.00344142
6     12     2.346          60             1.317              0                     0
6     12     2.346          60             1.331              0                     0
6     12     2.346          60             1.345              0                     0
6     12     2.346          60             1.359              0                     0
6     12     2.346          60             1.373              0                     0
6     12     2.346          60             1.387              0                     0
6     12     2.346          60             1.401              0                     0
6     12     2.346          60             1.415              0                     0
6     12     2.346          60             1.429              0                     0
6     12     2.346          60             1.443              0                     0
6     12     2.346          60             1.457              0                     0
6     12     2.346          60             1.471              0                     0
6     12     2.346          60             1.485              0                     0
6     12     2.346          60             1.499              0                     0
6     12     2.346          60             1.513              0                     0
6     12     2.346          60             1.527              0                     0
6     12     2.346          60             1.541              0                     0
6     12     2.346          60             1.555              0                     0
6     12     2.346          60             1.569              0                     0
6     12     2.346          60             1.583              0                     0
6     12     2.346          60             1.597              0                     0
6     12     2.346          60             1.611              0                     0
6     12     2.346          60             1.625              0                     0
6     12     2.346          60             1.639              0                     0
6     12     2.346          60             1.653              0                     0
6     12     2.346          60             1.667              0                     0
6     12     2.346          60             1.681              0                     0
6     12     2.346          60             1.695              0                     0
6     12     2.346          60             1.709              0                     0
6     12     2.346          60             1.723              0                     0
6     12     2.346          60             1.737              0                     0
6     12     2.346          60             1.751              0                     0
6     12     2.346          60             1.765              0                     0
6     12     2.346          60             1.779              0                     0
*******************************************************************************************************
 Average mean_angle 11983.4 +- 834.926 deg 
 Average E' 238.099 +- 16.5892 GeV 
