*******************************************************************************************************
Z     A     E(GeV)     Theta(deg)     Energy Loss(GeV)     Sigma(nb/sr/GeV)     ERROR     Citation     
*******************************************************************************************************
6     12     4.6286          20             0.015              0                     0
6     12     4.6286          20             0.045              0                     0
6     12     4.6286          20             0.075              0                     0
6     12     4.6286          20             0.105              0                     0
6     12     4.6286          20             0.135              0                     0
6     12     4.6286          20             0.165              0                     0
6     12     4.6286          20             0.195              0                     0
6     12     4.6286          20             0.225              0                     0
6     12     4.6286          20             0.255              0                     0
6     12     4.6286          20             0.285              0                     0
6     12     4.6286          20             0.315              0                     0
6     12     4.6286          20             0.345              0                     0
6     12     4.6286          20             0.375              0                     0
6     12     4.6286          20             0.405              0                     0
6     12     4.6286          20             0.435              0.00232773                     0.00164595
6     12     4.6286          20             0.465              0.00814705                     0.00307929
6     12     4.6286          20             0.495              0.0162941                     0.00435478
6     12     4.6286          20             0.525              0.0488823                     0.0075427
6     12     4.6286          20             0.555              0.0884537                     0.0101463
6     12     4.6286          20             0.585              0.2351                     0.0165416
6     12     4.6286          20             0.615              0.534213                     0.024935
6     12     4.6286          20             0.645              1.0789                     0.0354358
6     12     4.6286          20             0.675              2.07284                     0.0491173
6     12     4.6286          20             0.705              4.05839                     0.0687271
6     12     4.6286          20             0.735              6.83886                     0.0892161
6     12     4.6286          20             0.765              10.7518                     0.111864
6     12     4.6286          20             0.795              15.9868                     0.136406
6     12     4.6286          20             0.825              22.1658                     0.160617
6     12     4.6286          20             0.855              29.3934                     0.184959
6     12     4.6286          20             0.885              36.7909                     0.206929
6     12     4.6286          20             0.915              44.221                     0.226864
6     12     4.6286          20             0.945              51.3567                     0.244483
6     12     4.6286          20             0.975              58.2816                     0.260446
6     12     4.6286          20             1.005              63.7704                     0.272434
6     12     4.6286          20             1.035              66.0807                     0.277325
6     12     4.6286          20             1.065              69.137                     0.283665
6     12     4.6286          20             1.095              68.8984                     0.283176
6     12     4.6286          20             1.125              67.1352                     0.279528
6     12     4.6286          20             1.155              64.9878                     0.275022
6     12     4.6286          20             1.185              61.7558                     0.268096
6     12     4.6286          20             1.215              56.6615                     0.2568
6     12     4.6286          20             1.245              51.5056                     0.244838
6     12     4.6286          20             1.275              46.8932                     0.233618
6     12     4.6286          20             1.305              41.2881                     0.219212
6     12     4.6286          20             1.335              36.1403                     0.205091
6     12     4.6286          20             1.365              31.5174                     0.191525
6     12     4.6286          20             1.395              25.4979                     0.172268
6     12     4.6286          20             1.425              18.8767                     0.148223
6     12     4.6286          20             1.455              13.2459                     0.124163
6     12     4.6286          20             1.485              8.89192                     0.10173
6     12     4.6286          20             1.515              5.60168                     0.080744
6     12     4.6286          20             1.545              2.94458                     0.0585413
6     12     4.6286          20             1.575              1.08588                     0.0355503
6     12     4.6286          20             1.605              0.0395714                     0.00678643
6     12     4.6286          20             1.635              0                     0
6     12     4.6286          20             1.665              0                     0
6     12     4.6286          20             1.695              0                     0
6     12     4.6286          20             1.725              0                     0
6     12     4.6286          20             1.755              0                     0
6     12     4.6286          20             1.785              0                     0
6     12     4.6286          20             1.815              0                     0
6     12     4.6286          20             1.845              0                     0
6     12     4.6286          20             1.875              0                     0
6     12     4.6286          20             1.905              0                     0
6     12     4.6286          20             1.935              0                     0
6     12     4.6286          20             1.965              0                     0
6     12     4.6286          20             1.995              0                     0
6     12     4.6286          20             2.025              0                     0
6     12     4.6286          20             2.055              0                     0
6     12     4.6286          20             2.085              0                     0
6     12     4.6286          20             2.115              0                     0
6     12     4.6286          20             2.145              0                     0
6     12     4.6286          20             2.175              0                     0
6     12     4.6286          20             2.205              0                     0
6     12     4.6286          20             2.235              0                     0
6     12     4.6286          20             2.265              0                     0
6     12     4.6286          20             2.295              0                     0
6     12     4.6286          20             2.325              0                     0
6     12     4.6286          20             2.355              0                     0
6     12     4.6286          20             2.385              0                     0
6     12     4.6286          20             2.415              0                     0
6     12     4.6286          20             2.445              0                     0
6     12     4.6286          20             2.475              0                     0
6     12     4.6286          20             2.505              0                     0
6     12     4.6286          20             2.535              0                     0
6     12     4.6286          20             2.565              0                     0
6     12     4.6286          20             2.595              0                     0
6     12     4.6286          20             2.625              0                     0
6     12     4.6286          20             2.655              0                     0
6     12     4.6286          20             2.685              0                     0
6     12     4.6286          20             2.715              0                     0
6     12     4.6286          20             2.745              0                     0
6     12     4.6286          20             2.775              0                     0
6     12     4.6286          20             2.805              0                     0
6     12     4.6286          20             2.835              0                     0
6     12     4.6286          20             2.865              0                     0
6     12     4.6286          20             2.895              0                     0
6     12     4.6286          20             2.925              0                     0
6     12     4.6286          20             2.955              0                     0
*******************************************************************************************************
 Average mean_angle 1.83607e+07 +- 19008.5 deg 
 Average E' 3.28206e+06 +- 3397.86 GeV 
