*******************************************************************************************************
Z     A     E(GeV)     Theta(deg)     Energy Loss(GeV)     Sigma(nb/sr/GeV)     ERROR     Citation     
*******************************************************************************************************
6     12     3.269          21.98             0.016345              0                     0
6     12     3.269          21.98             0.049035              0                     0
6     12     3.269          21.98             0.081725              0                     0
6     12     3.269          21.98             0.114415              0                     0
6     12     3.269          21.98             0.147105              0                     0
6     12     3.269          21.98             0.179795              0                     0
6     12     3.269          21.98             0.212485              0                     0
6     12     3.269          21.98             0.245175              0.189753                     0.134176
6     12     3.269          21.98             0.277865              0.28463                     0.164331
6     12     3.269          21.98             0.310555              0.664137                     0.25102
6     12     3.269          21.98             0.343245              2.65655                     0.50204
6     12     3.269          21.98             0.375935              2.94118                     0.528251
6     12     3.269          21.98             0.408625              6.73624                     0.799445
6     12     3.269          21.98             0.441315              9.67742                     0.958207
6     12     3.269          21.98             0.474005              11.4801                     1.04364
6     12     3.269          21.98             0.506695              17.6471                     1.29395
6     12     3.269          21.98             0.539385              25.7116                     1.56187
6     12     3.269          21.98             0.572075              31.4042                     1.72613
6     12     3.269          21.98             0.604765              46.8691                     2.10874
6     12     3.269          21.98             0.637455              60.0569                     2.38705
6     12     3.269          21.98             0.670145              70.2087                     2.58092
6     12     3.269          21.98             0.702835              80.3605                     2.76122
6     12     3.269          21.98             0.735525              84.2505                     2.82726
6     12     3.269          21.98             0.768215              88.7097                     2.90112
6     12     3.269          21.98             0.800905              86.2429                     2.8605
6     12     3.269          21.98             0.833595              79.0323                     2.73831
6     12     3.269          21.98             0.866285              80.5503                     2.76448
6     12     3.269          21.98             0.898975              71.1575                     2.5983
6     12     3.269          21.98             0.931665              67.2675                     2.52629
6     12     3.269          21.98             0.964355              60.3416                     2.3927
6     12     3.269          21.98             0.997045              57.5901                     2.33751
6     12     3.269          21.98             1.02974              45.1613                     2.06996
6     12     3.269          21.98             1.06243              38.3302                     1.907
6     12     3.269          21.98             1.09512              35.7685                     1.84217
6     12     3.269          21.98             1.12781              31.7837                     1.73653
6     12     3.269          21.98             1.1605              28.6527                     1.64878
6     12     3.269          21.98             1.19319              28.8425                     1.65423
6     12     3.269          21.98             1.22588              27.9886                     1.62956
6     12     3.269          21.98             1.25857              24.1935                     1.51506
6     12     3.269          21.98             1.29126              25.4269                     1.5532
6     12     3.269          21.98             1.32395              25.2372                     1.54739
6     12     3.269          21.98             1.35664              26.186                     1.57621
6     12     3.269          21.98             1.38933              24.1935                     1.51506
6     12     3.269          21.98             1.42202              23.6243                     1.49713
6     12     3.269          21.98             1.45471              24.3833                     1.52099
6     12     3.269          21.98             1.4874              23.6243                     1.49713
6     12     3.269          21.98             1.52009              23.5294                     1.49412
6     12     3.269          21.98             1.55278              25.7116                     1.56187
6     12     3.269          21.98             1.58547              26.5655                     1.58759
6     12     3.269          21.98             1.61816              26.4706                     1.58475
6     12     3.269          21.98             1.65085              25.6167                     1.55898
6     12     3.269          21.98             1.68354              25.5218                     1.55609
6     12     3.269          21.98             1.71623              25.4269                     1.5532
6     12     3.269          21.98             1.74892              28.5579                     1.64605
6     12     3.269          21.98             1.78161              25.3321                     1.5503
6     12     3.269          21.98             1.8143              17.7419                     1.29742
6     12     3.269          21.98             1.84699              2.94118                     0.528251
6     12     3.269          21.98             1.87968              0                     0
6     12     3.269          21.98             1.91237              0                     0
6     12     3.269          21.98             1.94506              0                     0
6     12     3.269          21.98             1.97775              0                     0
6     12     3.269          21.98             2.01044              0                     0
6     12     3.269          21.98             2.04312              0                     0
6     12     3.269          21.98             2.07581              0                     0
6     12     3.269          21.98             2.10851              0                     0
6     12     3.269          21.98             2.1412              0                     0
6     12     3.269          21.98             2.17389              0                     0
6     12     3.269          21.98             2.20657              0                     0
6     12     3.269          21.98             2.23927              0                     0
6     12     3.269          21.98             2.27196              0                     0
6     12     3.269          21.98             2.30465              0                     0
6     12     3.269          21.98             2.33733              0                     0
6     12     3.269          21.98             2.37003              0                     0
6     12     3.269          21.98             2.40272              0                     0
6     12     3.269          21.98             2.43541              0                     0
6     12     3.269          21.98             2.46809              0                     0
6     12     3.269          21.98             2.50079              0                     0
6     12     3.269          21.98             2.53348              0                     0
6     12     3.269          21.98             2.56617              0                     0
6     12     3.269          21.98             2.59885              0                     0
6     12     3.269          21.98             2.63155              0                     0
6     12     3.269          21.98             2.66424              0                     0
6     12     3.269          21.98             2.69693              0                     0
6     12     3.269          21.98             2.72962              0                     0
6     12     3.269          21.98             2.76231              0                     0
6     12     3.269          21.98             2.795              0                     0
6     12     3.269          21.98             2.82769              0                     0
6     12     3.269          21.98             2.86038              0                     0
6     12     3.269          21.98             2.89306              0                     0
6     12     3.269          21.98             2.92576              0                     0
6     12     3.269          21.98             2.95845              0                     0
6     12     3.269          21.98             2.99114              0                     0
6     12     3.269          21.98             3.02382              0                     0
6     12     3.269          21.98             3.05652              0                     0
6     12     3.269          21.98             3.08921              0                     0
6     12     3.269          21.98             3.1219              0                     0
6     12     3.269          21.98             3.15459              0                     0
6     12     3.269          21.98             3.18728              0                     0
6     12     3.269          21.98             3.21997              0                     0
*******************************************************************************************************
 Average mean_angle 396405 +- 2936.58 deg 
 Average E' 41023.6 +- 303.904 GeV 
