*******************************************************************************************************
Z     A     E(GeV)     Theta(deg)     Energy Loss(GeV)     Sigma(nb/sr/GeV)     ERROR     Citation     
*******************************************************************************************************
6     12     0.1999          60             0.0009995              0.375216                     0.265318
6     12     0.1999          60             0.0029985              1.31326                     0.496365
6     12     0.1999          60             0.0049975              3.00173                     0.750433
6     12     0.1999          60             0.0069965              8.44237                     1.25851
6     12     0.1999          60             0.0089955              16.3219                     1.74989
6     12     0.1999          60             0.0109945              26.0775                     2.21187
6     12     0.1999          60             0.0129935              44.8384                     2.90035
6     12     0.1999          60             0.0149925              71.8539                     3.67157
6     12     0.1999          60             0.0169915              114.253                     4.62978
6     12     0.1999          60             0.0189905              152.901                     5.35588
6     12     0.1999          60             0.0209895              197.364                     6.08499
6     12     0.1999          60             0.0229885              264.528                     7.04468
6     12     0.1999          60             0.0249875              321.936                     7.7716
6     12     0.1999          60             0.0269865              402.607                     8.69094
6     12     0.1999          60             0.0289855              488.719                     9.57537
6     12     0.1999          60             0.0309845              600.159                     10.6111
6     12     0.1999          60             0.0329835              696.965                     11.4349
6     12     0.1999          60             0.0349825              793.208                     12.1989
6     12     0.1999          60             0.0369815              913.089                     13.0883
6     12     0.1999          60             0.0389805              1040.1                     13.9689
6     12     0.1999          60             0.0409795              1136.53                     14.6021
6     12     0.1999          60             0.0429785              1242.72                     15.269
6     12     0.1999          60             0.0449775              1362.04                     15.9853
6     12     0.1999          60             0.0469765              1464.47                     16.5755
6     12     0.1999          60             0.0489755              1551.14                     17.0589
6     12     0.1999          60             0.0509745              1649.83                     17.5932
6     12     0.1999          60             0.0529735              1744.19                     18.0894
6     12     0.1999          60             0.0549725              1831.81                     18.5381
6     12     0.1999          60             0.0569715              1928.24                     19.0198
6     12     0.1999          60             0.0589705              1936.3                     19.0596
6     12     0.1999          60             0.0609695              2089.39                     19.7987
6     12     0.1999          60             0.0629685              2113.78                     19.9139
6     12     0.1999          60             0.0649675              2207.21                     20.3492
6     12     0.1999          60             0.0669665              2243.42                     20.5155
6     12     0.1999          60             0.0689655              2310.4                     20.8194
6     12     0.1999          60             0.0709645              2360.86                     21.0456
6     12     0.1999          60             0.0729635              2405.89                     21.2453
6     12     0.1999          60             0.0749625              2428.03                     21.3429
6     12     0.1999          60             0.0769615              2467.99                     21.5178
6     12     0.1999          60             0.0789605              2558.98                     21.9108
6     12     0.1999          60             0.0809595              2566.67                     21.9437
6     12     0.1999          60             0.0829585              2612.44                     22.1386
6     12     0.1999          60             0.0849575              2661.97                     22.3474
6     12     0.1999          60             0.0869565              2681.3                     22.4284
6     12     0.1999          60             0.0889555              2690.68                     22.4676
6     12     0.1999          60             0.0909545              2707.94                     22.5395
6     12     0.1999          60             0.0929535              2740.39                     22.6742
6     12     0.1999          60             0.0949525              2680.36                     22.4245
6     12     0.1999          60             0.0969515              2215.65                     20.3881
6     12     0.1999          60             0.0989505              1614.74                     17.4051
6     12     0.1999          60             0.100949              1004.08                     13.7249
6     12     0.1999          60             0.102948              386.285                     8.51295
6     12     0.1999          60             0.104947              7.87954                     1.21584
6     12     0.1999          60             0.106946              0                     0
6     12     0.1999          60             0.108946              0                     0
6     12     0.1999          60             0.110945              0                     0
6     12     0.1999          60             0.112943              0                     0
6     12     0.1999          60             0.114942              0                     0
6     12     0.1999          60             0.116941              0                     0
6     12     0.1999          60             0.11894              0                     0
6     12     0.1999          60             0.120939              0                     0
6     12     0.1999          60             0.122938              0                     0
6     12     0.1999          60             0.124937              0                     0
6     12     0.1999          60             0.126936              0                     0
6     12     0.1999          60             0.128935              0                     0
6     12     0.1999          60             0.130934              0                     0
6     12     0.1999          60             0.132933              0                     0
6     12     0.1999          60             0.134932              0                     0
6     12     0.1999          60             0.136931              0                     0
6     12     0.1999          60             0.13893              0                     0
6     12     0.1999          60             0.140929              0                     0
6     12     0.1999          60             0.142928              0                     0
6     12     0.1999          60             0.144927              0                     0
6     12     0.1999          60             0.146926              0                     0
6     12     0.1999          60             0.148925              0                     0
6     12     0.1999          60             0.150924              0                     0
6     12     0.1999          60             0.152923              0                     0
6     12     0.1999          60             0.154922              0                     0
6     12     0.1999          60             0.156921              0                     0
6     12     0.1999          60             0.15892              0                     0
6     12     0.1999          60             0.160919              0                     0
6     12     0.1999          60             0.162918              0                     0
6     12     0.1999          60             0.164917              0                     0
6     12     0.1999          60             0.166916              0                     0
6     12     0.1999          60             0.168915              0                     0
6     12     0.1999          60             0.170914              0                     0
6     12     0.1999          60             0.172913              0                     0
6     12     0.1999          60             0.174912              0                     0
6     12     0.1999          60             0.176911              0                     0
6     12     0.1999          60             0.17891              0                     0
6     12     0.1999          60             0.180909              0                     0
6     12     0.1999          60             0.182908              0                     0
6     12     0.1999          60             0.184907              0                     0
6     12     0.1999          60             0.186906              0                     0
6     12     0.1999          60             0.188905              0                     0
6     12     0.1999          60             0.190904              0                     0
6     12     0.1999          60             0.192903              0                     0
6     12     0.1999          60             0.194902              0                     0
6     12     0.1999          60             0.196901              0                     0
*******************************************************************************************************
 Average mean_angle 2.29541e+07 +- 37114.3 deg 
 Average E' 49668.4 +- 80.3082 GeV 
