*******************************************************************************************************
Z     A     E(GeV)     Theta(deg)     Energy Loss(GeV)     Sigma(nb/sr/GeV)     ERROR     Citation     
*******************************************************************************************************
6     12     0.5188          60             0.002594              0                     0
6     12     0.5188          60             0.007782              0                     0
6     12     0.5188          60             0.01297              30.7506                     2.10207
6     12     0.5188          60             0.018158              109.639                     3.96919
6     12     0.5188          60             0.023346              195.424                     5.29918
6     12     0.5188          60             0.028534              296.729                     6.5298
6     12     0.5188          60             0.033722              461.977                     8.14761
6     12     0.5188          60             0.03891              704.389                     10.0607
6     12     0.5188          60             0.044098              952.837                     11.7012
6     12     0.5188          60             0.049286              1240.66                     13.352
6     12     0.5188          60             0.054474              1591.27                     15.1214
6     12     0.5188          60             0.059662              1962.86                     16.7944
6     12     0.5188          60             0.06485              2349.69                     18.3749
6     12     0.5188          60             0.070038              2833.94                     20.1797
6     12     0.5188          60             0.075226              3229.1                     21.5407
6     12     0.5188          60             0.080414              3679.58                     22.9942
6     12     0.5188          60             0.085602              4130.49                     24.3624
6     12     0.5188          60             0.09079              4555.97                     25.5865
6     12     0.5188          60             0.095978              4925.84                     26.6048
6     12     0.5188          60             0.101166              5209.21                     27.3593
6     12     0.5188          60             0.106354              5522.17                     28.1692
6     12     0.5188          60             0.111542              5732.83                     28.7015
6     12     0.5188          60             0.11673              5893.19                     29.1001
6     12     0.5188          60             0.121918              5923.51                     29.1749
6     12     0.5188          60             0.127106              5936.15                     29.206
6     12     0.5188          60             0.132294              5907.7                     29.1359
6     12     0.5188          60             0.137482              5784.27                     28.83
6     12     0.5188          60             0.14267              5615                     28.405
6     12     0.5188          60             0.147858              5371.87                     27.7832
6     12     0.5188          60             0.153046              5120.98                     27.1267
6     12     0.5188          60             0.158234              4838.04                     26.3666
6     12     0.5188          60             0.163422              4549.94                     25.5695
6     12     0.5188          60             0.16861              4246.17                     24.7012
6     12     0.5188          60             0.173798              3894.55                     23.6564
6     12     0.5188          60             0.178986              3555                     22.6016
6     12     0.5188          60             0.184174              3199.93                     21.4432
6     12     0.5188          60             0.189362              2872.88                     20.3179
6     12     0.5188          60             0.19455              2537.07                     19.0935
6     12     0.5188          60             0.199738              2274.39                     18.0781
6     12     0.5188          60             0.204926              1997.21                     16.9407
6     12     0.5188          60             0.210114              1754.65                     15.8787
6     12     0.5188          60             0.215302              1519.85                     14.7782
6     12     0.5188          60             0.22049              1290.37                     13.6169
6     12     0.5188          60             0.225678              1125.27                     12.7159
6     12     0.5188          60             0.230866              971.517                     11.8153
6     12     0.5188          60             0.236054              820.063                     10.8553
6     12     0.5188          60             0.241242              702.09                     10.0442
6     12     0.5188          60             0.24643              601.648                     9.29803
6     12     0.5188          60             0.251618              501.924                     8.49256
6     12     0.5188          60             0.256806              431.658                     7.87571
6     12     0.5188          60             0.261994              371.881                     7.31007
6     12     0.5188          60             0.267182              295.148                     6.51238
6     12     0.5188          60             0.27237              254.052                     6.042
6     12     0.5188          60             0.277558              210.368                     5.49807
6     12     0.5188          60             0.282746              184.791                     5.153
6     12     0.5188          60             0.287934              155.765                     4.73101
6     12     0.5188          60             0.293122              121.996                     4.18691
6     12     0.5188          60             0.29831              103.173                     3.85036
6     12     0.5188          60             0.303498              86.6477                     3.52857
6     12     0.5188          60             0.308686              72.9967                     3.2387
6     12     0.5188          60             0.313874              57.334                     2.87029
6     12     0.5188          60             0.319062              52.8795                     2.75653
6     12     0.5188          60             0.32425              41.2403                     2.43434
6     12     0.5188          60             0.329438              29.601                     2.0624
6     12     0.5188          60             0.334626              28.5952                     2.02706
6     12     0.5188          60             0.339814              20.1172                     1.70021
6     12     0.5188          60             0.345002              16.3811                     1.53424
6     12     0.5188          60             0.35019              13.3636                     1.38574
6     12     0.5188          60             0.355378              8.76535                     1.12229
6     12     0.5188          60             0.360566              8.04688                     1.07531
6     12     0.5188          60             0.365754              5.17299                     0.862166
6     12     0.5188          60             0.370942              4.02344                     0.760359
6     12     0.5188          60             0.37613              3.01758                     0.65849
6     12     0.5188          60             0.381318              1.72433                     0.497772
6     12     0.5188          60             0.386506              1.43694                     0.454401
6     12     0.5188          60             0.391694              1.14955                     0.406429
6     12     0.5188          60             0.396882              0.862166                     0.351978
6     12     0.5188          60             0.40207              0.431083                     0.248886
6     12     0.5188          60             0.407258              0.862166                     0.351978
6     12     0.5188          60             0.412446              0.143694                     0.143694
6     12     0.5188          60             0.417634              0                     0
6     12     0.5188          60             0.422822              0                     0
6     12     0.5188          60             0.42801              0                     0
6     12     0.5188          60             0.433198              0                     0
6     12     0.5188          60             0.438386              0                     0
6     12     0.5188          60             0.443574              0                     0
6     12     0.5188          60             0.448762              0                     0
6     12     0.5188          60             0.45395              0                     0
6     12     0.5188          60             0.459138              0                     0
6     12     0.5188          60             0.464326              0                     0
6     12     0.5188          60             0.469514              0                     0
6     12     0.5188          60             0.474702              0                     0
6     12     0.5188          60             0.47989              0                     0
6     12     0.5188          60             0.485078              0                     0
6     12     0.5188          60             0.490266              0                     0
6     12     0.5188          60             0.495454              0                     0
6     12     0.5188          60             0.500642              0                     0
6     12     0.5188          60             0.50583              0                     0
6     12     0.5188          60             0.511018              0                     0
*******************************************************************************************************
 Average mean_angle 5.88697e+07 +- 59407.6 deg 
 Average E' 375696 +- 379.129 GeV 
