*******************************************************************************************************
Z     A     E(GeV)     Theta(deg)     Energy Loss(GeV)     Sigma(nb/sr/GeV)     ERROR     Citation     
*******************************************************************************************************
6     12     1.93          18             0.00965              9.63527                     3.40658
6     12     1.93          18             0.02895              380.593                     21.41
6     12     1.93          18             0.04825              1495.88                     42.4458
6     12     1.93          18             0.06755              3757.76                     67.2746
6     12     1.93          18             0.08685              7485.4                     94.9499
6     12     1.93          18             0.10615              12518.6                     122.791
6     12     1.93          18             0.12545              18750.2                     150.276
6     12     1.93          18             0.14475              23506.5                     168.26
6     12     1.93          18             0.16405              27267.8                     181.223
6     12     1.93          18             0.18335              29073.2                     187.126
6     12     1.93          18             0.20265              29068.4                     187.11
6     12     1.93          18             0.22195              27336.5                     181.451
6     12     1.93          18             0.24125              24875.9                     173.092
6     12     1.93          18             0.26055              21882.9                     162.345
6     12     1.93          18             0.27985              18741.8                     150.243
6     12     1.93          18             0.29915              16162                     139.519
6     12     1.93          18             0.31845              14511.9                     132.206
6     12     1.93          18             0.33775              12737.8                     123.861
6     12     1.93          18             0.35705              11914                     119.789
6     12     1.93          18             0.37635              11632.2                     118.363
6     12     1.93          18             0.39565              11902                     119.728
6     12     1.93          18             0.41495              12736.6                     123.855
6     12     1.93          18             0.43425              13318.4                     126.652
6     12     1.93          18             0.45355              14313.2                     131.297
6     12     1.93          18             0.47285              14752.8                     133.298
6     12     1.93          18             0.49215              14810.6                     133.559
6     12     1.93          18             0.51145              14572.1                     132.48
6     12     1.93          18             0.53075              13668.8                     128.308
6     12     1.93          18             0.55005              13461.7                     127.332
6     12     1.93          18             0.56935              12678.8                     123.574
6     12     1.93          18             0.58865              11883.9                     119.637
6     12     1.93          18             0.60795              11151.6                     115.893
6     12     1.93          18             0.62725              10568.7                     112.823
6     12     1.93          18             0.64655              10176.1                     110.707
6     12     1.93          18             0.66585              9759.33                     108.417
6     12     1.93          18             0.68515              9723.2                     108.216
6     12     1.93          18             0.70445              9255.88                     105.583
6     12     1.93          18             0.72375              9304.06                     105.858
6     12     1.93          18             0.74305              9207.71                     105.308
6     12     1.93          18             0.76235              9278.77                     105.714
6     12     1.93          18             0.78165              9752.1                     108.377
6     12     1.93          18             0.80095              10088.1                     110.228
6     12     1.93          18             0.82025              10077.3                     110.169
6     12     1.93          18             0.83955              10392.8                     111.88
6     12     1.93          18             0.85885              10743.3                     113.751
6     12     1.93          18             0.87815              10927.6                     114.723
6     12     1.93          18             0.89745              10793.9                     114.019
6     12     1.93          18             0.91675              10918                     114.672
6     12     1.93          18             0.93605              10943.3                     114.805
6     12     1.93          18             0.95535              11202.2                     116.155
6     12     1.93          18             0.97465              10852.9                     114.33
6     12     1.93          18             0.99395              10683.1                     113.432
6     12     1.93          18             1.01325              10631.3                     113.157
6     12     1.93          18             1.03255              10415.7                     112.004
6     12     1.93          18             1.05185              10648.2                     113.246
6     12     1.93          18             1.07115              9961.67                     109.535
6     12     1.93          18             1.09045              9844.84                     108.891
6     12     1.93          18             1.10975              9259.5                     105.604
6     12     1.93          18             1.12905              8989.71                     104.054
6     12     1.93          18             1.14835              8694.63                     102.332
6     12     1.93          18             1.16765              8170.71                     99.2012
6     12     1.93          18             1.18695              7693.77                     96.2624
6     12     1.93          18             1.20625              7389.05                     94.3368
6     12     1.93          18             1.22555              7016.89                     91.9304
6     12     1.93          18             1.24485              6372.53                     87.6078
6     12     1.93          18             1.26415              6049.75                     85.3602
6     12     1.93          18             1.28345              5666.75                     82.614
6     12     1.93          18             1.30275              5328.31                     80.1091
6     12     1.93          18             1.32205              5140.42                     78.684
6     12     1.93          18             1.34135              4824.86                     76.2306
6     12     1.93          18             1.36065              4428.61                     73.0333
6     12     1.93          18             1.37995              4090.17                     70.1872
6     12     1.93          18             1.39925              3737.28                     67.0911
6     12     1.93          18             1.41855              3459.06                     64.5455
6     12     1.93          18             1.43785              3302.49                     63.0678
6     12     1.93          18             1.45715              3012.23                     60.2325
6     12     1.93          18             1.47645              2864.09                     58.7327
6     12     1.93          18             1.49575              2614.77                     56.1182
6     12     1.93          18             1.51505              2487.11                     54.7311
6     12     1.93          18             1.53435              2411.23                     53.8897
6     12     1.93          18             1.55365              2181.19                     51.2547
6     12     1.93          18             1.57295              2010.16                     49.2042
6     12     1.93          18             1.59225              2017.39                     49.2926
6     12     1.93          18             1.61155              1742.78                     45.8151
6     12     1.93          18             1.63085              1693.4                     45.1613
6     12     1.93          18             1.65015              1607.89                     44.0063
6     12     1.93          18             1.66945              1417.59                     41.3202
6     12     1.93          18             1.68875              1323.65                     39.9276
6     12     1.93          18             1.70805              1275.47                     39.1942
6     12     1.93          18             1.72735              1167.07                     37.4918
6     12     1.93          18             1.74665              1070.72                     35.9108
6     12     1.93          18             1.76595              964.732                     34.0871
6     12     1.93          18             1.78525              864.766                     32.2728
6     12     1.93          18             1.80455              690.126                     28.8304
6     12     1.93          18             1.82385              322.782                     19.717
6     12     1.93          18             1.84315              19.2705                     4.81764
6     12     1.93          18             1.86245              0                     0
6     12     1.93          18             1.88175              0                     0
6     12     1.93          18             1.90105              0                     0
*******************************************************************************************************
 Average angle 17.865 +- 0.0209971 deg 
 Average E' 1.28793 +- 0.00151373 GeV 
