*******************************************************************************************************
Z     A     E(GeV)     Theta(deg)     Energy Loss(GeV)     Sigma(nb/sr/GeV)     ERROR     Citation     
*******************************************************************************************************
6     12     0.779          50.4             0.004              0                     0
6     12     0.779          50.4             0.012              0                     0
6     12     0.779          50.4             0.02              0                     0
6     12     0.779          50.4             0.028              0                     0
6     12     0.779          50.4             0.036              0                     0
6     12     0.779          50.4             0.044              0                     0
6     12     0.779          50.4             0.052              0                     0
6     12     0.779          50.4             0.06              0                     0
6     12     0.779          50.4             0.068              0                     0
6     12     0.779          50.4             0.076              0                     0
6     12     0.779          50.4             0.084              0                     0
6     12     0.779          50.4             0.092              0                     0
6     12     0.779          50.4             0.1              0                     0
6     12     0.779          50.4             0.108              0                     0
6     12     0.779          50.4             0.116              0                     0
6     12     0.779          50.4             0.124              0                     0
6     12     0.779          50.4             0.132              0                     0
6     12     0.779          50.4             0.14              0                     0
6     12     0.779          50.4             0.148              0                     0
6     12     0.779          50.4             0.156              0                     0
6     12     0.779          50.4             0.164              0                     0
6     12     0.779          50.4             0.172              0                     0
6     12     0.779          50.4             0.18              0                     0
6     12     0.779          50.4             0.188              0                     0
6     12     0.779          50.4             0.196              0                     0
6     12     0.779          50.4             0.204              0                     0
6     12     0.779          50.4             0.212              0                     0
6     12     0.779          50.4             0.22              0.213863                     0.0676293
6     12     0.779          50.4             0.228              0.769905                     0.128318
6     12     0.779          50.4             0.236              2.41665                     0.227339
6     12     0.779          50.4             0.244              5.77429                     0.351412
6     12     0.779          50.4             0.252              11.2706                     0.490953
6     12     0.779          50.4             0.26              18.7985                     0.634058
6     12     0.779          50.4             0.268              27.1178                     0.761543
6     12     0.779          50.4             0.276              37.1907                     0.891835
6     12     0.779          50.4             0.284              53.7864                     1.07252
6     12     0.779          50.4             0.292              68.3077                     1.20865
6     12     0.779          50.4             0.3              87.2131                     1.36571
6     12     0.779          50.4             0.308              106.268                     1.50754
6     12     0.779          50.4             0.316              125.045                     1.63531
6     12     0.779          50.4             0.324              151.479                     1.79988
6     12     0.779          50.4             0.332              171.967                     1.91774
6     12     0.779          50.4             0.34              192.433                     2.02865
6     12     0.779          50.4             0.348              213.306                     2.13584
6     12     0.779          50.4             0.356              232.148                     2.22818
6     12     0.779          50.4             0.364              250.818                     2.31604
6     12     0.779          50.4             0.372              266.729                     2.38838
6     12     0.779          50.4             0.38              277.615                     2.43663
6     12     0.779          50.4             0.388              296.478                     2.51804
*******************************************************************************************************
 Average mean_angle 2.88245e+07 +- 38104.4 deg 
 Average E' 178517 +- 235.99 GeV 
