*******************************************************************************************************
Z     A     E(GeV)     Theta(deg)     Energy Loss(GeV)     Sigma(nb/sr/GeV)     ERROR     Citation     
*******************************************************************************************************
6     12     5.15          29.98             2.02              0.26266                     0.0114092
6     12     5.15          29.98             2.06              0.428185                     0.0145672
6     12     5.15          29.98             2.1              0.732474                     0.0190526
6     12     5.15          29.98             2.14              1.12845                     0.0236483
6     12     5.15          29.98             2.18              1.71026                     0.0291132
6     12     5.15          29.98             2.22              2.48585                     0.0350991
6     12     5.15          29.98             2.26              3.3893                     0.040984
6     12     5.15          29.98             2.3              4.63917                     0.0479489
6     12     5.15          29.98             2.34              6.02334                     0.0546358
6     12     5.15          29.98             2.38              7.73806                     0.0619263
6     12     5.15          29.98             2.42              9.56429                     0.068847
6     12     5.15          29.98             2.46              11.4872                     0.075451
6     12     5.15          29.98             2.5              13.6202                     0.082158
6     12     5.15          29.98             2.54              15.6183                     0.0879785
6     12     5.15          29.98             2.58              17.9065                     0.0942028
6     12     5.15          29.98             2.62              19.9899                     0.0995323
6     12     5.15          29.98             2.66              21.9034                     0.104187
6     12     5.15          29.98             2.7              23.6642                     0.108294
6     12     5.15          29.98             2.74              25.4394                     0.112282
6     12     5.15          29.98             2.78              26.994                     0.115662
6     12     5.15          29.98             2.82              28.4565                     0.118754
6     12     5.15          29.98             2.86              29.9635                     0.121858
6     12     5.15          29.98             2.9              31.5018                     0.124947
6     12     5.15          29.98             2.94              32.498                     0.126907
6     12     5.15          29.98             2.98              33.9005                     0.129617
6     12     5.15          29.98             3.02              35.8109                     0.133219
6     12     5.15          29.98             3.06              37.2858                     0.135935
6     12     5.15          29.98             3.1              39.4134                     0.139759
6     12     5.15          29.98             3.14              41.2178                     0.142923
6     12     5.15          29.98             3.18              43.0609                     0.146083
6     12     5.15          29.98             3.22              44.9872                     0.149315
6     12     5.15          29.98             3.26              47.3477                     0.153182
6     12     5.15          29.98             3.3              49.8449                     0.15717
6     12     5.15          29.98             3.34              51.8659                     0.160325
6     12     5.15          29.98             3.38              54.5549                     0.164428
6     12     5.15          29.98             3.42              56.9402                     0.167984
6     12     5.15          29.98             3.46              59.708                     0.172019
6     12     5.15          29.98             3.5              62.2935                     0.175703
6     12     5.15          29.98             3.54              64.8686                     0.179298
6     12     5.15          29.98             3.58              67.2092                     0.182504
6     12     5.15          29.98             3.62              69.9151                     0.186142
6     12     5.15          29.98             3.66              72.8792                     0.190047
6     12     5.15          29.98             3.7              75.5013                     0.193436
6     12     5.15          29.98             3.74              78.23                     0.1969
6     12     5.15          29.98             3.78              80.3288                     0.199524
6     12     5.15          29.98             3.82              83.5194                     0.203448
6     12     5.15          29.98             3.86              85.9676                     0.206408
6     12     5.15          29.98             3.9              88.6898                     0.20965
6     12     5.15          29.98             3.94              91.4577                     0.212897
*******************************************************************************************************
 Average angle 29.8366 +- 0.0111901 deg 
 Average E' 1.33892 +- 0.000502158 GeV 
