*******************************************************************************************************
Z     A     E(GeV)     Theta(deg)     Energy Loss(GeV)     Sigma(nb/sr/GeV)     ERROR     Citation     
*******************************************************************************************************
6     12     0.68          60             0.0034              0                     0
6     12     0.68          60             0.0102              0                     0
6     12     0.68          60             0.017              0                     0
6     12     0.68          60             0.0238              1.43693                     0.414807
6     12     0.68          60             0.0306              4.90952                     0.766739
6     12     0.68          60             0.0374              11.3757                     1.16712
6     12     0.68          60             0.0442              18.7999                     1.50039
6     12     0.68          60             0.051              31.6125                     1.94562
6     12     0.68          60             0.0578              45.7424                     2.34038
6     12     0.68          60             0.0646              69.0925                     2.87636
6     12     0.68          60             0.0714              99.3879                     3.4498
6     12     0.68          60             0.0782              147.046                     4.19618
6     12     0.68          60             0.085              202.727                     4.92701
6     12     0.68          60             0.0918              276.25                     5.75147
6     12     0.68          60             0.0986              367.376                     6.63259
6     12     0.68          60             0.1054              465.327                     7.4646
6     12     0.68          60             0.1122              602.794                     8.49595
6     12     0.68          60             0.119              771.753                     9.61318
6     12     0.68          60             0.1258              926.942                     10.5355
6     12     0.68          60             0.1326              1112.19                     11.5403
6     12     0.68          60             0.1394              1306.41                     12.5074
6     12     0.68          60             0.1462              1463.88                     13.2398
6     12     0.68          60             0.153              1638.82                     14.0086
6     12     0.68          60             0.1598              1823.95                     14.7786
6     12     0.68          60             0.1666              1986.44                     15.4229
6     12     0.68          60             0.1734              2113.01                     15.9066
6     12     0.68          60             0.1802              2208.33                     16.2615
6     12     0.68          60             0.187              2293.82                     16.5733
6     12     0.68          60             0.1938              2343.64                     16.7522
6     12     0.68          60             0.2006              2356.93                     16.7997
6     12     0.68          60             0.2074              2373.57                     16.8589
6     12     0.68          60             0.2142              2346.51                     16.7625
6     12     0.68          60             0.221              2269.64                     16.4856
6     12     0.68          60             0.2278              2212.04                     16.2751
6     12     0.68          60             0.2346              2147.38                     16.0355
6     12     0.68          60             0.2414              2024.28                     15.5691
6     12     0.68          60             0.2482              1941.3                     15.2466
6     12     0.68          60             0.255              1845.98                     14.8676
6     12     0.68          60             0.2618              1767.79                     14.5493
6     12     0.68          60             0.2686              1629.48                     13.9686
6     12     0.68          60             0.2754              1546.62                     13.6088
6     12     0.68          60             0.2822              1465.43                     13.2468
6     12     0.68          60             0.289              1394.42                     12.9219
6     12     0.68          60             0.2958              1333.71                     12.6374
6     12     0.68          60             0.3026              1307.25                     12.5114
6     12     0.68          60             0.3094              1229.42                     12.1333
6     12     0.68          60             0.3162              1179.6                     11.8849
6     12     0.68          60             0.323              1192.3                     11.9487
6     12     0.68          60             0.3298              1178.76                     11.8807
6     12     0.68          60             0.3366              1173.97                     11.8565
6     12     0.68          60             0.3434              1178.41                     11.8789
6     12     0.68          60             0.3502              1217.92                     12.0764
6     12     0.68          60             0.357              1261.03                     12.2883
6     12     0.68          60             0.3638              1293.72                     12.4465
6     12     0.68          60             0.3706              1358.14                     12.7526
6     12     0.68          60             0.3774              1410.11                     12.9943
6     12     0.68          60             0.3842              1480.52                     13.3148
6     12     0.68          60             0.391              1572.6                     13.7226
6     12     0.68          60             0.3978              1653.79                     14.0724
6     12     0.68          60             0.4046              1706.72                     14.2958
6     12     0.68          60             0.4114              1785.39                     14.6216
6     12     0.68          60             0.4182              1830.65                     14.8058
6     12     0.68          60             0.425              1907.29                     15.1125
6     12     0.68          60             0.4318              1933.39                     15.2156
6     12     0.68          60             0.4386              1993.86                     15.4517
6     12     0.68          60             0.4454              1967.28                     15.3483
6     12     0.68          60             0.4522              2013.74                     15.5285
6     12     0.68          60             0.459              1988.48                     15.4308
6     12     0.68          60             0.4658              1998.89                     15.4712
6     12     0.68          60             0.4726              1984.05                     15.4136
6     12     0.68          60             0.4794              1926.57                     15.1887
6     12     0.68          60             0.4862              1917.95                     15.1547
6     12     0.68          60             0.493              1866.82                     14.9513
6     12     0.68          60             0.4998              1815.92                     14.7461
6     12     0.68          60             0.5066              1810.18                     14.7227
6     12     0.68          60             0.5134              1739.65                     14.4331
6     12     0.68          60             0.5202              1658.82                     14.0938
6     12     0.68          60             0.527              1683.37                     14.1977
6     12     0.68          60             0.5338              1612.6                     13.896
6     12     0.68          60             0.5406              1530.57                     13.538
6     12     0.68          60             0.5474              1507.58                     13.4359
6     12     0.68          60             0.5542              1460.4                     13.224
6     12     0.68          60             0.561              1393.11                     12.9158
6     12     0.68          60             0.5678              1365.45                     12.7869
6     12     0.68          60             0.5746              1345.09                     12.6912
6     12     0.68          60             0.5814              1270.01                     12.3319
6     12     0.68          60             0.5882              1241.27                     12.1916
6     12     0.68          60             0.595              1221.75                     12.0954
6     12     0.68          60             0.6018              1198.16                     11.978
6     12     0.68          60             0.6086              1118.41                     11.5725
6     12     0.68          60             0.6154              1024.77                     11.0775
6     12     0.68          60             0.6222              1009.21                     10.993
6     12     0.68          60             0.629              982.383                     10.846
6     12     0.68          60             0.6358              993.999                     10.9099
6     12     0.68          60             0.6426              1022.86                     11.0671
6     12     0.68          60             0.6494              685.896                     9.06269
6     12     0.68          60             0.6562              0                     0
6     12     0.68          60             0.663              0                     0
6     12     0.68          60             0.6698              0                     0
*******************************************************************************************************
 Average angle 59.9601 +- 0.0579517 deg 
 Average E' 0.315039 +- 0.000304487 GeV 
