*******************************************************************************************************
Z     A     E(GeV)     Theta(deg)     Energy Loss(GeV)     Sigma(nb/sr/GeV)     ERROR     Citation     
*******************************************************************************************************
6     12     0.48          145             0.0012              0                     0
6     12     0.48          145             0.0036              0                     0
6     12     0.48          145             0.006              0                     0
6     12     0.48          145             0.0084              0                     0
6     12     0.48          145             0.0108              0                     0
6     12     0.48          145             0.0132              0                     0
6     12     0.48          145             0.0156              0                     0
6     12     0.48          145             0.018              0                     0
6     12     0.48          145             0.0204              0                     0
6     12     0.48          145             0.0228              0                     0
6     12     0.48          145             0.0252              0                     0
6     12     0.48          145             0.0276              0                     0
6     12     0.48          145             0.03              0                     0
6     12     0.48          145             0.0324              0                     0
6     12     0.48          145             0.0348              0                     0
6     12     0.48          145             0.0372              0                     0
6     12     0.48          145             0.0396              0                     0
6     12     0.48          145             0.042              0                     0
6     12     0.48          145             0.0444              0                     0
6     12     0.48          145             0.0468              0                     0
6     12     0.48          145             0.0492              0                     0
6     12     0.48          145             0.0516              0                     0
6     12     0.48          145             0.054              0                     0
6     12     0.48          145             0.0564              0                     0
6     12     0.48          145             0.0588              0                     0
6     12     0.48          145             0.0612              0                     0
6     12     0.48          145             0.0636              0                     0
6     12     0.48          145             0.066              0.452677                     0.452677
6     12     0.48          145             0.0684              0.905353                     0.640182
6     12     0.48          145             0.0708              0.452677                     0.452677
6     12     0.48          145             0.0732              0.452677                     0.452677
6     12     0.48          145             0.0756              0                     0
6     12     0.48          145             0.078              0                     0
6     12     0.48          145             0.0804              0                     0
6     12     0.48          145             0.0828              0                     0
6     12     0.48          145             0.0852              0.452677                     0.452677
6     12     0.48          145             0.0876              1.35803                     0.784059
6     12     0.48          145             0.09              0.452677                     0.452677
6     12     0.48          145             0.0924              0.905353                     0.640182
6     12     0.48          145             0.0948              0.452677                     0.452677
6     12     0.48          145             0.0972              1.35803                     0.784059
6     12     0.48          145             0.0996              0.905353                     0.640182
6     12     0.48          145             0.102              2.71606                     1.10883
6     12     0.48          145             0.1044              0.905353                     0.640182
6     12     0.48          145             0.1068              3.16874                     1.19767
6     12     0.48          145             0.1092              2.71606                     1.10883
6     12     0.48          145             0.1116              1.81071                     0.905353
6     12     0.48          145             0.114              4.52677                     1.43149
6     12     0.48          145             0.1164              4.07409                     1.35803
6     12     0.48          145             0.1188              1.81071                     0.905353
6     12     0.48          145             0.1212              2.71606                     1.10883
6     12     0.48          145             0.1236              6.33747                     1.69376
6     12     0.48          145             0.126              9.50621                     2.07443
6     12     0.48          145             0.1284              9.95889                     2.12324
6     12     0.48          145             0.1308              8.14818                     1.92054
6     12     0.48          145             0.1332              7.6955                     1.86643
6     12     0.48          145             0.1356              9.05353                     2.02443
6     12     0.48          145             0.138              15.391                     2.63954
6     12     0.48          145             0.1404              19.9178                     3.00272
6     12     0.48          145             0.1428              19.4651                     2.9684
6     12     0.48          145             0.1452              24.4445                     3.32648
6     12     0.48          145             0.1476              26.2553                     3.44748
6     12     0.48          145             0.15              23.9919                     3.29554
6     12     0.48          145             0.1524              30.3293                     3.70532
6     12     0.48          145             0.1548              32.14                     3.81432
6     12     0.48          145             0.1572              38.0248                     4.14885
6     12     0.48          145             0.1596              50.6998                     4.79068
6     12     0.48          145             0.162              49.7944                     4.74771
6     12     0.48          145             0.1644              57.0373                     5.08128
6     12     0.48          145             0.1668              68.8069                     5.58097
6     12     0.48          145             0.1692              65.6381                     5.45095
6     12     0.48          145             0.1716              64.2801                     5.39427
6     12     0.48          145             0.174              71.0702                     5.67202
6     12     0.48          145             0.1764              90.5353                     6.40182
6     12     0.48          145             0.1788              93.7041                     6.51288
6     12     0.48          145             0.1812              101.4                     6.77504
6     12     0.48          145             0.1836              107.737                     6.98356
6     12     0.48          145             0.186              120.865                     7.3968
6     12     0.48          145             0.1884              128.108                     7.6152
6     12     0.48          145             0.1908              146.215                     8.1356
6     12     0.48          145             0.1932              134.898                     7.81441
6     12     0.48          145             0.1956              158.437                     8.46881
6     12     0.48          145             0.198              169.301                     8.75435
6     12     0.48          145             0.2004              178.807                     8.99677
6     12     0.48          145             0.2028              199.63                     9.50621
6     12     0.48          145             0.2052              215.021                     9.86586
6     12     0.48          145             0.2076              184.692                     9.14362
6     12     0.48          145             0.21              220.001                     9.97944
6     12     0.48          145             0.2124              241.729                     10.4607
6     12     0.48          145             0.2148              234.939                     10.3127
6     12     0.48          145             0.2172              264.816                     10.9488
6     12     0.48          145             0.2196              262.1                     10.8925
6     12     0.48          145             0.222              281.565                     11.2897
6     12     0.48          145             0.2244              276.585                     11.1895
6     12     0.48          145             0.2268              316.874                     11.9767
6     12     0.48          145             0.2292              307.82                     11.8044
6     12     0.48          145             0.2316              321.4                     12.0619
6     12     0.48          145             0.234              312.347                     11.8908
6     12     0.48          145             0.2364              336.791                     12.3474
6     12     0.48          145             0.2388              314.158                     11.9253
6     12     0.48          145             0.2412              328.191                     12.1887
6     12     0.48          145             0.2436              348.561                     12.5613
6     12     0.48          145             0.246              343.582                     12.4712
6     12     0.48          145             0.2484              375.722                     13.0415
6     12     0.48          145             0.2508              370.29                     12.9469
6     12     0.48          145             0.2532              355.351                     12.683
6     12     0.48          145             0.2556              363.952                     12.8356
6     12     0.48          145             0.258              367.121                     12.8914
6     12     0.48          145             0.2604              347.203                     12.5368
6     12     0.48          145             0.2628              346.298                     12.5204
6     12     0.48          145             0.2652              349.014                     12.5694
6     12     0.48          145             0.2676              341.318                     12.4301
6     12     0.48          145             0.27              354.899                     12.6749
6     12     0.48          145             0.2724              348.561                     12.5613
6     12     0.48          145             0.2748              337.244                     12.3557
6     12     0.48          145             0.2772              348.561                     12.5613
6     12     0.48          145             0.2796              326.833                     12.1634
6     12     0.48          145             0.282              341.318                     12.4301
6     12     0.48          145             0.2844              324.569                     12.1213
6     12     0.48          145             0.2868              323.664                     12.1043
6     12     0.48          145             0.2892              320.042                     12.0364
6     12     0.48          145             0.2916              326.38                     12.155
6     12     0.48          145             0.294              334.528                     12.3058
6     12     0.48          145             0.2964              297.861                     11.6118
6     12     0.48          145             0.2988              309.178                     11.8304
6     12     0.48          145             0.3012              302.388                     11.6997
6     12     0.48          145             0.3036              310.084                     11.8477
6     12     0.48          145             0.306              303.293                     11.7172
6     12     0.48          145             0.3084              272.964                     11.116
6     12     0.48          145             0.3108              292.429                     11.5055
6     12     0.48          145             0.3132              283.828                     11.335
6     12     0.48          145             0.3156              273.417                     11.1252
6     12     0.48          145             0.318              264.816                     10.9488
6     12     0.48          145             0.3204              282.47                     11.3079
6     12     0.48          145             0.3228              290.618                     11.4698
6     12     0.48          145             0.3252              280.207                     11.2625
6     12     0.48          145             0.3276              283.828                     11.335
6     12     0.48          145             0.33              290.618                     11.4698
6     12     0.48          145             0.3324              301.935                     11.691
6     12     0.48          145             0.3348              287.45                     11.4071
6     12     0.48          145             0.3372              282.923                     11.3169
6     12     0.48          145             0.3396              278.849                     11.2351
6     12     0.48          145             0.342              298.314                     11.6207
6     12     0.48          145             0.3444              292.429                     11.5055
6     12     0.48          145             0.3468              311.442                     11.8736
6     12     0.48          145             0.3492              300.125                     11.6559
6     12     0.48          145             0.3516              321.853                     12.0704
6     12     0.48          145             0.354              322.306                     12.0789
6     12     0.48          145             0.3564              354.899                     12.6749
6     12     0.48          145             0.3588              351.277                     12.6101
6     12     0.48          145             0.3612              369.384                     12.931
6     12     0.48          145             0.3636              349.014                     12.5694
6     12     0.48          145             0.366              387.491                     13.2442
6     12     0.48          145             0.3684              401.524                     13.4819
6     12     0.48          145             0.3708              419.179                     13.7751
6     12     0.48          145             0.3732              405.598                     13.5501
6     12     0.48          145             0.3756              467.162                     14.5421
6     12     0.48          145             0.378              467.615                     14.5492
6     12     0.48          145             0.3804              491.154                     14.9109
6     12     0.48          145             0.3828              484.817                     14.8144
6     12     0.48          145             0.3852              523.294                     15.391
6     12     0.48          145             0.3876              526.916                     15.4442
6     12     0.48          145             0.39              559.508                     15.9147
6     12     0.48          145             0.3924              539.591                     15.6288
6     12     0.48          145             0.3948              573.089                     16.1066
6     12     0.48          145             0.3972              589.385                     16.334
6     12     0.48          145             0.3996              627.41                     16.8527
6     12     0.48          145             0.402              645.517                     17.0942
6     12     0.48          145             0.4044              675.846                     17.4911
6     12     0.48          145             0.4068              726.546                     18.1353
6     12     0.48          145             0.4092              707.986                     17.9022
6     12     0.48          145             0.4116              726.093                     18.1297
6     12     0.48          145             0.414              743.748                     18.3488
6     12     0.48          145             0.4164              769.098                     18.6588
6     12     0.48          145             0.4188              789.016                     18.8989
6     12     0.48          145             0.4212              818.892                     19.2534
6     12     0.48          145             0.4236              790.826                     18.9206
6     12     0.48          145             0.426              858.275                     19.7109
6     12     0.48          145             0.4284              878.646                     19.9435
6     12     0.48          145             0.4308              886.794                     20.0357
6     12     0.48          145             0.4332              903.543                     20.2241
6     12     0.48          145             0.4356              920.744                     20.4157
6     12     0.48          145             0.438              921.197                     20.4207
6     12     0.48          145             0.4404              911.691                     20.3151
6     12     0.48          145             0.4428              926.177                     20.4758
6     12     0.48          145             0.4452              971.897                     20.9751
6     12     0.48          145             0.4476              984.119                     21.1066
6     12     0.48          145             0.45              987.741                     21.1454
6     12     0.48          145             0.4524              967.37                     20.9262
6     12     0.48          145             0.4548              1019.88                     21.4867
6     12     0.48          145             0.4572              980.045                     21.0628
6     12     0.48          145             0.4596              972.35                     20.98
6     12     0.48          145             0.462              931.609                     20.5358
6     12     0.48          145             0.4644              919.386                     20.4006
6     12     0.48          145             0.4668              936.135                     20.5856
6     12     0.48          145             0.4692              210.495                     9.76146
6     12     0.48          145             0.4716              0                     0
6     12     0.48          145             0.474              0                     0
6     12     0.48          145             0.4764              0                     0
*******************************************************************************************************
 Average angle 144.973 +- 0.415572 deg 
 Average E' 0.118379 +- 0.000339338 GeV 
