*******************************************************************************************************
Z     A     E(GeV)     Theta(deg)     Energy Loss(GeV)     Sigma(nb/sr/GeV)     ERROR     Citation     
*******************************************************************************************************
6     12     0.1999          90             0.0009995              0                     0
6     12     0.1999          90             0.0029985              0.324947                     0.229772
6     12     0.1999          90             0.0049975              0.324947                     0.229772
6     12     0.1999          90             0.0069965              1.62473                     0.513786
6     12     0.1999          90             0.0089955              3.57442                     0.762068
6     12     0.1999          90             0.0109945              7.14883                     1.07773
6     12     0.1999          90             0.0129935              9.09851                     1.21584
6     12     0.1999          90             0.0149925              14.4601                     1.53277
6     12     0.1999          90             0.0169915              23.5587                     1.95644
6     12     0.1999          90             0.0189905              32.0073                     2.28042
6     12     0.1999          90             0.0209895              42.2431                     2.61981
6     12     0.1999          90             0.0229885              55.7284                     3.00905
6     12     0.1999          90             0.0249875              63.5271                     3.21271
6     12     0.1999          90             0.0269865              91.3101                     3.85168
6     12     0.1999          90             0.0289855              109.345                     4.21493
6     12     0.1999          90             0.0309845              140.215                     4.77296
6     12     0.1999          90             0.0329835              148.501                     4.91197
6     12     0.1999          90             0.0349825              169.622                     5.24968
6     12     0.1999          90             0.0369815              210.566                     5.84905
6     12     0.1999          90             0.0389805              232.824                     6.15043
6     12     0.1999          90             0.0409795              262.395                     6.52933
6     12     0.1999          90             0.0429785              295.377                     6.92755
6     12     0.1999          90             0.0449775              335.183                     7.37959
6     12     0.1999          90             0.0469765              356.142                     7.60681
6     12     0.1999          90             0.0489755              388.637                     7.94627
6     12     0.1999          90             0.0509745              414.307                     8.20451
6     12     0.1999          90             0.0529735              461.912                     8.66305
6     12     0.1999          90             0.0549725              459.313                     8.63864
6     12     0.1999          90             0.0569715              486.446                     8.89014
6     12     0.1999          90             0.0589705              530.801                     9.28661
6     12     0.1999          90             0.0609695              542.824                     9.39119
6     12     0.1999          90             0.0629685              573.531                     9.65317
6     12     0.1999          90             0.0649675              599.69                     9.87085
6     12     0.1999          90             0.0669665              637.221                     10.175
6     12     0.1999          90             0.0689655              665.979                     10.4021
6     12     0.1999          90             0.0709645              657.693                     10.3372
6     12     0.1999          90             0.0729635              688.238                     10.5745
6     12     0.1999          90             0.0749625              728.856                     10.8821
6     12     0.1999          90             0.0769615              711.309                     10.7503
6     12     0.1999          90             0.0789605              760.376                     11.1149
6     12     0.1999          90             0.0809595              775.323                     11.2236
6     12     0.1999          90             0.0829585              817.567                     11.5253
6     12     0.1999          90             0.0849575              785.722                     11.2986
6     12     0.1999          90             0.0869565              823.253                     11.5653
6     12     0.1999          90             0.0889555              870.045                     11.8895
6     12     0.1999          90             0.0909545              846.649                     11.7285
6     12     0.1999          90             0.0929535              889.217                     12.0197
6     12     0.1999          90             0.0949525              892.954                     12.045
6     12     0.1999          90             0.0969515              890.842                     12.0307
6     12     0.1999          90             0.0989505              931.948                     12.3052
6     12     0.1999          90             0.100949              946.408                     12.4003
6     12     0.1999          90             0.102948              946.246                     12.3992
6     12     0.1999          90             0.104947              998.724                     12.7384
6     12     0.1999          90             0.106946              975.816                     12.5914
6     12     0.1999          90             0.108946              994.988                     12.7145
6     12     0.1999          90             0.110945              999.537                     12.7436
6     12     0.1999          90             0.112943              1001.97                     12.7591
6     12     0.1999          90             0.114942              1036.74                     12.9786
6     12     0.1999          90             0.116941              1048.44                     13.0516
6     12     0.1999          90             0.11894              1039.02                     12.9928
6     12     0.1999          90             0.120939              1058.51                     13.1141
6     12     0.1999          90             0.122938              1054.45                     13.089
6     12     0.1999          90             0.124937              1079.31                     13.2423
6     12     0.1999          90             0.126936              1082.56                     13.2623
6     12     0.1999          90             0.128935              1104.66                     13.3969
6     12     0.1999          90             0.130934              1102.38                     13.3831
6     12     0.1999          90             0.132933              1123.5                     13.5107
6     12     0.1999          90             0.134932              1115.22                     13.4608
6     12     0.1999          90             0.136931              1128.22                     13.539
6     12     0.1999          90             0.13893              1134.39                     13.576
6     12     0.1999          90             0.140929              1113.11                     13.4481
6     12     0.1999          90             0.142928              1167.86                     13.7748
6     12     0.1999          90             0.144927              1179.39                     13.8427
6     12     0.1999          90             0.146926              1190.12                     13.9055
6     12     0.1999          90             0.148925              955.507                     12.4597
6     12     0.1999          90             0.150924              173.684                     5.31216
6     12     0.1999          90             0.152923              0                     0
6     12     0.1999          90             0.154922              0                     0
6     12     0.1999          90             0.156921              0                     0
6     12     0.1999          90             0.15892              0                     0
6     12     0.1999          90             0.160919              0                     0
6     12     0.1999          90             0.162918              0                     0
6     12     0.1999          90             0.164917              0                     0
6     12     0.1999          90             0.166916              0                     0
6     12     0.1999          90             0.168915              0                     0
6     12     0.1999          90             0.170914              0                     0
6     12     0.1999          90             0.172913              0                     0
6     12     0.1999          90             0.174912              0                     0
6     12     0.1999          90             0.176911              0                     0
6     12     0.1999          90             0.17891              0                     0
6     12     0.1999          90             0.180909              0                     0
6     12     0.1999          90             0.182908              0                     0
6     12     0.1999          90             0.184907              0                     0
6     12     0.1999          90             0.186906              0                     0
6     12     0.1999          90             0.188905              0                     0
6     12     0.1999          90             0.190904              0                     0
6     12     0.1999          90             0.192903              0                     0
6     12     0.1999          90             0.194902              0                     0
6     12     0.1999          90             0.196901              0                     0
*******************************************************************************************************
 Average mean_angle 2.61345e+07 +- 48494.9 deg 
 Average E' 28229.7 +- 52.3828 GeV 
