*******************************************************************************************************
Z     A     E(GeV)     Theta(deg)     Energy Loss(GeV)     Sigma(nb/sr/GeV)     ERROR     Citation     
*******************************************************************************************************
6     12     1.204          45             0.00301              0                     0
6     12     1.204          45             0.00903              0                     0
6     12     1.204          45             0.01505              0                     0
6     12     1.204          45             0.02107              0                     0
6     12     1.204          45             0.02709              0                     0
6     12     1.204          45             0.03311              0                     0
6     12     1.204          45             0.03913              0                     0
6     12     1.204          45             0.04515              0                     0
6     12     1.204          45             0.05117              0                     0
6     12     1.204          45             0.05719              0                     0
6     12     1.204          45             0.06321              0                     0
6     12     1.204          45             0.06923              0                     0
6     12     1.204          45             0.07525              0                     0
6     12     1.204          45             0.08127              0                     0
6     12     1.204          45             0.08729              0                     0
6     12     1.204          45             0.09331              0                     0
6     12     1.204          45             0.09933              0                     0
6     12     1.204          45             0.10535              0                     0
6     12     1.204          45             0.11137              0                     0
6     12     1.204          45             0.11739              0                     0
6     12     1.204          45             0.12341              0                     0
6     12     1.204          45             0.12943              0                     0
6     12     1.204          45             0.13545              0                     0
6     12     1.204          45             0.14147              0                     0
6     12     1.204          45             0.14749              0                     0
6     12     1.204          45             0.15351              0                     0
6     12     1.204          45             0.15953              0                     0
6     12     1.204          45             0.16555              0                     0
6     12     1.204          45             0.17157              0                     0
6     12     1.204          45             0.17759              0                     0
6     12     1.204          45             0.18361              0                     0
6     12     1.204          45             0.18963              0                     0
6     12     1.204          45             0.19565              0                     0
6     12     1.204          45             0.20167              0                     0
6     12     1.204          45             0.20769              0                     0
6     12     1.204          45             0.21371              0                     0
6     12     1.204          45             0.21973              0                     0
6     12     1.204          45             0.22575              0                     0
6     12     1.204          45             0.23177              0                     0
6     12     1.204          45             0.23779              0                     0
6     12     1.204          45             0.24381              0                     0
6     12     1.204          45             0.24983              0                     0
6     12     1.204          45             0.25585              0                     0
6     12     1.204          45             0.26187              0                     0
6     12     1.204          45             0.26789              0                     0
6     12     1.204          45             0.27391              0                     0
6     12     1.204          45             0.27993              0                     0
6     12     1.204          45             0.28595              0                     0
6     12     1.204          45             0.29197              0                     0
6     12     1.204          45             0.29799              0                     0
6     12     1.204          45             0.30401              0                     0
6     12     1.204          45             0.31003              0                     0
6     12     1.204          45             0.31605              0                     0
6     12     1.204          45             0.32207              0                     0
6     12     1.204          45             0.32809              0                     0
6     12     1.204          45             0.33411              0                     0
6     12     1.204          45             0.34013              0                     0
6     12     1.204          45             0.34615              0                     0
6     12     1.204          45             0.35217              0                     0
6     12     1.204          45             0.35819              0                     0
6     12     1.204          45             0.36421              5.69387                     5.69387
6     12     1.204          45             0.37023              0                     0
6     12     1.204          45             0.37625              11.3877                     8.05235
6     12     1.204          45             0.38227              5.69387                     5.69387
6     12     1.204          45             0.38829              5.69387                     5.69387
6     12     1.204          45             0.39431              5.69387                     5.69387
6     12     1.204          45             0.40033              17.0816                     9.86207
6     12     1.204          45             0.40635              22.7755                     11.3877
6     12     1.204          45             0.41237              28.4693                     12.7319
6     12     1.204          45             0.41839              5.69387                     5.69387
6     12     1.204          45             0.42441              22.7755                     11.3877
6     12     1.204          45             0.43043              28.4693                     12.7319
6     12     1.204          45             0.43645              28.4693                     12.7319
6     12     1.204          45             0.44247              45.551                     16.1047
6     12     1.204          45             0.44849              79.7142                     21.3045
6     12     1.204          45             0.45451              51.2448                     17.0816
6     12     1.204          45             0.46053              96.7958                     23.4764
6     12     1.204          45             0.46655              51.2448                     17.0816
6     12     1.204          45             0.47257              108.184                     24.819
6     12     1.204          45             0.47859              85.408                     22.0523
6     12     1.204          45             0.48461              79.7142                     21.3045
6     12     1.204          45             0.49063              108.184                     24.819
6     12     1.204          45             0.49665              130.959                     27.3068
6     12     1.204          45             0.50267              96.7958                     23.4764
6     12     1.204          45             0.50869              108.184                     24.819
6     12     1.204          45             0.51471              96.7958                     23.4764
6     12     1.204          45             0.52073              108.184                     24.819
6     12     1.204          45             0.52675              136.653                     27.8941
6     12     1.204          45             0.53277              113.877                     25.4638
6     12     1.204          45             0.53879              165.122                     30.6624
6     12     1.204          45             0.54481              142.347                     28.4693
6     12     1.204          45             0.55083              153.734                     29.5862
6     12     1.204          45             0.55685              136.653                     27.8941
6     12     1.204          45             0.56287              113.877                     25.4638
6     12     1.204          45             0.56889              193.592                     33.2007
6     12     1.204          45             0.57491              193.592                     33.2007
6     12     1.204          45             0.58093              182.204                     32.2094
6     12     1.204          45             0.58695              210.673                     34.6345
6     12     1.204          45             0.59297              165.122                     30.6624
6     12     1.204          45             0.59899              233.449                     36.4586
6     12     1.204          45             0.60501              170.816                     31.1866
6     12     1.204          45             0.61103              193.592                     33.2007
6     12     1.204          45             0.61705              193.592                     33.2007
6     12     1.204          45             0.62307              170.816                     31.1866
6     12     1.204          45             0.62909              222.061                     35.5582
6     12     1.204          45             0.63511              239.143                     36.9005
6     12     1.204          45             0.64113              204.979                     34.1632
6     12     1.204          45             0.64715              233.449                     36.4586
6     12     1.204          45             0.65317              284.693                     40.2617
6     12     1.204          45             0.65919              267.612                     39.0352
6     12     1.204          45             0.66521              250.53                     37.7689
6     12     1.204          45             0.67123              273.306                     39.4483
6     12     1.204          45             0.67725              216.367                     35.0994
6     12     1.204          45             0.68327              267.612                     39.0352
6     12     1.204          45             0.68929              307.469                     41.8412
6     12     1.204          45             0.69531              284.693                     40.2617
6     12     1.204          45             0.70133              273.306                     39.4483
6     12     1.204          45             0.70735              296.081                     41.0591
6     12     1.204          45             0.71337              347.326                     44.4705
6     12     1.204          45             0.71939              301.775                     41.452
6     12     1.204          45             0.72541              353.02                     44.8336
6     12     1.204          45             0.73143              398.571                     47.6383
6     12     1.204          45             0.73745              261.918                     38.6177
6     12     1.204          45             0.74347              244.836                     37.3372
6     12     1.204          45             0.74949              370.102                     45.9054
6     12     1.204          45             0.75551              279                     39.8571
6     12     1.204          45             0.76153              279                     39.8571
6     12     1.204          45             0.76755              375.795                     46.2572
6     12     1.204          45             0.77357              330.244                     43.3632
6     12     1.204          45             0.77959              392.877                     47.2968
6     12     1.204          45             0.78561              330.244                     43.3632
6     12     1.204          45             0.79163              313.163                     42.2269
6     12     1.204          45             0.79765              284.693                     40.2617
6     12     1.204          45             0.80367              398.571                     47.6383
6     12     1.204          45             0.80969              381.489                     46.6063
6     12     1.204          45             0.81571              398.571                     47.6383
6     12     1.204          45             0.82173              273.306                     39.4483
6     12     1.204          45             0.82775              398.571                     47.6383
6     12     1.204          45             0.83377              478.285                     52.1852
6     12     1.204          45             0.83979              381.489                     46.6063
6     12     1.204          45             0.84581              421.346                     48.9805
6     12     1.204          45             0.85183              284.693                     40.2617
6     12     1.204          45             0.85785              370.102                     45.9054
6     12     1.204          45             0.86387              404.265                     47.9774
6     12     1.204          45             0.86989              341.632                     44.1045
6     12     1.204          45             0.87591              398.571                     47.6383
6     12     1.204          45             0.88193              330.244                     43.3632
6     12     1.204          45             0.88795              370.102                     45.9054
6     12     1.204          45             0.89397              523.836                     54.6137
6     12     1.204          45             0.89999              415.652                     48.6484
6     12     1.204          45             0.90601              341.632                     44.1045
6     12     1.204          45             0.91203              415.652                     48.6484
6     12     1.204          45             0.91805              449.816                     50.6082
6     12     1.204          45             0.92407              375.795                     46.2572
6     12     1.204          45             0.93009              432.734                     49.638
6     12     1.204          45             0.93611              506.754                     53.7159
6     12     1.204          45             0.94213              455.51                     50.9275
6     12     1.204          45             0.94815              438.428                     49.9635
6     12     1.204          45             0.95417              409.959                     48.3141
6     12     1.204          45             0.96019              421.346                     48.9805
6     12     1.204          45             0.96621              466.897                     51.5602
6     12     1.204          45             0.97223              421.346                     48.9805
6     12     1.204          45             0.97825              444.122                     50.2869
6     12     1.204          45             0.98427              273.306                     39.4483
6     12     1.204          45             0.99029              324.551                     42.9878
6     12     1.204          45             0.99631              392.877                     47.2968
6     12     1.204          45             1.00233              483.979                     52.4949
6     12     1.204          45             1.00835              330.244                     43.3632
6     12     1.204          45             1.01437              364.408                     45.551
6     12     1.204          45             1.02039              284.693                     40.2617
6     12     1.204          45             1.02641              370.102                     45.9054
6     12     1.204          45             1.03243              444.122                     50.2869
6     12     1.204          45             1.03845              261.918                     38.6177
6     12     1.204          45             1.04447              364.408                     45.551
6     12     1.204          45             1.05049              358.714                     45.1937
6     12     1.204          45             1.05651              335.938                     43.7354
6     12     1.204          45             1.06253              387.183                     46.9528
6     12     1.204          45             1.06855              409.959                     48.3141
6     12     1.204          45             1.07457              301.775                     41.452
6     12     1.204          45             1.08059              364.408                     45.551
6     12     1.204          45             1.08661              324.551                     42.9878
6     12     1.204          45             1.09263              324.551                     42.9878
6     12     1.204          45             1.09865              261.918                     38.6177
6     12     1.204          45             1.10467              250.53                     37.7689
6     12     1.204          45             1.11069              0                     0
6     12     1.204          45             1.11671              0                     0
6     12     1.204          45             1.12273              0                     0
6     12     1.204          45             1.12875              0                     0
6     12     1.204          45             1.13477              0                     0
6     12     1.204          45             1.14079              0                     0
6     12     1.204          45             1.14681              0                     0
6     12     1.204          45             1.15283              0                     0
6     12     1.204          45             1.15885              0                     0
6     12     1.204          45             1.16487              0                     0
6     12     1.204          45             1.17089              0                     0
6     12     1.204          45             1.17691              0                     0
6     12     1.204          45             1.18293              0                     0
6     12     1.204          45             1.18895              0                     0
6     12     1.204          45             1.19497              0                     0
*******************************************************************************************************
 Average mean_angle 253901 +- 3378.74 deg 
 Average E' 2086.89 +- 27.7709 GeV 
