*******************************************************************************************************
Z     A     E(GeV)     Theta(deg)     Energy Loss(GeV)     Sigma(nb/sr/GeV)     ERROR     Citation     
*******************************************************************************************************
6     12     1.204          45             0.00301              0                     0
6     12     1.204          45             0.00903              0                     0
6     12     1.204          45             0.01505              0                     0
6     12     1.204          45             0.02107              0                     0
6     12     1.204          45             0.02709              0                     0
6     12     1.204          45             0.03311              0                     0
6     12     1.204          45             0.03913              0                     0
6     12     1.204          45             0.04515              0                     0
6     12     1.204          45             0.05117              0                     0
6     12     1.204          45             0.05719              0                     0
6     12     1.204          45             0.06321              0                     0
6     12     1.204          45             0.06923              0                     0
6     12     1.204          45             0.07525              0                     0
6     12     1.204          45             0.08127              0                     0
6     12     1.204          45             0.08729              0                     0
6     12     1.204          45             0.09331              0                     0
6     12     1.204          45             0.09933              0                     0
6     12     1.204          45             0.10535              5.69387                     5.69387
6     12     1.204          45             0.11137              0                     0
6     12     1.204          45             0.11739              0                     0
6     12     1.204          45             0.12341              5.69387                     5.69387
6     12     1.204          45             0.12943              0                     0
6     12     1.204          45             0.13545              0                     0
6     12     1.204          45             0.14147              0                     0
6     12     1.204          45             0.14749              5.69387                     5.69387
6     12     1.204          45             0.15351              5.69387                     5.69387
6     12     1.204          45             0.15953              22.7755                     11.3877
6     12     1.204          45             0.16555              5.69387                     5.69387
6     12     1.204          45             0.17157              11.3877                     8.05235
6     12     1.204          45             0.17759              34.1632                     13.9471
6     12     1.204          45             0.18361              28.4693                     12.7319
6     12     1.204          45             0.18963              56.9387                     18.0056
6     12     1.204          45             0.19565              79.7142                     21.3045
6     12     1.204          45             0.20167              125.265                     26.7066
6     12     1.204          45             0.20769              96.7958                     23.4764
6     12     1.204          45             0.21371              113.877                     25.4638
6     12     1.204          45             0.21973              96.7958                     23.4764
6     12     1.204          45             0.22575              193.592                     33.2007
6     12     1.204          45             0.23177              204.979                     34.1632
6     12     1.204          45             0.23779              199.285                     33.6854
6     12     1.204          45             0.24381              301.775                     41.452
6     12     1.204          45             0.24983              398.571                     47.6383
6     12     1.204          45             0.25585              392.877                     47.2968
6     12     1.204          45             0.26187              370.102                     45.9054
6     12     1.204          45             0.26789              421.346                     48.9805
6     12     1.204          45             0.27391              466.897                     51.5602
6     12     1.204          45             0.27993              461.203                     51.2448
6     12     1.204          45             0.28595              580.775                     57.5053
6     12     1.204          45             0.29197              603.55                     58.622
6     12     1.204          45             0.29799              586.469                     57.7865
6     12     1.204          45             0.30401              706.04                     63.4042
6     12     1.204          45             0.31003              734.509                     64.6699
6     12     1.204          45             0.31605              819.917                     68.3264
6     12     1.204          45             0.32207              762.978                     65.9113
6     12     1.204          45             0.32809              802.836                     67.611
6     12     1.204          45             0.33411              854.08                     69.7354
6     12     1.204          45             0.34013              762.978                     65.9113
6     12     1.204          45             0.34615              865.468                     70.1987
6     12     1.204          45             0.35217              899.631                     71.5708
6     12     1.204          45             0.35819              831.305                     68.7993
6     12     1.204          45             0.36421              797.142                     67.3708
6     12     1.204          45             0.37023              831.305                     68.7993
6     12     1.204          45             0.37625              933.795                     72.9171
6     12     1.204          45             0.38227              791.448                     67.1297
6     12     1.204          45             0.38829              831.305                     68.7993
6     12     1.204          45             0.39431              802.836                     67.611
6     12     1.204          45             0.40033              660.489                     61.3248
6     12     1.204          45             0.40635              637.713                     60.2582
6     12     1.204          45             0.41237              575.081                     57.2227
6     12     1.204          45             0.41839              666.183                     61.5886
6     12     1.204          45             0.42441              614.938                     59.1724
6     12     1.204          45             0.43043              552.305                     56.0781
6     12     1.204          45             0.43645              580.775                     57.5053
6     12     1.204          45             0.44247              597.856                     58.3448
6     12     1.204          45             0.44849              438.428                     49.9635
6     12     1.204          45             0.45451              370.102                     45.9054
6     12     1.204          45             0.46053              392.877                     47.2968
6     12     1.204          45             0.46655              307.469                     41.8412
6     12     1.204          45             0.47257              398.571                     47.6383
6     12     1.204          45             0.47859              284.693                     40.2617
6     12     1.204          45             0.48461              290.387                     40.6624
6     12     1.204          45             0.49063              267.612                     39.0352
6     12     1.204          45             0.49665              250.53                     37.7689
6     12     1.204          45             0.50267              222.061                     35.5582
6     12     1.204          45             0.50869              227.755                     36.0112
6     12     1.204          45             0.51471              113.877                     25.4638
6     12     1.204          45             0.52073              182.204                     32.2094
6     12     1.204          45             0.52675              153.734                     29.5862
6     12     1.204          45             0.53277              108.184                     24.819
6     12     1.204          45             0.53879              113.877                     25.4638
6     12     1.204          45             0.54481              85.408                     22.0523
6     12     1.204          45             0.55083              113.877                     25.4638
6     12     1.204          45             0.55685              102.49                     24.157
6     12     1.204          45             0.56287              56.9387                     18.0056
6     12     1.204          45             0.56889              56.9387                     18.0056
6     12     1.204          45             0.57491              62.6326                     18.8844
6     12     1.204          45             0.58093              62.6326                     18.8844
6     12     1.204          45             0.58695              51.2448                     17.0816
6     12     1.204          45             0.59297              79.7142                     21.3045
6     12     1.204          45             0.59899              56.9387                     18.0056
6     12     1.204          45             0.60501              45.551                     16.1047
6     12     1.204          45             0.61103              28.4693                     12.7319
6     12     1.204          45             0.61705              34.1632                     13.9471
6     12     1.204          45             0.62307              34.1632                     13.9471
6     12     1.204          45             0.62909              28.4693                     12.7319
6     12     1.204          45             0.63511              34.1632                     13.9471
6     12     1.204          45             0.64113              45.551                     16.1047
6     12     1.204          45             0.64715              22.7755                     11.3877
6     12     1.204          45             0.65317              11.3877                     8.05235
6     12     1.204          45             0.65919              5.69387                     5.69387
6     12     1.204          45             0.66521              28.4693                     12.7319
6     12     1.204          45             0.67123              17.0816                     9.86207
6     12     1.204          45             0.67725              11.3877                     8.05235
6     12     1.204          45             0.68327              17.0816                     9.86207
6     12     1.204          45             0.68929              0                     0
6     12     1.204          45             0.69531              17.0816                     9.86207
6     12     1.204          45             0.70133              11.3877                     8.05235
6     12     1.204          45             0.70735              11.3877                     8.05235
6     12     1.204          45             0.71337              5.69387                     5.69387
6     12     1.204          45             0.71939              17.0816                     9.86207
6     12     1.204          45             0.72541              5.69387                     5.69387
6     12     1.204          45             0.73143              11.3877                     8.05235
6     12     1.204          45             0.73745              0                     0
6     12     1.204          45             0.74347              11.3877                     8.05235
6     12     1.204          45             0.74949              5.69387                     5.69387
6     12     1.204          45             0.75551              0                     0
6     12     1.204          45             0.76153              11.3877                     8.05235
6     12     1.204          45             0.76755              0                     0
6     12     1.204          45             0.77357              0                     0
6     12     1.204          45             0.77959              11.3877                     8.05235
6     12     1.204          45             0.78561              5.69387                     5.69387
6     12     1.204          45             0.79163              0                     0
6     12     1.204          45             0.79765              0                     0
6     12     1.204          45             0.80367              0                     0
6     12     1.204          45             0.80969              0                     0
6     12     1.204          45             0.81571              0                     0
6     12     1.204          45             0.82173              0                     0
6     12     1.204          45             0.82775              0                     0
6     12     1.204          45             0.83377              5.69387                     5.69387
6     12     1.204          45             0.83979              0                     0
6     12     1.204          45             0.84581              5.69387                     5.69387
6     12     1.204          45             0.85183              0                     0
6     12     1.204          45             0.85785              0                     0
6     12     1.204          45             0.86387              0                     0
6     12     1.204          45             0.86989              0                     0
6     12     1.204          45             0.87591              0                     0
6     12     1.204          45             0.88193              0                     0
6     12     1.204          45             0.88795              0                     0
6     12     1.204          45             0.89397              0                     0
6     12     1.204          45             0.89999              0                     0
6     12     1.204          45             0.90601              0                     0
6     12     1.204          45             0.91203              0                     0
6     12     1.204          45             0.91805              5.69387                     5.69387
6     12     1.204          45             0.92407              0                     0
6     12     1.204          45             0.93009              0                     0
6     12     1.204          45             0.93611              0                     0
6     12     1.204          45             0.94213              0                     0
6     12     1.204          45             0.94815              0                     0
6     12     1.204          45             0.95417              0                     0
6     12     1.204          45             0.96019              0                     0
6     12     1.204          45             0.96621              0                     0
6     12     1.204          45             0.97223              0                     0
6     12     1.204          45             0.97825              0                     0
6     12     1.204          45             0.98427              0                     0
6     12     1.204          45             0.99029              0                     0
6     12     1.204          45             0.99631              0                     0
6     12     1.204          45             1.00233              0                     0
6     12     1.204          45             1.00835              0                     0
6     12     1.204          45             1.01437              0                     0
6     12     1.204          45             1.02039              0                     0
6     12     1.204          45             1.02641              0                     0
6     12     1.204          45             1.03243              0                     0
6     12     1.204          45             1.03845              0                     0
6     12     1.204          45             1.04447              0                     0
6     12     1.204          45             1.05049              0                     0
6     12     1.204          45             1.05651              0                     0
6     12     1.204          45             1.06253              0                     0
6     12     1.204          45             1.06855              0                     0
6     12     1.204          45             1.07457              0                     0
6     12     1.204          45             1.08059              0                     0
6     12     1.204          45             1.08661              0                     0
6     12     1.204          45             1.09263              0                     0
6     12     1.204          45             1.09865              0                     0
6     12     1.204          45             1.10467              0                     0
6     12     1.204          45             1.11069              0                     0
6     12     1.204          45             1.11671              0                     0
6     12     1.204          45             1.12273              0                     0
6     12     1.204          45             1.12875              0                     0
6     12     1.204          45             1.13477              0                     0
6     12     1.204          45             1.14079              0                     0
6     12     1.204          45             1.14681              0                     0
6     12     1.204          45             1.15283              0                     0
6     12     1.204          45             1.15885              0                     0
6     12     1.204          45             1.16487              0                     0
6     12     1.204          45             1.17089              0                     0
6     12     1.204          45             1.17691              0                     0
6     12     1.204          45             1.18293              0                     0
6     12     1.204          45             1.18895              0                     0
6     12     1.204          45             1.19497              0                     0
*******************************************************************************************************
 Average mean_angle 230013 +- 3214.84 deg 
 Average E' 4249.88 +- 59.3997 GeV 
