*******************************************************************************************************
Z     A     E(GeV)     Theta(deg)     Energy Loss(GeV)     Sigma(nb/sr/GeV)     ERROR     Citation     
*******************************************************************************************************
6     12     0.4          60             0.002              0                     0
6     12     0.4          60             0.006              0                     0
6     12     0.4          60             0.01              0                     0
6     12     0.4          60             0.014              0                     0
6     12     0.4          60             0.018              0                     0
6     12     0.4          60             0.022              0                     0
6     12     0.4          60             0.026              0                     0
6     12     0.4          60             0.03              0                     0
6     12     0.4          60             0.034              0                     0
6     12     0.4          60             0.038              0                     0
6     12     0.4          60             0.042              0                     0
6     12     0.4          60             0.046              0                     0
6     12     0.4          60             0.05              0                     0
6     12     0.4          60             0.054              0                     0
6     12     0.4          60             0.058              0                     0
6     12     0.4          60             0.062              0                     0
6     12     0.4          60             0.066              0                     0
6     12     0.4          60             0.07              0                     0
6     12     0.4          60             0.074              0                     0
6     12     0.4          60             0.078              0                     0
6     12     0.4          60             0.082              0                     0
6     12     0.4          60             0.086              0                     0
6     12     0.4          60             0.09              0                     0
6     12     0.4          60             0.094              0                     0
6     12     0.4          60             0.098              0                     0
6     12     0.4          60             0.102              0                     0
6     12     0.4          60             0.106              0                     0
6     12     0.4          60             0.11              0                     0
6     12     0.4          60             0.114              0                     0
6     12     0.4          60             0.118              0                     0
6     12     0.4          60             0.122              0                     0
6     12     0.4          60             0.126              0                     0
6     12     0.4          60             0.13              0                     0
6     12     0.4          60             0.134              0                     0
6     12     0.4          60             0.138              0                     0
6     12     0.4          60             0.142              0                     0
6     12     0.4          60             0.146              0                     0
6     12     0.4          60             0.15              0                     0
6     12     0.4          60             0.154              0                     0
6     12     0.4          60             0.158              0                     0
6     12     0.4          60             0.162              0                     0
6     12     0.4          60             0.166              0                     0
6     12     0.4          60             0.17              0                     0
6     12     0.4          60             0.174              0.164611                     0.164611
6     12     0.4          60             0.178              0.493832                     0.285114
6     12     0.4          60             0.182              0.658443                     0.329222
6     12     0.4          60             0.186              1.15228                     0.435519
6     12     0.4          60             0.19              1.4815                     0.493832
6     12     0.4          60             0.194              2.13994                     0.593513
6     12     0.4          60             0.198              5.26754                     0.931179
6     12     0.4          60             0.202              7.07826                     1.07942
6     12     0.4          60             0.206              8.88898                     1.20964
6     12     0.4          60             0.21              12.5104                     1.43504
6     12     0.4          60             0.214              19.9179                     1.81072
6     12     0.4          60             0.218              21.7286                     1.89123
6     12     0.4          60             0.222              30.453                     2.23895
6     12     0.4          60             0.226              39.1774                     2.53949
6     12     0.4          60             0.23              52.3462                     2.93543
6     12     0.4          60             0.234              65.3505                     3.27985
6     12     0.4          60             0.238              81.3177                     3.65866
6     12     0.4          60             0.242              95.8035                     3.97118
6     12     0.4          60             0.246              115.392                     4.3583
6     12     0.4          60             0.25              151.113                     4.98746
6     12     0.4          60             0.254              181.566                     5.46696
6     12     0.4          60             0.258              219.097                     6.00547
6     12     0.4          60             0.262              276.052                     6.74101
6     12     0.4          60             0.266              330.868                     7.38
6     12     0.4          60             0.27              408.235                     8.19755
6     12     0.4          60             0.274              491.363                     8.99353
6     12     0.4          60             0.278              576.467                     9.74129
6     12     0.4          60             0.282              668.649                     10.4913
6     12     0.4          60             0.286              795.235                     11.4413
6     12     0.4          60             0.29              927.911                     12.359
6     12     0.4          60             0.294              1114.25                     13.5432
6     12     0.4          60             0.298              1286.27                     14.5511
6     12     0.4          60             0.302              1494.17                     15.683
6     12     0.4          60             0.306              1711.13                     16.783
6     12     0.4          60             0.31              1944.38                     17.8904
6     12     0.4          60             0.314              2235.91                     19.1847
6     12     0.4          60             0.318              2497.15                     20.2745
6     12     0.4          60             0.322              2820.77                     21.5483
6     12     0.4          60             0.326              3137.65                     22.7264
6     12     0.4          60             0.33              3434.44                     23.777
6     12     0.4          60             0.334              3847.78                     25.1671
6     12     0.4          60             0.338              4193.29                     26.2728
6     12     0.4          60             0.342              4543.09                     27.3467
6     12     0.4          60             0.346              4920.38                     28.4596
6     12     0.4          60             0.35              2540.77                     20.4509
6     12     0.4          60             0.354              4.27988                     0.839353
6     12     0.4          60             0.358              0                     0
6     12     0.4          60             0.362              0                     0
6     12     0.4          60             0.366              0                     0
6     12     0.4          60             0.37              0                     0
6     12     0.4          60             0.374              0                     0
6     12     0.4          60             0.378              0                     0
6     12     0.4          60             0.382              0                     0
6     12     0.4          60             0.386              0                     0
6     12     0.4          60             0.39              0                     0
6     12     0.4          60             0.394              0                     0
*******************************************************************************************************
 Average angle 1.7246e+07 +- 32168.1 deg 
 Average E' 22506.7 +- 41.9805 GeV 
