*******************************************************************************************************
Z     A     E(GeV)     Theta(deg)     Energy Loss(GeV)     Sigma(nb/sr/GeV)     ERROR     Citation     
*******************************************************************************************************
6     12     5.15          22.98             0.525              0                     0
6     12     5.15          22.98             0.575              0                     0
6     12     5.15          22.98             0.625              0                     0
6     12     5.15          22.98             0.675              0                     0
6     12     5.15          22.98             0.725              0                     0
6     12     5.15          22.98             0.775              0                     0
6     12     5.15          22.98             0.825              0                     0
6     12     5.15          22.98             0.875              0                     0
6     12     5.15          22.98             0.925              0                     0
6     12     5.15          22.98             0.975              0                     0
6     12     5.15          22.98             1.025              0                     0
6     12     5.15          22.98             1.075              0                     0
6     12     5.15          22.98             1.125              0                     0
6     12     5.15          22.98             1.175              0                     0
6     12     5.15          22.98             1.225              0                     0
6     12     5.15          22.98             1.275              0                     0
6     12     5.15          22.98             1.325              0                     0
6     12     5.15          22.98             1.375              0                     0
6     12     5.15          22.98             1.425              0                     0
6     12     5.15          22.98             1.475              0                     0
6     12     5.15          22.98             1.525              0                     0
6     12     5.15          22.98             1.575              0                     0
6     12     5.15          22.98             1.625              0                     0
6     12     5.15          22.98             1.675              0                     0
6     12     5.15          22.98             1.725              0                     0
6     12     5.15          22.98             1.775              0                     0
6     12     5.15          22.98             1.825              0                     0
6     12     5.15          22.98             1.875              0                     0
6     12     5.15          22.98             1.925              0                     0
6     12     5.15          22.98             1.975              0                     0
6     12     5.15          22.98             2.025              0                     0
6     12     5.15          22.98             2.075              0                     0
6     12     5.15          22.98             2.125              0                     0
6     12     5.15          22.98             2.175              7.06119                     0.0598599
6     12     5.15          22.98             2.225              26.2753                     0.115471
6     12     5.15          22.98             2.275              45.1048                     0.151289
6     12     5.15          22.98             2.325              63.9221                     0.180104
6     12     5.15          22.98             2.375              82.5984                     0.204731
6     12     5.15          22.98             2.425              101.14                     0.226547
6     12     5.15          22.98             2.475              115.678                     0.242282
6     12     5.15          22.98             2.525              124.496                     0.251347
6     12     5.15          22.98             2.575              134.406                     0.26116
6     12     5.15          22.98             2.625              142.243                     0.268666
6     12     5.15          22.98             2.675              150.336                     0.276203
6     12     5.15          22.98             2.725              157.52                     0.282726
6     12     5.15          22.98             2.775              165.124                     0.289469
6     12     5.15          22.98             2.825              171.288                     0.294822
6     12     5.15          22.98             2.875              177.402                     0.300039
6     12     5.15          22.98             2.925              183.679                     0.3053
*******************************************************************************************************
 Average angle 3.37519e+08 +- 87742.1 deg 
 Average E' 2.64902e+07 +- 6886.44 GeV 
