*******************************************************************************************************
Z     A     E(GeV)     Theta(deg)     Energy Loss(GeV)     Sigma(nb/sr/GeV)     ERROR     Citation     
*******************************************************************************************************
6     12     3.116          74.98             2.205              0                     0
6     12     3.116          74.98             2.215              0.412522                     0.23817
6     12     3.116          74.98             2.225              0.137507                     0.137507
6     12     3.116          74.98             2.235              0.275015                     0.194465
6     12     3.116          74.98             2.245              0.137507                     0.137507
6     12     3.116          74.98             2.255              0.275015                     0.194465
6     12     3.116          74.98             2.265              0.275015                     0.194465
6     12     3.116          74.98             2.275              0.412522                     0.23817
6     12     3.116          74.98             2.285              0.275015                     0.194465
6     12     3.116          74.98             2.295              0.275015                     0.194465
6     12     3.116          74.98             2.305              1.7876                     0.49579
6     12     3.116          74.98             2.315              1.10006                     0.38893
6     12     3.116          74.98             2.325              1.51258                     0.456061
6     12     3.116          74.98             2.335              1.37507                     0.434837
6     12     3.116          74.98             2.345              2.06261                     0.532564
6     12     3.116          74.98             2.355              2.61264                     0.599381
6     12     3.116          74.98             2.365              2.33763                     0.566958
6     12     3.116          74.98             2.375              1.51258                     0.456061
6     12     3.116          74.98             2.385              2.47513                     0.583395
6     12     3.116          74.98             2.395              3.02516                     0.644967
6     12     3.116          74.98             2.405              4.95027                     0.825045
6     12     3.116          74.98             2.415              4.40024                     0.77786
6     12     3.116          74.98             2.425              3.02516                     0.644967
6     12     3.116          74.98             2.435              4.12522                     0.753159
6     12     3.116          74.98             2.445              4.53775                     0.78992
6     12     3.116          74.98             2.455              4.81276                     0.813505
6     12     3.116          74.98             2.465              4.95027                     0.825045
6     12     3.116          74.98             2.475              5.5003                     0.869673
6     12     3.116          74.98             2.485              7.01288                     0.982
6     12     3.116          74.98             2.495              5.91282                     0.901697
6     12     3.116          74.98             2.505              6.60036                     0.95268
6     12     3.116          74.98             2.515              6.60036                     0.95268
6     12     3.116          74.98             2.525              7.01288                     0.982
6     12     3.116          74.98             2.535              5.63781                     0.880477
6     12     3.116          74.98             2.545              7.28789                     1.00107
6     12     3.116          74.98             2.555              8.38795                     1.07397
6     12     3.116          74.98             2.565              7.56291                     1.01978
6     12     3.116          74.98             2.575              10.038                     1.17486
6     12     3.116          74.98             2.585              8.66297                     1.09143
6     12     3.116          74.98             2.595              8.52546                     1.08273
6     12     3.116          74.98             2.605              11.2756                     1.24518
6     12     3.116          74.98             2.615              10.8631                     1.22219
6     12     3.116          74.98             2.625              12.1007                     1.28993
6     12     3.116          74.98             2.635              13.8883                     1.38193
6     12     3.116          74.98             2.645              11.2756                     1.24518
6     12     3.116          74.98             2.655              13.6132                     1.36818
6     12     3.116          74.98             2.665              12.6507                     1.31893
6     12     3.116          74.98             2.675              14.4383                     1.40903
6     12     3.116          74.98             2.685              13.8883                     1.38193
*******************************************************************************************************
 Average angle 74.9408 +- 0.701423 deg 
 Average E' 0.244752 +- 0.0022908 GeV 
