*******************************************************************************************************
Z     A     E(GeV)     Theta(deg)     Energy Loss(GeV)     Sigma(nb/sr/GeV)     ERROR     Citation     
*******************************************************************************************************
6     12     2.222          15.54             0.01111              2.44415                     0.923801
6     12     2.222          15.54             0.03333              40.503                     3.76061
6     12     2.222          15.54             0.05555              147.696                     7.18124
6     12     2.222          15.54             0.07777              323.675                     10.6309
6     12     2.222          15.54             0.09999              624.305                     14.7643
6     12     2.222          15.54             0.12221              968.232                     18.3867
6     12     2.222          15.54             0.14443              1312.51                     21.4075
6     12     2.222          15.54             0.16665              1730.11                     24.5783
6     12     2.222          15.54             0.18887              2216.49                     27.8194
6     12     2.222          15.54             0.21109              2830.32                     31.4364
6     12     2.222          15.54             0.23331              3438.22                     34.6483
6     12     2.222          15.54             0.25553              4283.54                     38.6737
6     12     2.222          15.54             0.27775              5148.77                     42.4001
6     12     2.222          15.54             0.29997              6032.16                     45.8935
6     12     2.222          15.54             0.32219              6609.67                     48.0402
6     12     2.222          15.54             0.34441              6840.47                     48.8717
6     12     2.222          15.54             0.36663              6712.33                     48.4118
6     12     2.222          15.54             0.38885              6259.81                     46.7515
6     12     2.222          15.54             0.41107              5584.18                     44.1565
6     12     2.222          15.54             0.43329              4943.11                     41.5446
6     12     2.222          15.54             0.45551              4098.14                     37.8275
6     12     2.222          15.54             0.47773              3417.97                     34.5461
6     12     2.222          15.54             0.49995              2724.88                     30.8452
6     12     2.222          15.54             0.52217              2169.36                     27.522
6     12     2.222          15.54             0.54439              1773.75                     24.8864
6     12     2.222          15.54             0.56661              1569.84                     23.4122
6     12     2.222          15.54             0.58883              1403.29                     22.1355
6     12     2.222          15.54             0.61105              1369.42                     21.8667
6     12     2.222          15.54             0.63327              1313.9                     21.4189
6     12     2.222          15.54             0.65549              1301.33                     21.3162
6     12     2.222          15.54             0.67771              1284.57                     21.1785
6     12     2.222          15.54             0.69993              1202.87                     20.4939
6     12     2.222          15.54             0.72215              1146.31                     20.0062
6     12     2.222          15.54             0.74437              1103.01                     19.6248
6     12     2.222          15.54             0.76659              1076.82                     19.3904
6     12     2.222          15.54             0.78881              1008.39                     18.7641
6     12     2.222          15.54             0.81103              972.771                     18.4298
6     12     2.222          15.54             0.83325              937.156                     18.0893
6     12     2.222          15.54             0.85547              882.686                     17.5557
6     12     2.222          15.54             0.87769              861.038                     17.3391
6     12     2.222          15.54             0.89991              840.787                     17.134
6     12     2.222          15.54             0.92213              826.82                     16.9911
6     12     2.222          15.54             0.94435              790.856                     16.6174
6     12     2.222          15.54             0.96657              777.937                     16.4811
6     12     2.222          15.54             0.98879              749.655                     16.1788
6     12     2.222          15.54             1.01101              719.278                     15.8476
6     12     2.222          15.54             1.03323              712.294                     15.7705
6     12     2.222          15.54             1.05545              706.708                     15.7085
6     12     2.222          15.54             1.07767              681.219                     15.4226
6     12     2.222          15.54             1.09989              665.856                     15.2477
6     12     2.222          15.54             1.12211              678.775                     15.3949
6     12     2.222          15.54             1.14433              669.347                     15.2876
6     12     2.222          15.54             1.16655              611.386                     14.6107
6     12     2.222          15.54             1.18877              642.811                     14.9815
6     12     2.222          15.54             1.21099              633.383                     14.8713
6     12     2.222          15.54             1.23321              629.193                     14.822
6     12     2.222          15.54             1.25543              599.514                     14.4682
6     12     2.222          15.54             1.27765              639.668                     14.9449
6     12     2.222          15.54             1.29987              611.037                     14.6066
6     12     2.222          15.54             1.32209              614.179                     14.6441
6     12     2.222          15.54             1.34431              612.434                     14.6233
6     12     2.222          15.54             1.36653              640.716                     14.9571
6     12     2.222          15.54             1.38875              601.26                     14.4893
6     12     2.222          15.54             1.41097              562.503                     14.0145
6     12     2.222          15.54             1.43319              523.746                     13.5231
6     12     2.222          15.54             1.45541              468.229                     12.7863
6     12     2.222          15.54             1.47763              390.365                     11.6748
6     12     2.222          15.54             1.49985              335.547                     10.8241
6     12     2.222          15.54             1.52207              255.937                     9.45325
6     12     2.222          15.54             1.54429              190.644                     8.15879
6     12     2.222          15.54             1.56651              124.652                     6.59726
6     12     2.222          15.54             1.58873              56.5646                     4.44413
6     12     2.222          15.54             1.61095              31.7739                     3.33081
6     12     2.222          15.54             1.63317              10.1258                     1.88031
6     12     2.222          15.54             1.65539              1.04749                     0.60477
6     12     2.222          15.54             1.67761              0.349164                     0.349164
6     12     2.222          15.54             1.69983              0                     0
6     12     2.222          15.54             1.72205              0                     0
6     12     2.222          15.54             1.74427              0                     0
6     12     2.222          15.54             1.76649              0                     0
6     12     2.222          15.54             1.78871              0                     0
6     12     2.222          15.54             1.81093              0                     0
6     12     2.222          15.54             1.83315              0                     0
6     12     2.222          15.54             1.85537              0                     0
6     12     2.222          15.54             1.87759              0                     0
6     12     2.222          15.54             1.89981              0                     0
6     12     2.222          15.54             1.92203              0                     0
6     12     2.222          15.54             1.94425              0                     0
6     12     2.222          15.54             1.96647              0                     0
6     12     2.222          15.54             1.98869              0                     0
6     12     2.222          15.54             2.01091              0                     0
6     12     2.222          15.54             2.03313              0                     0
6     12     2.222          15.54             2.05535              0                     0
6     12     2.222          15.54             2.07757              0                     0
6     12     2.222          15.54             2.09979              0                     0
6     12     2.222          15.54             2.12201              0                     0
6     12     2.222          15.54             2.14423              0                     0
6     12     2.222          15.54             2.16645              0                     0
6     12     2.222          15.54             2.18867              0                     0
*******************************************************************************************************
 Average mean_angle 5.11977e+06 +- 8872.09 deg 
 Average E' 562474 +- 974.716 GeV 
