*******************************************************************************************************
Z     A     E(GeV)     Theta(deg)     Energy Loss(GeV)     Sigma(nb/sr/GeV)     ERROR     Citation     
*******************************************************************************************************
6     12     1.2044          70             0.406667              0.893972                     0.11004
6     12     1.2044          70             0.42              1.19196                     0.127064
6     12     1.2044          70             0.433333              1.3545                     0.13545
6     12     1.2044          70             0.446667              1.85567                     0.15854
6     12     1.2044          70             0.46              2.34329                     0.178157
6     12     1.2044          70             0.473333              2.858                     0.196753
6     12     1.2044          70             0.486667              3.33208                     0.212445
6     12     1.2044          70             0.5              4.29377                     0.241162
6     12     1.2044          70             0.513333              5.94627                     0.2838
6     12     1.2044          70             0.526667              6.98923                     0.307684
6     12     1.2044          70             0.54              9.44088                     0.357599
6     12     1.2044          70             0.553333              11.0934                     0.387634
6     12     1.2044          70             0.566667              13.2741                     0.424026
6     12     1.2044          70             0.58              15.4278                     0.457132
6     12     1.2044          70             0.593333              16.8636                     0.47793
6     12     1.2044          70             0.606667              18.8682                     0.50554
6     12     1.2044          70             0.62              19.8164                     0.518086
6     12     1.2044          70             0.633333              22.2003                     0.548364
6     12     1.2044          70             0.646667              22.4576                     0.551534
6     12     1.2044          70             0.66              23.8799                     0.56873
6     12     1.2044          70             0.673333              24.4352                     0.575305
6     12     1.2044          70             0.686667              23.7173                     0.566791
6     12     1.2044          70             0.7              24.3133                     0.573868
6     12     1.2044          70             0.713333              23.5006                     0.564195
6     12     1.2044          70             0.726667              21.7669                     0.542985
6     12     1.2044          70             0.74              20.0195                     0.520735
6     12     1.2044          70             0.753333              19.4371                     0.513104
6     12     1.2044          70             0.766667              17.595                     0.488185
6     12     1.2044          70             0.78              16.7552                     0.476392
*******************************************************************************************************
 Average mean_angle 4.78525e+06 +- 18296.3 deg 
 Average E' 24207.3 +- 92.5563 GeV 
