*******************************************************************************************************
Z     A     E(GeV)     Theta(deg)     Energy Loss(GeV)     Sigma(nb/sr/GeV)     ERROR     Citation     
*******************************************************************************************************
6     12     1.299          37.5             0.006495              0                     0
6     12     1.299          37.5             0.019485              0                     0
6     12     1.299          37.5             0.032475              0                     0
6     12     1.299          37.5             0.045465              0                     0
6     12     1.299          37.5             0.058455              0                     0
6     12     1.299          37.5             0.071445              0                     0
6     12     1.299          37.5             0.084435              0                     0
6     12     1.299          37.5             0.097425              0                     0
6     12     1.299          37.5             0.110415              0                     0
6     12     1.299          37.5             0.123405              0                     0
6     12     1.299          37.5             0.136395              0                     0
6     12     1.299          37.5             0.149385              0                     0
6     12     1.299          37.5             0.162375              0                     0
6     12     1.299          37.5             0.175365              0                     0
6     12     1.299          37.5             0.188355              0                     0
6     12     1.299          37.5             0.201345              0                     0
6     12     1.299          37.5             0.214335              0                     0
6     12     1.299          37.5             0.227325              0                     0
6     12     1.299          37.5             0.240315              0                     0
6     12     1.299          37.5             0.253305              0                     0
6     12     1.299          37.5             0.266295              0                     0
6     12     1.299          37.5             0.279285              0                     0
6     12     1.299          37.5             0.292275              0                     0
6     12     1.299          37.5             0.305265              0                     0
6     12     1.299          37.5             0.318255              0                     0
6     12     1.299          37.5             0.331245              0                     0
6     12     1.299          37.5             0.344235              0                     0
6     12     1.299          37.5             0.357225              0                     0
6     12     1.299          37.5             0.370215              0                     0
6     12     1.299          37.5             0.383205              0                     0
6     12     1.299          37.5             0.396195              0                     0
6     12     1.299          37.5             0.409185              0                     0
6     12     1.299          37.5             0.422175              0                     0
6     12     1.299          37.5             0.435165              0                     0
6     12     1.299          37.5             0.448155              0                     0
6     12     1.299          37.5             0.461145              0                     0
6     12     1.299          37.5             0.474135              0                     0
6     12     1.299          37.5             0.487125              0                     0
6     12     1.299          37.5             0.500115              0                     0
6     12     1.299          37.5             0.513105              0                     0
6     12     1.299          37.5             0.526095              0                     0
6     12     1.299          37.5             0.539085              0                     0
6     12     1.299          37.5             0.552075              0                     0
6     12     1.299          37.5             0.565065              0                     0
6     12     1.299          37.5             0.578055              0                     0
6     12     1.299          37.5             0.591045              0                     0
6     12     1.299          37.5             0.604035              0                     0
6     12     1.299          37.5             0.617025              0                     0
6     12     1.299          37.5             0.630015              0                     0
6     12     1.299          37.5             0.643005              0                     0
6     12     1.299          37.5             0.655995              0                     0
6     12     1.299          37.5             0.668985              0                     0
6     12     1.299          37.5             0.681975              0                     0
6     12     1.299          37.5             0.694965              0                     0
6     12     1.299          37.5             0.707955              0                     0
6     12     1.299          37.5             0.720945              0                     0
6     12     1.299          37.5             0.733935              0                     0
6     12     1.299          37.5             0.746925              0                     0
6     12     1.299          37.5             0.759915              0                     0
6     12     1.299          37.5             0.772905              0                     0
6     12     1.299          37.5             0.785895              0                     0
6     12     1.299          37.5             0.798885              0                     0
6     12     1.299          37.5             0.811875              0                     0
6     12     1.299          37.5             0.824865              0                     0
6     12     1.299          37.5             0.837855              0                     0
6     12     1.299          37.5             0.850845              0                     0
6     12     1.299          37.5             0.863835              0                     0
6     12     1.299          37.5             0.876825              0                     0
6     12     1.299          37.5             0.889815              0                     0
6     12     1.299          37.5             0.902805              0                     0
6     12     1.299          37.5             0.915795              0                     0
6     12     1.299          37.5             0.928785              0                     0
6     12     1.299          37.5             0.941775              0                     0
6     12     1.299          37.5             0.954765              0                     0
6     12     1.299          37.5             0.967755              0                     0
6     12     1.299          37.5             0.980745              0                     0
6     12     1.299          37.5             0.993735              0                     0
6     12     1.299          37.5             1.00672              0                     0
6     12     1.299          37.5             1.01971              0                     0
6     12     1.299          37.5             1.0327              0                     0
6     12     1.299          37.5             1.04569              0                     0
6     12     1.299          37.5             1.05868              0                     0
6     12     1.299          37.5             1.07167              0                     0
6     12     1.299          37.5             1.08466              0                     0
6     12     1.299          37.5             1.09765              0                     0
6     12     1.299          37.5             1.11064              0                     0
6     12     1.299          37.5             1.12363              396.531                     8.50057
6     12     1.299          37.5             1.13662              525.732                     9.78794
6     12     1.299          37.5             1.14961              502.407                     9.56835
6     12     1.299          37.5             1.1626              483.455                     9.38614
6     12     1.299          37.5             1.17559              444.458                     8.99963
6     12     1.299          37.5             1.18859              414.39                     8.68988
6     12     1.299          37.5             1.20157              360.632                     8.10665
6     12     1.299          37.5             1.21456              332.204                     7.78058
6     12     1.299          37.5             1.22755              292.114                     7.29601
6     12     1.299          37.5             1.24055              244.916                     6.68064
6     12     1.299          37.5             1.25353              196.079                     5.97757
6     12     1.299          37.5             1.26652              23.6898                     2.07774
6     12     1.299          37.5             1.27951              0                     0
*******************************************************************************************************
 Average angle 867222 +- 5701.09 deg 
 Average E' 2767.95 +- 18.1964 GeV 
