*******************************************************************************************************
Z     A     E(GeV)     Theta(deg)     Energy Loss(GeV)     Sigma(nb/sr/GeV)     ERROR     Citation     
*******************************************************************************************************
6     12     1.204          16.01             0.00602              21.8968                     12.6421
6     12     1.204          16.01             0.01806              233.566                     41.2891
6     12     1.204          16.01             0.0301              1131.34                     90.8712
6     12     1.204          16.01             0.04214              2678.71                     139.828
6     12     1.204          16.01             0.05418              4014.42                     171.175
6     12     1.204          16.01             0.06622              5386.62                     198.284
6     12     1.204          16.01             0.07826              7116.47                     227.91
6     12     1.204          16.01             0.0903              8474.08                     248.7
6     12     1.204          16.01             0.10234              9481.33                     263.066
6     12     1.204          16.01             0.11438              10590.8                     278.031
6     12     1.204          16.01             0.12642              11145.5                     285.22
6     12     1.204          16.01             0.13846              12933.7                     307.25
6     12     1.204          16.01             0.1505              14043.2                     320.157
6     12     1.204          16.01             0.16254              14911.7                     329.909
6     12     1.204          16.01             0.17458              16510.2                     347.141
6     12     1.204          16.01             0.18662              18050.3                     362.971
6     12     1.204          16.01             0.19866              19612.3                     378.35
6     12     1.204          16.01             0.2107              21086.7                     392.314
6     12     1.204          16.01             0.22274              23488                     414.05
6     12     1.204          16.01             0.23478              24144.9                     419.8
6     12     1.204          16.01             0.24682              25371.1                     430.328
6     12     1.204          16.01             0.25886              25144.9                     428.405
6     12     1.204          16.01             0.2709              24378.5                     421.826
6     12     1.204          16.01             0.28294              22407.8                     404.417
6     12     1.204          16.01             0.29498              21196.1                     393.331
6     12     1.204          16.01             0.30702              18845.9                     370.884
6     12     1.204          16.01             0.31906              15940.9                     341.104
6     12     1.204          16.01             0.3311              14203.7                     321.982
6     12     1.204          16.01             0.34314              11897.3                     294.682
6     12     1.204          16.01             0.35518              10174.7                     272.516
6     12     1.204          16.01             0.36722              8160.22                     244.051
6     12     1.204          16.01             0.37926              6715.03                     221.388
6     12     1.204          16.01             0.3913              6080.02                     210.66
6     12     1.204          16.01             0.40334              4919.49                     189.492
6     12     1.204          16.01             0.41538              4605.64                     183.347
6     12     1.204          16.01             0.42742              4072.81                     172.416
6     12     1.204          16.01             0.43946              3766.26                     165.8
6     12     1.204          16.01             0.4515              3605.68                     162.227
6     12     1.204          16.01             0.46354              3926.83                     169.298
6     12     1.204          16.01             0.47558              4029.02                     171.486
6     12     1.204          16.01             0.48762              4007.12                     171.02
6     12     1.204          16.01             0.49966              3583.78                     161.734
6     12     1.204          16.01             0.5117              3875.74                     168.193
6     12     1.204          16.01             0.52374              3525.39                     160.411
6     12     1.204          16.01             0.53578              3350.22                     156.375
6     12     1.204          16.01             0.54782              3737.06                     165.156
6     12     1.204          16.01             0.55986              3291.82                     155.006
6     12     1.204          16.01             0.5719              3372.11                     156.885
6     12     1.204          16.01             0.58394              2970.67                     147.251
6     12     1.204          16.01             0.59598              2678.71                     139.828
6     12     1.204          16.01             0.60802              2379.46                     131.786
6     12     1.204          16.01             0.62006              2043.7                     122.135
6     12     1.204          16.01             0.6321              1788.24                     114.247
6     12     1.204          16.01             0.64414              1729.85                     112.366
6     12     1.204          16.01             0.65618              1248.12                     95.4461
6     12     1.204          16.01             0.66822              934.265                     82.5782
6     12     1.204          16.01             0.68026              686.101                     70.7659
6     12     1.204          16.01             0.6923              510.926                     61.0674
6     12     1.204          16.01             0.70434              262.762                     43.7937
6     12     1.204          16.01             0.71638              116.783                     29.1958
6     12     1.204          16.01             0.72842              43.7937                     17.8787
6     12     1.204          16.01             0.74046              51.0926                     19.3112
6     12     1.204          16.01             0.7525              0                     0
6     12     1.204          16.01             0.76454              0                     0
6     12     1.204          16.01             0.77658              0                     0
6     12     1.204          16.01             0.78862              0                     0
6     12     1.204          16.01             0.80066              0                     0
6     12     1.204          16.01             0.8127              0                     0
6     12     1.204          16.01             0.82474              0                     0
6     12     1.204          16.01             0.83678              0                     0
6     12     1.204          16.01             0.84882              0                     0
6     12     1.204          16.01             0.86086              0                     0
6     12     1.204          16.01             0.8729              0                     0
6     12     1.204          16.01             0.88494              0                     0
6     12     1.204          16.01             0.89698              0                     0
6     12     1.204          16.01             0.90902              0                     0
6     12     1.204          16.01             0.92106              0                     0
6     12     1.204          16.01             0.9331              0                     0
6     12     1.204          16.01             0.94514              0                     0
6     12     1.204          16.01             0.95718              0                     0
6     12     1.204          16.01             0.96922              0                     0
6     12     1.204          16.01             0.98126              0                     0
6     12     1.204          16.01             0.9933              0                     0
6     12     1.204          16.01             1.00534              0                     0
6     12     1.204          16.01             1.01738              0                     0
6     12     1.204          16.01             1.02942              0                     0
6     12     1.204          16.01             1.04146              0                     0
6     12     1.204          16.01             1.0535              0                     0
6     12     1.204          16.01             1.06554              0                     0
6     12     1.204          16.01             1.07758              0                     0
6     12     1.204          16.01             1.08962              0                     0
6     12     1.204          16.01             1.10166              0                     0
6     12     1.204          16.01             1.1137              0                     0
6     12     1.204          16.01             1.12574              0                     0
6     12     1.204          16.01             1.13778              0                     0
6     12     1.204          16.01             1.14982              0                     0
6     12     1.204          16.01             1.16186              0                     0
6     12     1.204          16.01             1.1739              0                     0
6     12     1.204          16.01             1.18594              0                     0
*******************************************************************************************************
 Average mean_angle 1.11368e+06 +- 4210.31 deg 
 Average E' 65145.9 +- 246.286 GeV 
