*******************************************************************************************************
Z     A     E(GeV)     Theta(deg)     Energy Loss(GeV)     Sigma(nb/sr/GeV)     ERROR     Citation     
*******************************************************************************************************
6     12     5.011          36             0.0125275              0                     0
6     12     5.011          36             0.0375825              0                     0
6     12     5.011          36             0.0626375              0                     0
6     12     5.011          36             0.0876925              0                     0
6     12     5.011          36             0.112748              0                     0
6     12     5.011          36             0.137802              0                     0
6     12     5.011          36             0.162858              0                     0
6     12     5.011          36             0.187913              0                     0
6     12     5.011          36             0.212968              0                     0
6     12     5.011          36             0.238022              0                     0
6     12     5.011          36             0.263078              0                     0
6     12     5.011          36             0.288133              0                     0
6     12     5.011          36             0.313188              0                     0
6     12     5.011          36             0.338243              0                     0
6     12     5.011          36             0.363298              0                     0
6     12     5.011          36             0.388353              0                     0
6     12     5.011          36             0.413408              0                     0
6     12     5.011          36             0.438463              0                     0
6     12     5.011          36             0.463518              0                     0
6     12     5.011          36             0.488573              0                     0
6     12     5.011          36             0.513628              0                     0
6     12     5.011          36             0.538683              0                     0
6     12     5.011          36             0.563738              0                     0
6     12     5.011          36             0.588793              0                     0
6     12     5.011          36             0.613848              0                     0
6     12     5.011          36             0.638903              0                     0
6     12     5.011          36             0.663958              0                     0
6     12     5.011          36             0.689013              0                     0
6     12     5.011          36             0.714068              0                     0
6     12     5.011          36             0.739123              0                     0
6     12     5.011          36             0.764178              0                     0
6     12     5.011          36             0.789233              0                     0
6     12     5.011          36             0.814288              0                     0
6     12     5.011          36             0.839343              0                     0
6     12     5.011          36             0.864398              0                     0
6     12     5.011          36             0.889453              0                     0
6     12     5.011          36             0.914508              0                     0
6     12     5.011          36             0.939563              0                     0
6     12     5.011          36             0.964618              0                     0
6     12     5.011          36             0.989673              0                     0
6     12     5.011          36             1.01473              0                     0
6     12     5.011          36             1.03978              0                     0
6     12     5.011          36             1.06484              0                     0
6     12     5.011          36             1.08989              0                     0
6     12     5.011          36             1.11495              0                     0
6     12     5.011          36             1.14              0                     0
6     12     5.011          36             1.16506              0                     0
6     12     5.011          36             1.19011              0                     0
6     12     5.011          36             1.21517              0                     0
6     12     5.011          36             1.24022              0                     0
6     12     5.011          36             1.26528              0                     0
6     12     5.011          36             1.29033              0                     0
6     12     5.011          36             1.31539              0                     0
6     12     5.011          36             1.34044              0                     0
6     12     5.011          36             1.3655              0                     0
6     12     5.011          36             1.39055              0                     0
6     12     5.011          36             1.41561              0                     0
6     12     5.011          36             1.44066              0                     0
6     12     5.011          36             1.46572              0                     0
6     12     5.011          36             1.49077              0                     0
6     12     5.011          36             1.51583              0                     0
6     12     5.011          36             1.54088              0                     0
6     12     5.011          36             1.56594              0                     0
6     12     5.011          36             1.59099              0                     0
6     12     5.011          36             1.61605              0                     0
6     12     5.011          36             1.6411              0                     0
6     12     5.011          36             1.66616              0                     0
6     12     5.011          36             1.69121              0                     0
6     12     5.011          36             1.71627              0                     0
6     12     5.011          36             1.74132              0                     0
6     12     5.011          36             1.76638              0                     0
6     12     5.011          36             1.79143              0                     0
6     12     5.011          36             1.81649              0                     0
6     12     5.011          36             1.84154              0                     0
6     12     5.011          36             1.8666              0                     0
6     12     5.011          36             1.89165              0                     0
6     12     5.011          36             1.91671              0                     0
6     12     5.011          36             1.94176              0                     0
6     12     5.011          36             1.96682              0                     0
6     12     5.011          36             1.99187              0                     0
6     12     5.011          36             2.01693              0                     0
6     12     5.011          36             2.04198              0                     0
6     12     5.011          36             2.06704              0                     0
6     12     5.011          36             2.09209              0                     0
6     12     5.011          36             2.11715              0                     0
6     12     5.011          36             2.1422              0                     0
6     12     5.011          36             2.16726              0                     0
6     12     5.011          36             2.19231              0                     0
6     12     5.011          36             2.21737              0                     0
6     12     5.011          36             2.24242              0                     0
6     12     5.011          36             2.26748              0                     0
6     12     5.011          36             2.29253              0                     0
6     12     5.011          36             2.31759              0                     0
6     12     5.011          36             2.34264              0                     0
6     12     5.011          36             2.3677              0                     0
6     12     5.011          36             2.39275              0.95964                     0.554048
6     12     5.011          36             2.41781              0                     0
6     12     5.011          36             2.44286              0.63976                     0.452378
6     12     5.011          36             2.46792              0.31988                     0.31988
6     12     5.011          36             2.49297              0.95964                     0.554048
6     12     5.011          36             2.51803              0                     0
6     12     5.011          36             2.54308              0                     0
6     12     5.011          36             2.56814              1.27952                     0.63976
6     12     5.011          36             2.59319              1.5994                     0.715273
6     12     5.011          36             2.61825              1.91928                     0.783542
6     12     5.011          36             2.6433              2.87892                     0.95964
6     12     5.011          36             2.66836              4.15844                     1.15334
6     12     5.011          36             2.69341              2.23916                     0.846323
6     12     5.011          36             2.71847              1.91928                     0.783542
6     12     5.011          36             2.74352              3.51868                     1.06092
6     12     5.011          36             2.76858              5.11808                     1.27952
6     12     5.011          36             2.79363              6.71748                     1.46587
6     12     5.011          36             2.81869              5.11808                     1.27952
6     12     5.011          36             2.84374              7.35724                     1.53409
6     12     5.011          36             2.8688              8.31688                     1.63107
6     12     5.011          36             2.89385              7.03736                     1.50037
6     12     5.011          36             2.91891              9.27652                     1.72261
6     12     5.011          36             2.94396              10.2362                     1.80951
6     12     5.011          36             2.96902              7.35724                     1.53409
6     12     5.011          36             2.99407              8.31688                     1.63107
6     12     5.011          36             3.01913              12.1554                     1.97187
6     12     5.011          36             3.04418              13.435                     2.07306
6     12     5.011          36             3.06924              11.8356                     1.94575
6     12     5.011          36             3.09429              14.0747                     2.12184
6     12     5.011          36             3.11935              17.9133                     2.39376
6     12     5.011          36             3.1444              13.7548                     2.09759
6     12     5.011          36             3.16946              9.91628                     1.78102
6     12     5.011          36             3.19451              14.0747                     2.12184
6     12     5.011          36             3.21957              14.7145                     2.16953
6     12     5.011          36             3.24462              12.7952                     2.0231
6     12     5.011          36             3.26968              15.3542                     2.21619
6     12     5.011          36             3.29473              15.6741                     2.23916
6     12     5.011          36             3.31979              18.2332                     2.41504
6     12     5.011          36             3.34484              19.8326                     2.51874
6     12     5.011          36             3.3699              19.8326                     2.51874
6     12     5.011          36             3.39495              18.8729                     2.45704
6     12     5.011          36             3.42001              17.9133                     2.39376
6     12     5.011          36             3.44506              26.55                     2.91424
6     12     5.011          36             3.47012              22.7115                     2.69536
6     12     5.011          36             3.49517              26.55                     2.91424
6     12     5.011          36             3.52023              24.3109                     2.78865
6     12     5.011          36             3.54528              31.0283                     3.15045
6     12     5.011          36             3.57034              31.6681                     3.18276
6     12     5.011          36             3.59539              28.4693                     3.01774
6     12     5.011          36             3.62045              29.1091                     3.05146
6     12     5.011          36             3.6455              34.547                     3.32429
6     12     5.011          36             3.67056              33.5874                     3.27779
6     12     5.011          36             3.69561              30.0687                     3.10135
6     12     5.011          36             3.72067              35.8265                     3.38529
6     12     5.011          36             3.74572              43.5037                     3.73041
6     12     5.011          36             3.77078              37.7458                     3.47478
6     12     5.011          36             3.79583              37.4259                     3.46003
6     12     5.011          36             3.82089              39.985                     3.57637
6     12     5.011          36             3.84594              43.5037                     3.73041
6     12     5.011          36             3.871              43.1838                     3.71667
6     12     5.011          36             3.89605              44.4633                     3.77133
6     12     5.011          36             3.92111              47.6621                     3.90463
6     12     5.011          36             3.94616              44.1434                     3.75774
6     12     5.011          36             3.97122              50.541                     4.02083
6     12     5.011          36             3.99627              52.7802                     4.10893
6     12     5.011          36             4.02133              58.538                     4.32725
6     12     5.011          36             4.04638              54.6995                     4.18297
6     12     5.011          36             4.07144              51.1808                     4.0462
6     12     5.011          36             4.09649              51.1808                     4.0462
6     12     5.011          36             4.12155              60.7772                     4.40924
6     12     5.011          36             4.1466              67.8145                     4.65752
6     12     5.011          36             4.17166              66.8549                     4.62445
6     12     5.011          36             4.19671              67.8145                     4.65752
6     12     5.011          36             4.22177              64.9356                     4.55759
6     12     5.011          36             4.24682              63.6561                     4.51246
6     12     5.011          36             4.27188              68.7742                     4.69036
6     12     5.011          36             4.29693              60.1374                     4.38597
6     12     5.011          36             4.32199              73.8922                     4.86175
6     12     5.011          36             4.34704              82.8489                     5.14798
6     12     5.011          36             4.3721              68.4543                     4.67944
6     12     5.011          36             4.39715              66.535                     4.61337
6     12     5.011          36             4.42221              83.8085                     5.17771
6     12     5.011          36             4.44726              81.5694                     5.10807
6     12     5.011          36             4.47232              78.3706                     5.00691
6     12     5.011          36             4.49737              79.97                     5.05774
6     12     5.011          36             4.52243              83.8085                     5.17771
6     12     5.011          36             4.54748              90.526                     5.38121
6     12     5.011          36             4.57254              80.6097                     5.07794
6     12     5.011          36             4.59759              91.8055                     5.41911
6     12     5.011          36             4.62265              98.2031                     5.60475
6     12     5.011          36             4.6477              90.8459                     5.39071
6     12     5.011          36             4.67276              95.964                     5.54048
6     12     5.011          36             4.69781              93.4049                     5.46611
6     12     5.011          36             4.72287              91.8055                     5.41911
6     12     5.011          36             4.74792              107.8                     5.87221
6     12     5.011          36             4.77298              106.52                     5.83726
6     12     5.011          36             4.79803              106.2                     5.82849
6     12     5.011          36             4.82309              98.2031                     5.60475
6     12     5.011          36             4.84814              101.402                     5.6953
6     12     5.011          36             4.8732              107.16                     5.85476
6     12     5.011          36             4.89825              98.8429                     5.62297
6     12     5.011          36             4.92331              83.8085                     5.17771
6     12     5.011          36             4.94836              76.1314                     4.93487
6     12     5.011          36             4.97342              49.2615                     3.9696
*******************************************************************************************************
 Average angle 35.939 +- 0.309428 deg 
 Average E' 0.738123 +- 0.0063551 GeV 
