*******************************************************************************************************
Z     A     E(GeV)     Theta(deg)     Energy Loss(GeV)     Sigma(nb/sr/GeV)     ERROR     Citation     
*******************************************************************************************************
6     12     2.3476          30             1.702              0.0972557                     0.0367592
6     12     2.3476          30             1.706              0.0694683                     0.0310672
6     12     2.3476          30             1.71              0.083362                     0.0340324
6     12     2.3476          30             1.714              0.041681                     0.0240645
6     12     2.3476          30             1.718              0.0138937                     0.0138937
6     12     2.3476          30             1.722              0.0555747                     0.0277873
6     12     2.3476          30             1.726              0.083362                     0.0340324
6     12     2.3476          30             1.73              0.0694683                     0.0310672
6     12     2.3476          30             1.734              0.0972557                     0.0367592
6     12     2.3476          30             1.738              0.0138937                     0.0138937
6     12     2.3476          30             1.742              0.041681                     0.0240645
6     12     2.3476          30             1.746              0.0277873                     0.0196486
6     12     2.3476          30             1.75              0.041681                     0.0240645
6     12     2.3476          30             1.754              0.0138937                     0.0138937
6     12     2.3476          30             1.758              0                     0
6     12     2.3476          30             1.762              0                     0
6     12     2.3476          30             1.766              0                     0
6     12     2.3476          30             1.77              0                     0
6     12     2.3476          30             1.774              0                     0
6     12     2.3476          30             1.778              0                     0
6     12     2.3476          30             1.782              0                     0
6     12     2.3476          30             1.786              0                     0
6     12     2.3476          30             1.79              0                     0
6     12     2.3476          30             1.794              0                     0
6     12     2.3476          30             1.798              0                     0
6     12     2.3476          30             1.802              0                     0
6     12     2.3476          30             1.806              0                     0
6     12     2.3476          30             1.81              0                     0
6     12     2.3476          30             1.814              0                     0
6     12     2.3476          30             1.818              0                     0
6     12     2.3476          30             1.822              0                     0
6     12     2.3476          30             1.826              0                     0
6     12     2.3476          30             1.83              0                     0
6     12     2.3476          30             1.834              0                     0
6     12     2.3476          30             1.838              0                     0
6     12     2.3476          30             1.842              0                     0
6     12     2.3476          30             1.846              0                     0
6     12     2.3476          30             1.85              0                     0
6     12     2.3476          30             1.854              0                     0
6     12     2.3476          30             1.858              0                     0
6     12     2.3476          30             1.862              0                     0
6     12     2.3476          30             1.866              0                     0
6     12     2.3476          30             1.87              0                     0
6     12     2.3476          30             1.874              0                     0
6     12     2.3476          30             1.878              0                     0
6     12     2.3476          30             1.882              0                     0
6     12     2.3476          30             1.886              0                     0
6     12     2.3476          30             1.89              0                     0
6     12     2.3476          30             1.894              0                     0
*******************************************************************************************************
 Average mean_angle 5.45823e+07 +- 40370.6 deg 
 Average E' 3.07948e+06 +- 2277.67 GeV 
