*******************************************************************************************************
Z     A     E(GeV)     Theta(deg)     Energy Loss(GeV)     Sigma(nb/sr/GeV)     ERROR     Citation     
*******************************************************************************************************
6     12     1.108          37.5             0.00554              0                     0
6     12     1.108          37.5             0.01662              0                     0
6     12     1.108          37.5             0.0277              1.84333                     0.511247
6     12     1.108          37.5             0.03878              10.6346                     1.22798
6     12     1.108          37.5             0.04986              25.3812                     1.89708
6     12     1.108          37.5             0.06094              46.3668                     2.56409
6     12     1.108          37.5             0.07202              71.1808                     3.17695
6     12     1.108          37.5             0.0831              132.861                     4.34039
6     12     1.108          37.5             0.09418              217.513                     5.55356
6     12     1.108          37.5             0.10526              353.919                     7.08404
6     12     1.108          37.5             0.11634              548.602                     8.81979
6     12     1.108          37.5             0.12742              803.549                     10.6742
6     12     1.108          37.5             0.1385              1129.25                     12.6539
6     12     1.108          37.5             0.14958              1489.27                     14.5317
6     12     1.108          37.5             0.16066              1919.47                     16.4976
6     12     1.108          37.5             0.17174              2295.79                     18.0425
6     12     1.108          37.5             0.18282              2703.88                     19.5805
6     12     1.108          37.5             0.1939              3056.66                     20.8187
6     12     1.108          37.5             0.20498              3336.85                     21.7519
6     12     1.108          37.5             0.21606              3546.13                     22.4237
6     12     1.108          37.5             0.22714              3632.91                     22.6964
6     12     1.108          37.5             0.23822              3653.33                     22.7601
6     12     1.108          37.5             0.2493              3633.48                     22.6982
6     12     1.108          37.5             0.26038              3485.31                     22.2305
6     12     1.108          37.5             0.27146              3311.32                     21.6686
6     12     1.108          37.5             0.28254              3039.79                     20.7611
6     12     1.108          37.5             0.29362              2749.96                     19.7466
6     12     1.108          37.5             0.3047              2436.03                     18.5853
6     12     1.108          37.5             0.31578              2182.22                     17.5905
6     12     1.108          37.5             0.32686              1883.45                     16.3421
6     12     1.108          37.5             0.33794              1595.47                     15.0409
6     12     1.108          37.5             0.34902              1289.05                     13.5196
6     12     1.108          37.5             0.3601              1104.72                     12.5157
6     12     1.108          37.5             0.37118              871.326                     11.1153
6     12     1.108          37.5             0.38226              720.882                     10.1102
6     12     1.108          37.5             0.39334              599.081                     9.21663
6     12     1.108          37.5             0.40442              464.944                     8.11951
6     12     1.108          37.5             0.4155              374.762                     7.28966
6     12     1.108          37.5             0.42658              305.283                     6.57932
6     12     1.108          37.5             0.43766              239.774                     5.83083
6     12     1.108          37.5             0.44874              201.206                     5.34134
6     12     1.108          37.5             0.45982              160.511                     4.7707
6     12     1.108          37.5             0.4709              131.443                     4.31717
6     12     1.108          37.5             0.48198              113.719                     4.01556
6     12     1.108          37.5             0.49306              94.7186                     3.66477
6     12     1.108          37.5             0.50414              77.1361                     3.30718
6     12     1.108          37.5             0.51522              59.5536                     2.90592
6     12     1.108          37.5             0.5263              55.5834                     2.80738
6     12     1.108          37.5             0.53738              40.9786                     2.4105
6     12     1.108          37.5             0.54846              39.8442                     2.37691
6     12     1.108          37.5             0.55954              31.4783                     2.11269
6     12     1.108          37.5             0.57062              29.7768                     2.0548
6     12     1.108          37.5             0.5817              21.1274                     1.73082
6     12     1.108          37.5             0.59278              15.881                     1.50061
6     12     1.108          37.5             0.60386              15.172                     1.46673
6     12     1.108          37.5             0.61494              11.7689                     1.29181
6     12     1.108          37.5             0.62602              9.35843                     1.15194
6     12     1.108          37.5             0.6371              7.23151                     1.01261
6     12     1.108          37.5             0.64818              8.22407                     1.07987
6     12     1.108          37.5             0.65926              6.66433                     0.972093
6     12     1.108          37.5             0.67034              4.11204                     0.763586
6     12     1.108          37.5             0.68142              3.97024                     0.750305
6     12     1.108          37.5             0.6925              1.41794                     0.448393
6     12     1.108          37.5             0.70358              2.97768                     0.649783
6     12     1.108          37.5             0.71466              1.41794                     0.448393
6     12     1.108          37.5             0.72574              1.55974                     0.470279
6     12     1.108          37.5             0.73682              1.41794                     0.448393
6     12     1.108          37.5             0.7479              0.99256                     0.375153
6     12     1.108          37.5             0.75898              0.850766                     0.347324
6     12     1.108          37.5             0.77006              0.567177                     0.283589
6     12     1.108          37.5             0.78114              0.141794                     0.141794
6     12     1.108          37.5             0.79222              0.141794                     0.141794
6     12     1.108          37.5             0.8033              0.283589                     0.200527
6     12     1.108          37.5             0.81438              0.283589                     0.200527
6     12     1.108          37.5             0.82546              0                     0
6     12     1.108          37.5             0.83654              0.283589                     0.200527
6     12     1.108          37.5             0.84762              0                     0
6     12     1.108          37.5             0.8587              0                     0
6     12     1.108          37.5             0.86978              0                     0
6     12     1.108          37.5             0.88086              0                     0
6     12     1.108          37.5             0.89194              0                     0
6     12     1.108          37.5             0.90302              0                     0
6     12     1.108          37.5             0.9141              0.141794                     0.141794
6     12     1.108          37.5             0.92518              0                     0
6     12     1.108          37.5             0.93626              0                     0
6     12     1.108          37.5             0.94734              0                     0
6     12     1.108          37.5             0.95842              0                     0
6     12     1.108          37.5             0.9695              0                     0
6     12     1.108          37.5             0.98058              0                     0
6     12     1.108          37.5             0.99166              0                     0
6     12     1.108          37.5             1.00274              0                     0
6     12     1.108          37.5             1.01382              0                     0
6     12     1.108          37.5             1.0249              0                     0
6     12     1.108          37.5             1.03598              0                     0
6     12     1.108          37.5             1.04706              0                     0
6     12     1.108          37.5             1.05814              0                     0
6     12     1.108          37.5             1.06922              0                     0
6     12     1.108          37.5             1.0803              0                     0
6     12     1.108          37.5             1.09138              0                     0
*******************************************************************************************************
 Average mean_angle 1.59386e+07 +- 24418 deg 
 Average E' 363740 +- 557.252 GeV 
