*******************************************************************************************************
Z     A     E(GeV)     Theta(deg)     Energy Loss(GeV)     Sigma(nb/sr/GeV)     ERROR     Citation     
*******************************************************************************************************
6     12     5.15          11.97             1.01875              138.815                     0.420476
6     12     5.15          11.97             1.05625              106.348                     0.368033
6     12     5.15          11.97             1.09375              81.4963                     0.322175
6     12     5.15          11.97             1.13125              63.5444                     0.284486
6     12     5.15          11.97             1.16875              49.2045                     0.250337
6     12     5.15          11.97             1.20625              39.2854                     0.223686
6     12     5.15          11.97             1.24375              31.4843                     0.200249
6     12     5.15          11.97             1.28125              25.2766                     0.179425
6     12     5.15          11.97             1.31875              20.8584                     0.162991
6     12     5.15          11.97             1.35625              16.7292                     0.145969
6     12     5.15          11.97             1.39375              13.8292                     0.132715
6     12     5.15          11.97             1.43125              11.3672                     0.120323
6     12     5.15          11.97             1.46875              9.10906                     0.107711
6     12     5.15          11.97             1.50625              7.47498                     0.0975727
6     12     5.15          11.97             1.54375              6.33253                     0.0898073
6     12     5.15          11.97             1.58125              5.19644                     0.0813535
6     12     5.15          11.97             1.61875              4.22975                     0.0733974
6     12     5.15          11.97             1.65625              3.52925                     0.0670447
6     12     5.15          11.97             1.69375              2.83257                     0.0600639
6     12     5.15          11.97             1.73125              1.87225                     0.048832
6     12     5.15          11.97             1.76875              0.551485                     0.0265027
6     12     5.15          11.97             1.80625              0.00254728                     0.0018012
6     12     5.15          11.97             1.84375              0                     0
6     12     5.15          11.97             1.88125              0                     0
6     12     5.15          11.97             1.91875              0                     0
6     12     5.15          11.97             1.95625              0                     0
6     12     5.15          11.97             1.99375              0                     0
6     12     5.15          11.97             2.03125              0                     0
6     12     5.15          11.97             2.06875              0                     0
6     12     5.15          11.97             2.10625              0                     0
6     12     5.15          11.97             2.14375              0                     0
6     12     5.15          11.97             2.18125              0                     0
6     12     5.15          11.97             2.21875              0                     0
6     12     5.15          11.97             2.25625              0                     0
6     12     5.15          11.97             2.29375              0                     0
6     12     5.15          11.97             2.33125              0                     0
6     12     5.15          11.97             2.36875              0                     0
6     12     5.15          11.97             2.40625              0                     0
6     12     5.15          11.97             2.44375              0                     0
*******************************************************************************************************
 Average mean_angle 1.93711e+08 +- 47650.3 deg 
 Average E' 7.53125e+07 +- 18525.8 GeV 
