*******************************************************************************************************
Z     A     E(GeV)     Theta(deg)     Energy Loss(GeV)     Sigma(nb/sr/GeV)     ERROR     Citation     
*******************************************************************************************************
6     12     4.045          30             0.613              0                     0
6     12     4.045          30             0.639              0                     0
6     12     4.045          30             0.665              0                     0
6     12     4.045          30             0.691              0                     0
6     12     4.045          30             0.717              0                     0
6     12     4.045          30             0.743              0                     0
6     12     4.045          30             0.769              0                     0
6     12     4.045          30             0.795              0                     0
6     12     4.045          30             0.821              0                     0
6     12     4.045          30             0.847              0                     0
6     12     4.045          30             0.873              0                     0
6     12     4.045          30             0.899              0                     0
6     12     4.045          30             0.925              0                     0
6     12     4.045          30             0.951              0                     0
6     12     4.045          30             0.977              0                     0
6     12     4.045          30             1.003              0                     0
6     12     4.045          30             1.029              0                     0
6     12     4.045          30             1.055              0                     0
6     12     4.045          30             1.081              0                     0
6     12     4.045          30             1.107              0                     0
6     12     4.045          30             1.133              0                     0
6     12     4.045          30             1.159              0                     0
6     12     4.045          30             1.185              0.00121254                     0.000857397
6     12     4.045          30             1.211              0.00121254                     0.000857397
6     12     4.045          30             1.237              0.00909406                     0.00234808
6     12     4.045          30             1.263              0.015763                     0.00309139
6     12     4.045          30             1.289              0.0472891                     0.00535444
6     12     4.045          30             1.315              0.064871                     0.00627131
6     12     4.045          30             1.341              0.10731                     0.00806591
6     12     4.045          30             1.367              0.216439                     0.0114552
6     12     4.045          30             1.393              0.297679                     0.0134341
6     12     4.045          30             1.419              0.42439                     0.0160404
6     12     4.045          30             1.445              0.588083                     0.0188822
6     12     4.045          30             1.471              0.857267                     0.0227977
6     12     4.045          30             1.497              1.12463                     0.0261119
6     12     4.045          30             1.523              1.53144                     0.0304708
6     12     4.045          30             1.549              1.98796                     0.0347166
6     12     4.045          30             1.575              2.53603                     0.0392112
6     12     4.045          30             1.601              3.17989                     0.0439076
6     12     4.045          30             1.627              3.87771                     0.0484865
6     12     4.045          30             1.653              4.69436                     0.0533484
6     12     4.045          30             1.679              5.76442                     0.0591169
6     12     4.045          30             1.705              6.73506                     0.0639005
6     12     4.045          30             1.731              8.11433                     0.070139
6     12     4.045          30             1.757              9.62455                     0.0763877
6     12     4.045          30             1.783              11.1487                     0.082214
6     12     4.045          30             1.809              12.8881                     0.088395
6     12     4.045          30             1.835              15.2119                     0.0960341
6     12     4.045          30             1.861              17.3788                     0.102646
*******************************************************************************************************
 Average mean_angle 2.38686e+07 +- 26650.3 deg 
 Average E' 1.65918e+06 +- 1852.55 GeV 
