*******************************************************************************************************
Z     A     E(GeV)     Theta(deg)     Energy Loss(GeV)     Sigma(nb/sr/GeV)     ERROR     Citation     
*******************************************************************************************************
6     12     2.3476          30             1.702              440.388                     2.47358
6     12     2.3476          30             1.706              412.586                     2.39423
6     12     2.3476          30             1.71              389.092                     2.32506
6     12     2.3476          30             1.714              362.555                     2.24438
6     12     2.3476          30             1.718              338.214                     2.16772
6     12     2.3476          30             1.722              306.619                     2.06399
6     12     2.3476          30             1.726              285.084                     1.99019
6     12     2.3476          30             1.73              255.824                     1.88529
6     12     2.3476          30             1.734              232.636                     1.79782
6     12     2.3476          30             1.738              203.876                     1.68303
6     12     2.3476          30             1.742              180.604                     1.58406
6     12     2.3476          30             1.746              152.705                     1.45658
6     12     2.3476          30             1.75              123.709                     1.31102
6     12     2.3476          30             1.754              101.063                     1.18496
6     12     2.3476          30             1.758              75.0814                     1.02135
6     12     2.3476          30             1.762              49.9477                     0.833041
6     12     2.3476          30             1.766              21.9242                     0.551913
6     12     2.3476          30             1.77              1.50052                     0.144387
6     12     2.3476          30             1.774              0                     0
6     12     2.3476          30             1.778              0                     0
6     12     2.3476          30             1.782              0                     0
6     12     2.3476          30             1.786              0                     0
6     12     2.3476          30             1.79              0                     0
6     12     2.3476          30             1.794              0                     0
6     12     2.3476          30             1.798              0                     0
6     12     2.3476          30             1.802              0                     0
6     12     2.3476          30             1.806              0                     0
6     12     2.3476          30             1.81              0                     0
6     12     2.3476          30             1.814              0                     0
6     12     2.3476          30             1.818              0                     0
6     12     2.3476          30             1.822              0                     0
6     12     2.3476          30             1.826              0                     0
6     12     2.3476          30             1.83              0                     0
6     12     2.3476          30             1.834              0                     0
6     12     2.3476          30             1.838              0                     0
6     12     2.3476          30             1.842              0                     0
6     12     2.3476          30             1.846              0                     0
6     12     2.3476          30             1.85              0                     0
6     12     2.3476          30             1.854              0                     0
6     12     2.3476          30             1.858              0                     0
6     12     2.3476          30             1.862              0                     0
6     12     2.3476          30             1.866              0                     0
6     12     2.3476          30             1.87              0                     0
6     12     2.3476          30             1.874              0                     0
6     12     2.3476          30             1.878              0                     0
6     12     2.3476          30             1.882              0                     0
6     12     2.3476          30             1.886              0                     0
6     12     2.3476          30             1.89              0                     0
6     12     2.3476          30             1.894              0                     0
*******************************************************************************************************
 Average angle 29.9176 +- 0.00779099 deg 
 Average E' 1.1461 +- 0.000298462 GeV 
