*******************************************************************************************************
Z     A     E(GeV)     Theta(deg)     Energy Loss(GeV)     Sigma(nb/sr/GeV)     ERROR     Citation     
*******************************************************************************************************
6     12     3.269          74.98             0.016345              0                     0
6     12     3.269          74.98             0.049035              0                     0
6     12     3.269          74.98             0.081725              0                     0
6     12     3.269          74.98             0.114415              0                     0
6     12     3.269          74.98             0.147105              0                     0
6     12     3.269          74.98             0.179795              0                     0
6     12     3.269          74.98             0.212485              0                     0
6     12     3.269          74.98             0.245175              0                     0
6     12     3.269          74.98             0.277865              0                     0
6     12     3.269          74.98             0.310555              0                     0
6     12     3.269          74.98             0.343245              0                     0
6     12     3.269          74.98             0.375935              0                     0
6     12     3.269          74.98             0.408625              0                     0
6     12     3.269          74.98             0.441315              0                     0
6     12     3.269          74.98             0.474005              0                     0
6     12     3.269          74.98             0.506695              0                     0
6     12     3.269          74.98             0.539385              0                     0
6     12     3.269          74.98             0.572075              0                     0
6     12     3.269          74.98             0.604765              0                     0
6     12     3.269          74.98             0.637455              0                     0
6     12     3.269          74.98             0.670145              0                     0
6     12     3.269          74.98             0.702835              0                     0
6     12     3.269          74.98             0.735525              0                     0
6     12     3.269          74.98             0.768215              0                     0
6     12     3.269          74.98             0.800905              0                     0
6     12     3.269          74.98             0.833595              0                     0
6     12     3.269          74.98             0.866285              0                     0
6     12     3.269          74.98             0.898975              0                     0
6     12     3.269          74.98             0.931665              0                     0
6     12     3.269          74.98             0.964355              0                     0
6     12     3.269          74.98             0.997045              0                     0
6     12     3.269          74.98             1.02974              0                     0
6     12     3.269          74.98             1.06243              0                     0
6     12     3.269          74.98             1.09512              0                     0
6     12     3.269          74.98             1.12781              0                     0
6     12     3.269          74.98             1.1605              0                     0
6     12     3.269          74.98             1.19319              0                     0
6     12     3.269          74.98             1.22588              0                     0
6     12     3.269          74.98             1.25857              0                     0
6     12     3.269          74.98             1.29126              0                     0
6     12     3.269          74.98             1.32395              0                     0
6     12     3.269          74.98             1.35664              0                     0
6     12     3.269          74.98             1.38933              0                     0
6     12     3.269          74.98             1.42202              0                     0
6     12     3.269          74.98             1.45471              0                     0
6     12     3.269          74.98             1.4874              0                     0
6     12     3.269          74.98             1.52009              0                     0
6     12     3.269          74.98             1.55278              0                     0
6     12     3.269          74.98             1.58547              0                     0
6     12     3.269          74.98             1.61816              0                     0
6     12     3.269          74.98             1.65085              0                     0
6     12     3.269          74.98             1.68354              0                     0
6     12     3.269          74.98             1.71623              0                     0
6     12     3.269          74.98             1.74892              0                     0
6     12     3.269          74.98             1.78161              0                     0
6     12     3.269          74.98             1.8143              0                     0
6     12     3.269          74.98             1.84699              0                     0
6     12     3.269          74.98             1.87968              0                     0
6     12     3.269          74.98             1.91237              0                     0
6     12     3.269          74.98             1.94506              0                     0
6     12     3.269          74.98             1.97775              0                     0
6     12     3.269          74.98             2.01044              0                     0
6     12     3.269          74.98             2.04312              0                     0
6     12     3.269          74.98             2.07581              0                     0
6     12     3.269          74.98             2.10851              0                     0
6     12     3.269          74.98             2.1412              0                     0
6     12     3.269          74.98             2.17389              0                     0
6     12     3.269          74.98             2.20657              0                     0
6     12     3.269          74.98             2.23927              0                     0
6     12     3.269          74.98             2.27196              0.0367668                     0.0367668
6     12     3.269          74.98             2.30465              0.0367668                     0.0367668
6     12     3.269          74.98             2.33733              0.147067                     0.0735337
6     12     3.269          74.98             2.37003              0.257368                     0.0972759
6     12     3.269          74.98             2.40272              0.477969                     0.132565
6     12     3.269          74.98             2.43541              0.625036                     0.151594
6     12     3.269          74.98             2.46809              1.10301                     0.20138
6     12     3.269          74.98             2.50079              1.91188                     0.265129
6     12     3.269          74.98             2.53348              2.31631                     0.291828
6     12     3.269          74.98             2.56617              3.19871                     0.342938
6     12     3.269          74.98             2.59885              3.82375                     0.37495
6     12     3.269          74.98             2.63155              5.25766                     0.439667
6     12     3.269          74.98             2.66424              6.36066                     0.483592
6     12     3.269          74.98             2.69693              7.3166                     0.51866
6     12     3.269          74.98             2.72962              6.28713                     0.480789
6     12     3.269          74.98             2.76231              9.41231                     0.588269
6     12     3.269          74.98             2.795              10.4785                     0.620696
6     12     3.269          74.98             2.82769              11.1771                     0.641052
6     12     3.269          74.98             2.86038              13.3464                     0.700502
6     12     3.269          74.98             2.89306              15.4788                     0.754392
6     12     3.269          74.98             2.92576              17.4642                     0.801315
6     12     3.269          74.98             2.95845              20.8468                     0.875483
6     12     3.269          74.98             2.99114              24.0455                     0.940254
6     12     3.269          74.98             3.02382              26.3618                     0.9845
6     12     3.269          74.98             3.05652              30.0017                     1.05027
6     12     3.269          74.98             3.08921              34.2667                     1.12244
6     12     3.269          74.98             3.1219              37.4654                     1.17366
6     12     3.269          74.98             3.15459              38.9728                     1.19704
6     12     3.269          74.98             3.18728              43.3481                     1.26245
6     12     3.269          74.98             3.21997              40.9215                     1.2266
*******************************************************************************************************
 Average angle 74.9514 +- 0.689574 deg 
 Average E' 0.24173 +- 0.00222398 GeV 
