*******************************************************************************************************
Z     A     E(GeV)     Theta(deg)     Energy Loss(GeV)     Sigma(nb/sr/GeV)     ERROR     Citation     
*******************************************************************************************************
6     12     1.2044          70             0.406667              0                     0
6     12     1.2044          70             0.42              0                     0
6     12     1.2044          70             0.433333              0                     0
6     12     1.2044          70             0.446667              0                     0
6     12     1.2044          70             0.46              0                     0
6     12     1.2044          70             0.473333              0                     0
6     12     1.2044          70             0.486667              0                     0
6     12     1.2044          70             0.5              0                     0
6     12     1.2044          70             0.513333              0.013545                     0.013545
6     12     1.2044          70             0.526667              0.121905                     0.0406351
6     12     1.2044          70             0.54              0.176085                     0.0488373
6     12     1.2044          70             0.553333              0.446986                     0.0778102
6     12     1.2044          70             0.566667              0.948152                     0.113326
6     12     1.2044          70             0.58              1.47641                     0.141414
6     12     1.2044          70             0.593333              2.27556                     0.175564
6     12     1.2044          70             0.606667              3.10181                     0.204973
6     12     1.2044          70             0.62              4.51049                     0.247173
6     12     1.2044          70             0.633333              5.66182                     0.276929
6     12     1.2044          70             0.646667              8.50627                     0.339437
6     12     1.2044          70             0.66              11.0663                     0.38716
6     12     1.2044          70             0.673333              13.1522                     0.422075
6     12     1.2044          70             0.686667              15.1433                     0.452898
6     12     1.2044          70             0.7              19.4642                     0.513462
6     12     1.2044          70             0.713333              21.6043                     0.540954
6     12     1.2044          70             0.726667              25.7491                     0.590569
6     12     1.2044          70             0.74              29.2979                     0.629953
6     12     1.2044          70             0.753333              32.5216                     0.663706
6     12     1.2044          70             0.766667              36.8289                     0.706292
6     12     1.2044          70             0.78              41.1227                     0.74633
*******************************************************************************************************
 Average mean_angle 1.5823e+07 +- 33273.9 deg 
 Average E' 53738.1 +- 113.005 GeV 
