*******************************************************************************************************
Z     A     E(GeV)     Theta(deg)     Energy Loss(GeV)     Sigma(nb/sr/GeV)     ERROR     Citation     
*******************************************************************************************************
6     12     1.204          55             0.00301              0                     0
6     12     1.204          55             0.00903              0                     0
6     12     1.204          55             0.01505              0                     0
6     12     1.204          55             0.02107              0                     0
6     12     1.204          55             0.02709              0                     0
6     12     1.204          55             0.03311              0                     0
6     12     1.204          55             0.03913              0                     0
6     12     1.204          55             0.04515              0                     0
6     12     1.204          55             0.05117              0                     0
6     12     1.204          55             0.05719              0                     0
6     12     1.204          55             0.06321              0                     0
6     12     1.204          55             0.06923              0                     0
6     12     1.204          55             0.07525              0                     0
6     12     1.204          55             0.08127              0                     0
6     12     1.204          55             0.08729              0                     0
6     12     1.204          55             0.09331              0                     0
6     12     1.204          55             0.09933              0                     0
6     12     1.204          55             0.10535              0                     0
6     12     1.204          55             0.11137              0                     0
6     12     1.204          55             0.11739              0                     0
6     12     1.204          55             0.12341              0                     0
6     12     1.204          55             0.12943              0                     0
6     12     1.204          55             0.13545              0                     0
6     12     1.204          55             0.14147              0                     0
6     12     1.204          55             0.14749              0                     0
6     12     1.204          55             0.15351              0                     0
6     12     1.204          55             0.15953              0                     0
6     12     1.204          55             0.16555              0                     0
6     12     1.204          55             0.17157              0                     0
6     12     1.204          55             0.17759              0                     0
6     12     1.204          55             0.18361              0                     0
6     12     1.204          55             0.18963              0                     0
6     12     1.204          55             0.19565              0                     0
6     12     1.204          55             0.20167              0                     0
6     12     1.204          55             0.20769              0                     0
6     12     1.204          55             0.21371              0                     0
6     12     1.204          55             0.21973              4.91505                     4.91505
6     12     1.204          55             0.22575              0                     0
6     12     1.204          55             0.23177              0                     0
6     12     1.204          55             0.23779              4.91505                     4.91505
6     12     1.204          55             0.24381              0                     0
6     12     1.204          55             0.24983              0                     0
6     12     1.204          55             0.25585              0                     0
6     12     1.204          55             0.26187              9.8301                     6.95093
6     12     1.204          55             0.26789              4.91505                     4.91505
6     12     1.204          55             0.27391              24.5753                     10.9904
6     12     1.204          55             0.27993              14.7452                     8.51312
6     12     1.204          55             0.28595              19.6602                     9.8301
6     12     1.204          55             0.29197              14.7452                     8.51312
6     12     1.204          55             0.29799              29.4903                     12.0394
6     12     1.204          55             0.30401              29.4903                     12.0394
6     12     1.204          55             0.31003              54.0656                     16.3014
6     12     1.204          55             0.31605              49.1505                     15.5428
6     12     1.204          55             0.32207              44.2355                     14.7452
6     12     1.204          55             0.32809              63.8957                     17.7215
6     12     1.204          55             0.33411              54.0656                     16.3014
6     12     1.204          55             0.34013              83.5559                     20.2653
6     12     1.204          55             0.34615              137.621                     26.008
6     12     1.204          55             0.35217              157.282                     27.8037
6     12     1.204          55             0.35819              137.621                     26.008
6     12     1.204          55             0.36421              113.046                     23.5718
6     12     1.204          55             0.37023              122.876                     24.5753
6     12     1.204          55             0.37625              152.367                     27.3658
6     12     1.204          55             0.38227              157.282                     27.8037
6     12     1.204          55             0.38829              167.112                     28.6594
6     12     1.204          55             0.39431              162.197                     28.2348
6     12     1.204          55             0.40033              289.988                     37.7532
6     12     1.204          55             0.40635              270.328                     36.451
6     12     1.204          55             0.41237              245.753                     34.7547
6     12     1.204          55             0.41839              240.837                     34.4054
6     12     1.204          55             0.42441              294.903                     38.0718
6     12     1.204          55             0.43043              235.922                     34.0525
6     12     1.204          55             0.43645              285.073                     37.4319
6     12     1.204          55             0.44247              265.413                     36.1181
6     12     1.204          55             0.44849              250.668                     35.1005
6     12     1.204          55             0.45451              245.753                     34.7547
6     12     1.204          55             0.46053              280.158                     37.1078
6     12     1.204          55             0.46655              240.837                     34.4054
6     12     1.204          55             0.47257              211.347                     32.2301
6     12     1.204          55             0.47859              231.007                     33.6959
6     12     1.204          55             0.48461              157.282                     27.8037
6     12     1.204          55             0.49063              235.922                     34.0525
6     12     1.204          55             0.49665              235.922                     34.0525
6     12     1.204          55             0.50267              186.772                     30.2984
6     12     1.204          55             0.50869              275.243                     36.7809
6     12     1.204          55             0.51471              221.177                     32.9712
6     12     1.204          55             0.52073              231.007                     33.6959
6     12     1.204          55             0.52675              196.602                     31.0855
6     12     1.204          55             0.53277              122.876                     24.5753
6     12     1.204          55             0.53879              142.536                     26.4684
6     12     1.204          55             0.54481              206.432                     31.8532
6     12     1.204          55             0.55083              122.876                     24.5753
6     12     1.204          55             0.55685              176.942                     29.4903
6     12     1.204          55             0.56287              142.536                     26.4684
6     12     1.204          55             0.56889              167.112                     28.6594
6     12     1.204          55             0.57491              142.536                     26.4684
6     12     1.204          55             0.58093              93.386                     21.4242
6     12     1.204          55             0.58695              63.8957                     17.7215
6     12     1.204          55             0.59297              98.301                     21.9808
6     12     1.204          55             0.59899              122.876                     24.5753
6     12     1.204          55             0.60501              98.301                     21.9808
6     12     1.204          55             0.61103              73.7258                     19.0359
6     12     1.204          55             0.61705              39.3204                     13.9019
6     12     1.204          55             0.62307              54.0656                     16.3014
6     12     1.204          55             0.62909              63.8957                     17.7215
6     12     1.204          55             0.63511              39.3204                     13.9019
6     12     1.204          55             0.64113              54.0656                     16.3014
6     12     1.204          55             0.64715              29.4903                     12.0394
6     12     1.204          55             0.65317              19.6602                     9.8301
6     12     1.204          55             0.65919              29.4903                     12.0394
6     12     1.204          55             0.66521              34.4054                     13.004
6     12     1.204          55             0.67123              29.4903                     12.0394
6     12     1.204          55             0.67725              49.1505                     15.5428
6     12     1.204          55             0.68327              29.4903                     12.0394
6     12     1.204          55             0.68929              24.5753                     10.9904
6     12     1.204          55             0.69531              14.7452                     8.51312
6     12     1.204          55             0.70133              9.8301                     6.95093
6     12     1.204          55             0.70735              9.8301                     6.95093
6     12     1.204          55             0.71337              34.4054                     13.004
6     12     1.204          55             0.71939              14.7452                     8.51312
6     12     1.204          55             0.72541              4.91505                     4.91505
6     12     1.204          55             0.73143              4.91505                     4.91505
6     12     1.204          55             0.73745              14.7452                     8.51312
6     12     1.204          55             0.74347              9.8301                     6.95093
6     12     1.204          55             0.74949              14.7452                     8.51312
6     12     1.204          55             0.75551              0                     0
6     12     1.204          55             0.76153              4.91505                     4.91505
6     12     1.204          55             0.76755              9.8301                     6.95093
6     12     1.204          55             0.77357              9.8301                     6.95093
6     12     1.204          55             0.77959              19.6602                     9.8301
6     12     1.204          55             0.78561              14.7452                     8.51312
6     12     1.204          55             0.79163              4.91505                     4.91505
6     12     1.204          55             0.79765              4.91505                     4.91505
6     12     1.204          55             0.80367              4.91505                     4.91505
6     12     1.204          55             0.80969              0                     0
6     12     1.204          55             0.81571              4.91505                     4.91505
6     12     1.204          55             0.82173              0                     0
6     12     1.204          55             0.82775              9.8301                     6.95093
6     12     1.204          55             0.83377              0                     0
6     12     1.204          55             0.83979              0                     0
6     12     1.204          55             0.84581              0                     0
6     12     1.204          55             0.85183              0                     0
6     12     1.204          55             0.85785              0                     0
6     12     1.204          55             0.86387              9.8301                     6.95093
6     12     1.204          55             0.86989              0                     0
6     12     1.204          55             0.87591              14.7452                     8.51312
6     12     1.204          55             0.88193              0                     0
6     12     1.204          55             0.88795              4.91505                     4.91505
6     12     1.204          55             0.89397              0                     0
6     12     1.204          55             0.89999              4.91505                     4.91505
6     12     1.204          55             0.90601              0                     0
6     12     1.204          55             0.91203              0                     0
6     12     1.204          55             0.91805              0                     0
6     12     1.204          55             0.92407              0                     0
6     12     1.204          55             0.93009              0                     0
6     12     1.204          55             0.93611              0                     0
6     12     1.204          55             0.94213              0                     0
6     12     1.204          55             0.94815              0                     0
6     12     1.204          55             0.95417              0                     0
6     12     1.204          55             0.96019              0                     0
6     12     1.204          55             0.96621              0                     0
6     12     1.204          55             0.97223              0                     0
6     12     1.204          55             0.97825              0                     0
6     12     1.204          55             0.98427              0                     0
6     12     1.204          55             0.99029              4.91505                     4.91505
6     12     1.204          55             0.99631              0                     0
6     12     1.204          55             1.00233              0                     0
6     12     1.204          55             1.00835              0                     0
6     12     1.204          55             1.01437              0                     0
6     12     1.204          55             1.02039              0                     0
6     12     1.204          55             1.02641              0                     0
6     12     1.204          55             1.03243              0                     0
6     12     1.204          55             1.03845              0                     0
6     12     1.204          55             1.04447              0                     0
6     12     1.204          55             1.05049              0                     0
6     12     1.204          55             1.05651              0                     0
6     12     1.204          55             1.06253              0                     0
6     12     1.204          55             1.06855              0                     0
6     12     1.204          55             1.07457              0                     0
6     12     1.204          55             1.08059              0                     0
6     12     1.204          55             1.08661              0                     0
6     12     1.204          55             1.09263              0                     0
6     12     1.204          55             1.09865              0                     0
6     12     1.204          55             1.10467              0                     0
6     12     1.204          55             1.11069              0                     0
6     12     1.204          55             1.11671              0                     0
6     12     1.204          55             1.12273              0                     0
6     12     1.204          55             1.12875              0                     0
6     12     1.204          55             1.13477              0                     0
6     12     1.204          55             1.14079              0                     0
6     12     1.204          55             1.14681              0                     0
6     12     1.204          55             1.15283              0                     0
6     12     1.204          55             1.15885              0                     0
6     12     1.204          55             1.16487              0                     0
6     12     1.204          55             1.17089              0                     0
6     12     1.204          55             1.17691              0                     0
6     12     1.204          55             1.18293              0                     0
6     12     1.204          55             1.18895              0                     0
6     12     1.204          55             1.19497              0                     0
*******************************************************************************************************
 Average mean_angle 108094 +- 2436.63 deg 
 Average E' 1428.18 +- 32.1936 GeV 
