*******************************************************************************************************
Z     A     E(GeV)     Theta(deg)     Energy Loss(GeV)     Sigma(nb/sr/GeV)     ERROR     Citation     
*******************************************************************************************************
6     12     2.3476          30             1.702              19.1038                     0.515191
6     12     2.3476          30             1.706              18.1868                     0.502674
6     12     2.3476          30             1.71              18.0896                     0.501329
6     12     2.3476          30             1.714              16.7558                     0.482493
6     12     2.3476          30             1.718              14.7412                     0.452558
6     12     2.3476          30             1.722              13.7269                     0.436712
6     12     2.3476          30             1.726              13.2685                     0.429357
6     12     2.3476          30             1.73              11.7401                     0.403873
6     12     2.3476          30             1.734              11.0455                     0.391742
6     12     2.3476          30             1.738              9.32265                     0.359897
6     12     2.3476          30             1.742              8.72522                     0.348174
6     12     2.3476          30             1.746              7.0302                     0.31253
6     12     2.3476          30             1.75              5.65472                     0.280294
6     12     2.3476          30             1.754              5.12676                     0.266889
6     12     2.3476          30             1.758              3.54289                     0.221864
6     12     2.3476          30             1.762              2.6398                     0.191511
6     12     2.3476          30             1.766              1.02813                     0.119518
6     12     2.3476          30             1.77              0.0277873                     0.0196486
6     12     2.3476          30             1.774              0                     0
6     12     2.3476          30             1.778              0                     0
6     12     2.3476          30             1.782              0                     0
6     12     2.3476          30             1.786              0                     0
6     12     2.3476          30             1.79              0                     0
6     12     2.3476          30             1.794              0                     0
6     12     2.3476          30             1.798              0                     0
6     12     2.3476          30             1.802              0                     0
6     12     2.3476          30             1.806              0                     0
6     12     2.3476          30             1.81              0                     0
6     12     2.3476          30             1.814              0                     0
6     12     2.3476          30             1.818              0                     0
6     12     2.3476          30             1.822              0                     0
6     12     2.3476          30             1.826              0                     0
6     12     2.3476          30             1.83              0                     0
6     12     2.3476          30             1.834              0                     0
6     12     2.3476          30             1.838              0                     0
6     12     2.3476          30             1.842              0                     0
6     12     2.3476          30             1.846              0                     0
6     12     2.3476          30             1.85              0                     0
6     12     2.3476          30             1.854              0                     0
6     12     2.3476          30             1.858              0                     0
6     12     2.3476          30             1.862              0                     0
6     12     2.3476          30             1.866              0                     0
6     12     2.3476          30             1.87              0                     0
6     12     2.3476          30             1.874              0                     0
6     12     2.3476          30             1.878              0                     0
6     12     2.3476          30             1.882              0                     0
6     12     2.3476          30             1.886              0                     0
6     12     2.3476          30             1.89              0                     0
6     12     2.3476          30             1.894              0                     0
*******************************************************************************************************
 Average mean_angle 2.54418e+07 +- 27570.5 deg 
 Average E' 1.15183e+06 +- 1248.2 GeV 
