*******************************************************************************************************
Z     A     E(GeV)     Theta(deg)     Energy Loss(GeV)     Sigma(nb/sr/GeV)     ERROR     Citation     
*******************************************************************************************************
6     12     4.134          57.98             3.01              2.43069                     0.0278235
6     12     4.134          57.98             3.03              2.72721                     0.0294717
6     12     4.134          57.98             3.05              2.982                     0.0308177
6     12     4.134          57.98             3.07              3.32947                     0.0325637
6     12     4.134          57.98             3.09              3.55368                     0.0336423
6     12     4.134          57.98             3.11              3.86994                     0.0351073
6     12     4.134          57.98             3.13              4.09065                     0.0360946
6     12     4.134          57.98             3.15              4.37092                     0.0373106
6     12     4.134          57.98             3.17              4.63749                     0.0384315
6     12     4.134          57.98             3.19              5.0579                     0.0401357
6     12     4.134          57.98             3.21              5.27447                     0.040986
6     12     4.134          57.98             3.23              5.6385                     0.0423768
6     12     4.134          57.98             3.25              5.95507                     0.0435501
6     12     4.134          57.98             3.27              6.41847                     0.0452129
6     12     4.134          57.98             3.29              6.63504                     0.0459693
6     12     4.134          57.98             3.31              7.22011                     0.0479532
6     12     4.134          57.98             3.33              7.69624                     0.0495091
6     12     4.134          57.98             3.35              8.23672                     0.0512181
6     12     4.134          57.98             3.37              8.73802                     0.0527536
6     12     4.134          57.98             3.39              9.43646                     0.0548215
6     12     4.134          57.98             3.41              10.1031                     0.0567247
6     12     4.134          57.98             3.43              10.8206                     0.0587046
6     12     4.134          57.98             3.45              11.4168                     0.0603002
6     12     4.134          57.98             3.47              12.3471                     0.0627088
6     12     4.134          57.98             3.49              13.2042                     0.0648487
6     12     4.134          57.98             3.51              13.9714                     0.0667062
6     12     4.134          57.98             3.53              14.9673                     0.0690427
6     12     4.134          57.98             3.55              15.9613                     0.0712985
6     12     4.134          57.98             3.57              16.9079                     0.0733821
6     12     4.134          57.98             3.59              17.9827                     0.0756788
6     12     4.134          57.98             3.61              19.0729                     0.077939
6     12     4.134          57.98             3.63              20.1348                     0.0800791
6     12     4.134          57.98             3.65              21.4093                     0.0825748
6     12     4.134          57.98             3.67              22.5263                     0.0847014
6     12     4.134          57.98             3.69              23.8025                     0.0870677
6     12     4.134          57.98             3.71              24.9356                     0.0891161
6     12     4.134          57.98             3.73              26.3179                     0.0915528
6     12     4.134          57.98             3.75              27.5775                     0.0937181
6     12     4.134          57.98             3.77              29.1142                     0.0962938
6     12     4.134          57.98             3.79              30.3353                     0.0982924
6     12     4.134          57.98             3.81              31.9503                     0.100875
6     12     4.134          57.98             3.83              33.4039                     0.103144
6     12     4.134          57.98             3.85              34.8342                     0.105329
6     12     4.134          57.98             3.87              36.3168                     0.107547
6     12     4.134          57.98             3.89              37.9834                     0.109987
6     12     4.134          57.98             3.91              35.3304                     0.106077
6     12     4.134          57.98             3.93              17.3907                     0.0744225
6     12     4.134          57.98             3.95              1.03094                     0.0181202
6     12     4.134          57.98             3.97              0                     0
*******************************************************************************************************
 Average angle 57.82 +- 0.0381512 deg 
 Average E' 0.495293 +- 0.000326808 GeV 
