*******************************************************************************************************
Z     A     E(GeV)     Theta(deg)     Energy Loss(GeV)     Sigma(nb/sr/GeV)     ERROR     Citation     
*******************************************************************************************************
6     12     0.1999          90             0.0009995              1242.27                     14.2069
6     12     0.1999          90             0.0029985              2430.44                     19.8716
6     12     0.1999          90             0.0049975              3661.5                     24.3905
6     12     0.1999          90             0.0069965              4817.83                     27.978
6     12     0.1999          90             0.0089955              5920.53                     31.015
6     12     0.1999          90             0.0109945              7092.29                     33.9457
6     12     0.1999          90             0.0129935              8141.38                     36.3698
6     12     0.1999          90             0.0149925              9247.34                     38.7614
6     12     0.1999          90             0.0169915              10128.1                     40.5654
6     12     0.1999          90             0.0189905              11040.2                     42.3526
6     12     0.1999          90             0.0209895              11850.3                     43.879
6     12     0.1999          90             0.0229885              12527.4                     45.115
6     12     0.1999          90             0.0249875              13249.9                     46.3978
6     12     0.1999          90             0.0269865              13776.8                     47.3113
6     12     0.1999          90             0.0289855              14292.5                     48.1887
6     12     0.1999          90             0.0309845              14787.7                     49.0164
6     12     0.1999          90             0.0329835              15215.3                     49.7201
6     12     0.1999          90             0.0349825              15690.2                     50.4901
6     12     0.1999          90             0.0369815              15807.7                     50.6787
6     12     0.1999          90             0.0389805              16112                     51.1642
6     12     0.1999          90             0.0409795              16149.2                     51.2232
6     12     0.1999          90             0.0429785              16130                     51.1928
6     12     0.1999          90             0.0449775              16046.4                     51.0599
6     12     0.1999          90             0.0469765              15840.8                     50.7318
6     12     0.1999          90             0.0489755              15677.9                     50.4702
6     12     0.1999          90             0.0509745              15331.5                     49.9095
6     12     0.1999          90             0.0529735              15034.6                     49.424
6     12     0.1999          90             0.0549725              14575.3                     48.6632
6     12     0.1999          90             0.0569715              14101.1                     47.8649
6     12     0.1999          90             0.0589705              13703.3                     47.1851
6     12     0.1999          90             0.0609695              13019.8                     45.9932
6     12     0.1999          90             0.0629685              12467.4                     45.0069
6     12     0.1999          90             0.0649675              11919.7                     44.0072
6     12     0.1999          90             0.0669665              11309.5                     42.8659
6     12     0.1999          90             0.0689655              10771.7                     41.8343
6     12     0.1999          90             0.0709645              10085.1                     40.4791
6     12     0.1999          90             0.0729635              9525.82                     39.3407
6     12     0.1999          90             0.0749625              8871.38                     37.9653
6     12     0.1999          90             0.0769615              8252.03                     36.6161
6     12     0.1999          90             0.0789605              7688.41                     35.3435
6     12     0.1999          90             0.0809595              7103.99                     33.9737
6     12     0.1999          90             0.0829585              6603.57                     32.7552
6     12     0.1999          90             0.0849575              5999.33                     31.2207
6     12     0.1999          90             0.0869565              5495.67                     29.8814
6     12     0.1999          90             0.0889555              5089.81                     28.7569
6     12     0.1999          90             0.0909545              4629.36                     27.4253
6     12     0.1999          90             0.0929535              4218.79                     26.1809
6     12     0.1999          90             0.0949525              3823.65                     24.9247
6     12     0.1999          90             0.0969515              3467.83                     23.7367
6     12     0.1999          90             0.0989505              3222.17                     22.8805
6     12     0.1999          90             0.100949              2902.1                     21.7144
6     12     0.1999          90             0.102948              2603.64                     20.5675
6     12     0.1999          90             0.104947              2420.2                     19.8298
6     12     0.1999          90             0.106946              2196.8                     18.8924
6     12     0.1999          90             0.108946              2018.73                     18.1105
6     12     0.1999          90             0.110945              1881.44                     17.4838
6     12     0.1999          90             0.112943              1732.94                     16.7797
6     12     0.1999          90             0.114942              1608.81                     16.1675
6     12     0.1999          90             0.116941              1544.15                     15.8393
6     12     0.1999          90             0.11894              1441.63                     15.3044
6     12     0.1999          90             0.120939              1368.51                     14.9113
6     12     0.1999          90             0.122938              1299.46                     14.5303
6     12     0.1999          90             0.124937              1283.22                     14.4391
6     12     0.1999          90             0.126936              1250.07                     14.2514
6     12     0.1999          90             0.128935              1231.06                     14.1427
6     12     0.1999          90             0.130934              1217.58                     14.065
6     12     0.1999          90             0.132933              1213.35                     14.0406
6     12     0.1999          90             0.134932              1185.57                     13.8789
6     12     0.1999          90             0.136931              1185.89                     13.8808
6     12     0.1999          90             0.13893              1181.34                     13.8541
6     12     0.1999          90             0.140929              1149.99                     13.669
6     12     0.1999          90             0.142928              1201.49                     13.9718
6     12     0.1999          90             0.144927              1203.12                     13.9812
6     12     0.1999          90             0.146926              1207.18                     14.0048
6     12     0.1999          90             0.148925              965.417                     12.5242
6     12     0.1999          90             0.150924              174.821                     5.32953
6     12     0.1999          90             0.152923              0                     0
6     12     0.1999          90             0.154922              0                     0
6     12     0.1999          90             0.156921              0                     0
6     12     0.1999          90             0.15892              0                     0
6     12     0.1999          90             0.160919              0                     0
6     12     0.1999          90             0.162918              0                     0
6     12     0.1999          90             0.164917              0                     0
6     12     0.1999          90             0.166916              0                     0
6     12     0.1999          90             0.168915              0                     0
6     12     0.1999          90             0.170914              0                     0
6     12     0.1999          90             0.172913              0                     0
6     12     0.1999          90             0.174912              0                     0
6     12     0.1999          90             0.176911              0                     0
6     12     0.1999          90             0.17891              0                     0
6     12     0.1999          90             0.180909              0                     0
6     12     0.1999          90             0.182908              0                     0
6     12     0.1999          90             0.184907              0                     0
6     12     0.1999          90             0.186906              0                     0
6     12     0.1999          90             0.188905              0                     0
6     12     0.1999          90             0.190904              0                     0
6     12     0.1999          90             0.192903              0                     0
6     12     0.1999          90             0.194902              0                     0
6     12     0.1999          90             0.196901              0                     0
*******************************************************************************************************
 Average angle 89.9712 +- 0.0488182 deg 
 Average E' 0.147322 +- 7.99366e-05 GeV 
