*******************************************************************************************************
Z     A     E(GeV)     Theta(deg)     Energy Loss(GeV)     Sigma(nb/sr/GeV)     ERROR     Citation     
*******************************************************************************************************
6     12     0.24          60             0.0012              12661.1                     49.0127
6     12     0.24          60             0.0036              19800.4                     61.2928
6     12     0.24          60             0.006              26264.1                     70.5917
6     12     0.24          60             0.0084              32367.6                     78.3661
6     12     0.24          60             0.0108              38020                     84.9334
6     12     0.24          60             0.0132              42811.2                     90.1262
6     12     0.24          60             0.0156              47339.9                     94.7733
6     12     0.24          60             0.018              50357.1                     97.7468
6     12     0.24          60             0.0204              53431.1                     100.686
6     12     0.24          60             0.0228              55292.4                     102.425
6     12     0.24          60             0.0252              56759.6                     103.775
6     12     0.24          60             0.0276              57367.2                     104.329
6     12     0.24          60             0.03              57734.7                     104.662
6     12     0.24          60             0.0324              57815.9                     104.736
6     12     0.24          60             0.0348              57906.8                     104.818
6     12     0.24          60             0.0372              57093.2                     104.079
6     12     0.24          60             0.0396              56578.3                     103.609
6     12     0.24          60             0.042              55184.9                     102.325
6     12     0.24          60             0.0444              53597.2                     100.842
6     12     0.24          60             0.0468              51652.2                     98.9958
6     12     0.24          60             0.0492              49498                     96.9094
6     12     0.24          60             0.0516              47245.2                     94.6785
6     12     0.24          60             0.054              44778                     92.1732
6     12     0.24          60             0.0564              42125.3                     89.4013
6     12     0.24          60             0.0588              39517.4                     86.5898
6     12     0.24          60             0.0612              36755.8                     83.5094
6     12     0.24          60             0.0636              33978.7                     80.2926
6     12     0.24          60             0.066              31334.7                     77.1055
6     12     0.24          60             0.0684              28662.5                     73.7445
6     12     0.24          60             0.0708              26300.1                     70.6401
6     12     0.24          60             0.0732              23750.9                     67.1293
6     12     0.24          60             0.0756              21582.4                     63.9915
6     12     0.24          60             0.078              19378.8                     60.6368
6     12     0.24          60             0.0804              17252.7                     57.2138
6     12     0.24          60             0.0828              15421.8                     54.0928
6     12     0.24          60             0.0852              13800.7                     51.1708
6     12     0.24          60             0.0876              12174.3                     48.0611
6     12     0.24          60             0.09              10789.4                     45.2451
6     12     0.24          60             0.0924              9567.52                     42.6061
6     12     0.24          60             0.0948              8484.33                     40.1219
6     12     0.24          60             0.0972              7525.6                     37.7871
6     12     0.24          60             0.0996              6607.48                     35.4071
6     12     0.24          60             0.102              5830.52                     33.2603
6     12     0.24          60             0.1044              5302.11                     31.7174
6     12     0.24          60             0.1068              4760.8                     30.0547
6     12     0.24          60             0.1092              4227.27                     28.3206
6     12     0.24          60             0.1116              3889.92                     27.1671
6     12     0.24          60             0.114              3610.83                     26.1743
6     12     0.24          60             0.1164              3314.65                     25.0779
6     12     0.24          60             0.1188              3100.25                     24.2533
6     12     0.24          60             0.1212              2910.14                     23.4979
6     12     0.24          60             0.1236              2836.33                     23.198
6     12     0.24          60             0.126              2708.26                     22.6682
6     12     0.24          60             0.1284              2659.12                     22.4616
6     12     0.24          60             0.1308              2563.68                     22.0549
6     12     0.24          60             0.1332              2526.31                     21.8935
6     12     0.24          60             0.1356              2506                     21.8054
6     12     0.24          60             0.138              2502.21                     21.7889
6     12     0.24          60             0.1404              2427.27                     21.4601
6     12     0.24          60             0.1428              2405.64                     21.3642
6     12     0.24          60             0.1452              2407.53                     21.3727
6     12     0.24          60             0.1476              2393.68                     21.3111
6     12     0.24          60             0.15              2416.45                     21.4122
6     12     0.24          60             0.1524              2369.97                     21.2053
6     12     0.24          60             0.1548              1778.75                     18.3709
6     12     0.24          60             0.1572              996.482                     13.7501
6     12     0.24          60             0.1596              259.746                     7.02015
6     12     0.24          60             0.162              0                     0
6     12     0.24          60             0.1644              0                     0
6     12     0.24          60             0.1668              0                     0
6     12     0.24          60             0.1692              0                     0
6     12     0.24          60             0.1716              0                     0
6     12     0.24          60             0.174              0                     0
6     12     0.24          60             0.1764              0                     0
6     12     0.24          60             0.1788              0                     0
6     12     0.24          60             0.1812              0                     0
6     12     0.24          60             0.1836              0                     0
6     12     0.24          60             0.186              0                     0
6     12     0.24          60             0.1884              0                     0
6     12     0.24          60             0.1908              0                     0
6     12     0.24          60             0.1932              0                     0
6     12     0.24          60             0.1956              0                     0
6     12     0.24          60             0.198              0                     0
6     12     0.24          60             0.2004              0                     0
6     12     0.24          60             0.2028              0                     0
6     12     0.24          60             0.2052              0                     0
6     12     0.24          60             0.2076              0                     0
6     12     0.24          60             0.21              0                     0
6     12     0.24          60             0.2124              0                     0
6     12     0.24          60             0.2148              0                     0
6     12     0.24          60             0.2172              0                     0
6     12     0.24          60             0.2196              0                     0
6     12     0.24          60             0.222              0                     0
6     12     0.24          60             0.2244              0                     0
6     12     0.24          60             0.2268              0                     0
6     12     0.24          60             0.2292              0                     0
6     12     0.24          60             0.2316              0                     0
6     12     0.24          60             0.234              0                     0
6     12     0.24          60             0.2364              0                     0
*******************************************************************************************************
 Average angle 59.9614 +- 0.0209162 deg 
 Average E' 0.194612 +- 6.78861e-05 GeV 
