*******************************************************************************************************
Z     A     E(GeV)     Theta(deg)     Energy Loss(GeV)     Sigma(nb/sr/GeV)     ERROR     Citation     
*******************************************************************************************************
6     12     4.074          58.98             0.02037              0                     0
6     12     4.074          58.98             0.06111              0                     0
6     12     4.074          58.98             0.10185              0                     0
6     12     4.074          58.98             0.14259              0                     0
6     12     4.074          58.98             0.18333              0                     0
6     12     4.074          58.98             0.22407              0                     0
6     12     4.074          58.98             0.26481              0                     0
6     12     4.074          58.98             0.30555              0                     0
6     12     4.074          58.98             0.34629              0                     0
6     12     4.074          58.98             0.38703              0                     0
6     12     4.074          58.98             0.42777              0                     0
6     12     4.074          58.98             0.46851              0                     0
6     12     4.074          58.98             0.50925              0                     0
6     12     4.074          58.98             0.54999              0                     0
6     12     4.074          58.98             0.59073              0                     0
6     12     4.074          58.98             0.63147              0                     0
6     12     4.074          58.98             0.67221              0                     0
6     12     4.074          58.98             0.71295              0                     0
6     12     4.074          58.98             0.75369              0                     0
6     12     4.074          58.98             0.79443              0                     0
6     12     4.074          58.98             0.83517              0                     0
6     12     4.074          58.98             0.87591              0                     0
6     12     4.074          58.98             0.91665              0                     0
6     12     4.074          58.98             0.95739              0                     0
6     12     4.074          58.98             0.99813              0                     0
6     12     4.074          58.98             1.03887              0                     0
6     12     4.074          58.98             1.07961              0                     0
6     12     4.074          58.98             1.12035              0                     0
6     12     4.074          58.98             1.16109              0                     0
6     12     4.074          58.98             1.20183              0                     0
6     12     4.074          58.98             1.24257              0                     0
6     12     4.074          58.98             1.28331              0                     0
6     12     4.074          58.98             1.32405              0                     0
6     12     4.074          58.98             1.36479              0                     0
6     12     4.074          58.98             1.40553              0                     0
6     12     4.074          58.98             1.44627              0                     0
6     12     4.074          58.98             1.48701              0                     0
6     12     4.074          58.98             1.52775              0                     0
6     12     4.074          58.98             1.56849              0                     0
6     12     4.074          58.98             1.60923              0                     0
6     12     4.074          58.98             1.64997              0                     0
6     12     4.074          58.98             1.69071              0                     0
6     12     4.074          58.98             1.73145              0                     0
6     12     4.074          58.98             1.77219              0                     0
6     12     4.074          58.98             1.81293              0                     0
6     12     4.074          58.98             1.85367              0                     0
6     12     4.074          58.98             1.89441              0                     0
6     12     4.074          58.98             1.93515              0                     0
6     12     4.074          58.98             1.97589              0                     0
6     12     4.074          58.98             2.01663              0                     0
6     12     4.074          58.98             2.05737              0                     0
6     12     4.074          58.98             2.09811              0                     0
6     12     4.074          58.98             2.13885              0                     0
6     12     4.074          58.98             2.17959              0                     0
6     12     4.074          58.98             2.22033              0                     0
6     12     4.074          58.98             2.26107              0                     0
6     12     4.074          58.98             2.30181              0                     0
6     12     4.074          58.98             2.34255              0                     0
6     12     4.074          58.98             2.38329              0                     0
6     12     4.074          58.98             2.42403              0                     0
6     12     4.074          58.98             2.46477              0                     0
6     12     4.074          58.98             2.50551              0                     0
6     12     4.074          58.98             2.54625              0                     0
6     12     4.074          58.98             2.58699              0                     0
6     12     4.074          58.98             2.62773              0                     0
6     12     4.074          58.98             2.66847              0                     0
6     12     4.074          58.98             2.70921              0.033147                     0.033147
6     12     4.074          58.98             2.74995              0.132588                     0.066294
6     12     4.074          58.98             2.79069              0.397764                     0.114825
6     12     4.074          58.98             2.83143              0.464058                     0.124025
6     12     4.074          58.98             2.87217              0.861822                     0.169017
6     12     4.074          58.98             2.91291              1.25959                     0.204332
6     12     4.074          58.98             2.95365              2.15456                     0.26724
6     12     4.074          58.98             2.99439              2.45288                     0.285141
6     12     4.074          58.98             3.03513              3.41414                     0.336405
6     12     4.074          58.98             3.07587              3.9445                     0.361591
6     12     4.074          58.98             3.11661              4.20967                     0.373548
6     12     4.074          58.98             3.15735              5.0052                     0.407317
6     12     4.074          58.98             3.19809              6.56311                     0.46642
6     12     4.074          58.98             3.23883              7.1929                     0.488286
6     12     4.074          58.98             3.27957              8.08787                     0.517773
6     12     4.074          58.98             3.32031              9.14858                     0.55068
6     12     4.074          58.98             3.36105              9.81152                     0.570283
6     12     4.074          58.98             3.40179              10.607                     0.592952
6     12     4.074          58.98             3.44253              12.7947                     0.651236
6     12     4.074          58.98             3.48327              14.3858                     0.690541
6     12     4.074          58.98             3.52401              17.4022                     0.759494
6     12     4.074          58.98             3.56475              18.3966                     0.780892
6     12     4.074          58.98             3.60549              20.0208                     0.814635
6     12     4.074          58.98             3.64623              23.8327                     0.88881
6     12     4.074          58.98             3.68697              26.7828                     0.942215
6     12     4.074          58.98             3.72771              28.7385                     0.976009
6     12     4.074          58.98             3.76845              31.7548                     1.02595
6     12     4.074          58.98             3.80919              36.296                     1.09686
6     12     4.074          58.98             3.84993              38.1522                     1.12456
6     12     4.074          58.98             3.89067              42.2624                     1.18359
6     12     4.074          58.98             3.93141              46.3064                     1.23892
6     12     4.074          58.98             3.97215              51.2784                     1.30374
6     12     4.074          58.98             4.01289              49.3559                     1.27906
*******************************************************************************************************
 Average angle 58.9443 +- 0.45413 deg 
 Average E' 0.341199 +- 0.00262873 GeV 
