*******************************************************************************************************
Z     A     E(GeV)     Theta(deg)     Energy Loss(GeV)     Sigma(nb/sr/GeV)     ERROR     Citation     
*******************************************************************************************************
6     12     2.346          45             0.711              0                     0
6     12     2.346          45             0.733              0                     0
6     12     2.346          45             0.755              0                     0
6     12     2.346          45             0.777              0                     0
6     12     2.346          45             0.799              0                     0
6     12     2.346          45             0.821              0                     0
6     12     2.346          45             0.843              0                     0
6     12     2.346          45             0.865              0.00178797                     0.00178797
6     12     2.346          45             0.887              0.00715186                     0.00357593
6     12     2.346          45             0.909              0.0214556                     0.00619369
6     12     2.346          45             0.931              0.0965501                     0.0131388
6     12     2.346          45             0.953              0.350441                     0.0250315
6     12     2.346          45             0.975              0.792069                     0.0376323
6     12     2.346          45             0.997              1.45898                     0.0510745
6     12     2.346          45             1.019              2.61401                     0.0683648
6     12     2.346          45             1.041              3.99253                     0.0844896
6     12     2.346          45             1.063              5.68752                     0.100842
6     12     2.346          45             1.085              8.04942                     0.119967
6     12     2.346          45             1.107              10.6777                     0.138172
6     12     2.346          45             1.129              13.7834                     0.156985
6     12     2.346          45             1.151              16.8087                     0.173359
6     12     2.346          45             1.173              20.3989                     0.190978
6     12     2.346          45             1.195              23.4653                     0.204829
6     12     2.346          45             1.217              26.7301                     0.218615
6     12     2.346          45             1.239              30.492                     0.233492
6     12     2.346          45             1.261              33.1507                     0.243459
6     12     2.346          45             1.283              36.2653                     0.254639
6     12     2.346          45             1.305              40.0647                     0.267646
6     12     2.346          45             1.327              42.9434                     0.277094
6     12     2.346          45             1.349              47.6707                     0.291948
6     12     2.346          45             1.371              50.7103                     0.301112
6     12     2.346          45             1.393              55.0443                     0.313715
6     12     2.346          45             1.415              59.8968                     0.327251
6     12     2.346          45             1.437              63.6247                     0.337282
6     12     2.346          45             1.459              65.9616                     0.34342
6     12     2.346          45             1.481              69.0208                     0.351293
6     12     2.346          45             1.503              70.5334                     0.355122
6     12     2.346          45             1.525              70.6997                     0.35554
6     12     2.346          45             1.547              70.8142                     0.355828
6     12     2.346          45             1.569              69.5644                     0.352674
6     12     2.346          45             1.591              66.5427                     0.344929
6     12     2.346          45             1.613              63.2439                     0.336271
6     12     2.346          45             1.635              58.1661                     0.322489
6     12     2.346          45             1.657              52.1979                     0.305496
6     12     2.346          45             1.679              45.9525                     0.286638
6     12     2.346          45             1.701              39.734                     0.266539
6     12     2.346          45             1.723              34.6454                     0.248887
6     12     2.346          45             1.745              28.5431                     0.225907
6     12     2.346          45             1.767              23.4957                     0.204962
*******************************************************************************************************
 Average angle 3.75464e+07 +- 41071.6 deg 
 Average E' 717445 +- 784.803 GeV 
