*******************************************************************************************************
Z     A     E(GeV)     Theta(deg)     Energy Loss(GeV)     Sigma(nb/sr/GeV)     ERROR     Citation     
*******************************************************************************************************
6     12     1.65          11.95             0.00825              0                     0
6     12     1.65          11.95             0.02475              0                     0
6     12     1.65          11.95             0.04125              0                     0
6     12     1.65          11.95             0.05775              0                     0
6     12     1.65          11.95             0.07425              0                     0
6     12     1.65          11.95             0.09075              0                     0
6     12     1.65          11.95             0.10725              0                     0
6     12     1.65          11.95             0.12375              0                     0
6     12     1.65          11.95             0.14025              0                     0
6     12     1.65          11.95             0.15675              0                     0
6     12     1.65          11.95             0.17325              0                     0
6     12     1.65          11.95             0.18975              0                     0
6     12     1.65          11.95             0.20625              0                     0
6     12     1.65          11.95             0.22275              0                     0
6     12     1.65          11.95             0.23925              0                     0
6     12     1.65          11.95             0.25575              0                     0
6     12     1.65          11.95             0.27225              0                     0
6     12     1.65          11.95             0.28875              0                     0
6     12     1.65          11.95             0.30525              0                     0
6     12     1.65          11.95             0.32175              0                     0
6     12     1.65          11.95             0.33825              0                     0
6     12     1.65          11.95             0.35475              0                     0
6     12     1.65          11.95             0.37125              0                     0
6     12     1.65          11.95             0.38775              0                     0
6     12     1.65          11.95             0.40425              0                     0
6     12     1.65          11.95             0.42075              0                     0
6     12     1.65          11.95             0.43725              0                     0
6     12     1.65          11.95             0.45375              0                     0
6     12     1.65          11.95             0.47025              0                     0
6     12     1.65          11.95             0.48675              0                     0
6     12     1.65          11.95             0.50325              0                     0
6     12     1.65          11.95             0.51975              0                     0
6     12     1.65          11.95             0.53625              0                     0
6     12     1.65          11.95             0.55275              0                     0
6     12     1.65          11.95             0.56925              0                     0
6     12     1.65          11.95             0.58575              0                     0
6     12     1.65          11.95             0.60225              0                     0
6     12     1.65          11.95             0.61875              0                     0
6     12     1.65          11.95             0.63525              0                     0
6     12     1.65          11.95             0.65175              0                     0
6     12     1.65          11.95             0.66825              0                     0
6     12     1.65          11.95             0.68475              0                     0
6     12     1.65          11.95             0.70125              0                     0
6     12     1.65          11.95             0.71775              0                     0
6     12     1.65          11.95             0.73425              0                     0
6     12     1.65          11.95             0.75075              0                     0
6     12     1.65          11.95             0.76725              0                     0
6     12     1.65          11.95             0.78375              0                     0
6     12     1.65          11.95             0.80025              0                     0
6     12     1.65          11.95             0.81675              0                     0
6     12     1.65          11.95             0.83325              0                     0
6     12     1.65          11.95             0.84975              0                     0
6     12     1.65          11.95             0.86625              0                     0
6     12     1.65          11.95             0.88275              0                     0
6     12     1.65          11.95             0.89925              0                     0
6     12     1.65          11.95             0.91575              0                     0
6     12     1.65          11.95             0.93225              0                     0
6     12     1.65          11.95             0.94875              0                     0
6     12     1.65          11.95             0.96525              0                     0
6     12     1.65          11.95             0.98175              0                     0
6     12     1.65          11.95             0.99825              0                     0
6     12     1.65          11.95             1.01475              0                     0
6     12     1.65          11.95             1.03125              0                     0
6     12     1.65          11.95             1.04775              0                     0
6     12     1.65          11.95             1.06425              0                     0
6     12     1.65          11.95             1.08075              285.924                     20.5813
6     12     1.65          11.95             1.09725              7306.62                     104.041
6     12     1.65          11.95             1.11375              8266.62                     110.665
6     12     1.65          11.95             1.13025              7955.51                     108.563
6     12     1.65          11.95             1.14675              8216.25                     110.327
6     12     1.65          11.95             1.16325              7749.58                     107.148
6     12     1.65          11.95             1.17975              7543.66                     105.715
6     12     1.65          11.95             1.19625              7442.92                     105.007
6     12     1.65          11.95             1.21275              7007.37                     101.888
6     12     1.65          11.95             1.22925              6764.41                     100.106
6     12     1.65          11.95             1.24575              6394.04                     97.3272
6     12     1.65          11.95             1.26225              6272.56                     96.3982
6     12     1.65          11.95             1.27875              6038.48                     94.5825
6     12     1.65          11.95             1.29525              5352.56                     89.0487
6     12     1.65          11.95             1.31175              4617.75                     82.7108
6     12     1.65          11.95             1.32825              3767.39                     74.708
6     12     1.65          11.95             1.34475              3077.02                     67.5168
6     12     1.65          11.95             1.36125              2474.06                     60.5413
6     12     1.65          11.95             1.37775              1734.8                     50.6958
6     12     1.65          11.95             1.39425              1242.96                     42.9116
6     12     1.65          11.95             1.41075              548.145                     28.4967
6     12     1.65          11.95             1.42725              97.7772                     12.0355
6     12     1.65          11.95             1.44375              0                     0
6     12     1.65          11.95             1.46025              0                     0
6     12     1.65          11.95             1.47675              0                     0
6     12     1.65          11.95             1.49325              0                     0
6     12     1.65          11.95             1.50975              0                     0
6     12     1.65          11.95             1.52625              0                     0
6     12     1.65          11.95             1.54275              0                     0
6     12     1.65          11.95             1.55925              0                     0
6     12     1.65          11.95             1.57575              0                     0
6     12     1.65          11.95             1.59225              0                     0
6     12     1.65          11.95             1.60875              0                     0
6     12     1.65          11.95             1.62525              0                     0
*******************************************************************************************************
 Average angle 890146 +- 3264.4 deg 
 Average E' 32428.8 +- 118.925 GeV 
