*******************************************************************************************************
Z     A     E(GeV)     Theta(deg)     Energy Loss(GeV)     Sigma(nb/sr/GeV)     ERROR     Citation     
*******************************************************************************************************
6     12     4.045          15             0.020225              0                     0
6     12     4.045          15             0.060675              0                     0
6     12     4.045          15             0.101125              0                     0
6     12     4.045          15             0.141575              0                     0
6     12     4.045          15             0.182025              0                     0
6     12     4.045          15             0.222475              0                     0
6     12     4.045          15             0.262925              0                     0
6     12     4.045          15             0.303375              0                     0
6     12     4.045          15             0.343825              0                     0
6     12     4.045          15             0.384275              0                     0
6     12     4.045          15             0.424725              1.24058                     0.374048
6     12     4.045          15             0.465175              7.10512                     0.895161
6     12     4.045          15             0.505625              23.7965                     1.63822
6     12     4.045          15             0.546075              51.4275                     2.40831
6     12     4.045          15             0.586525              98.1183                     3.32652
6     12     4.045          15             0.626975              164.884                     4.31226
6     12     4.045          15             0.667425              240.897                     5.21232
6     12     4.045          15             0.707875              327.399                     6.07651
6     12     4.045          15             0.748325              418.638                     6.87124
6     12     4.045          15             0.788775              497.922                     7.4937
6     12     4.045          15             0.829225              602.469                     8.24295
6     12     4.045          15             0.869675              713.219                     8.96864
6     12     4.045          15             0.910125              802.766                     9.51502
6     12     4.045          15             0.950575              910.809                     10.1351
6     12     4.045          15             0.991025              1009.6                     10.6706
6     12     4.045          15             1.03147              1111.56                     11.1965
6     12     4.045          15             1.07193              1213.06                     11.6965
6     12     4.045          15             1.11237              1323.58                     12.2177
6     12     4.045          15             1.15282              1410.31                     12.6117
6     12     4.045          15             1.19327              1542.49                     13.1894
6     12     4.045          15             1.23372              1688.65                     13.8002
6     12     4.045          15             1.27417              1804.02                     14.2638
6     12     4.045          15             1.31462              1967.22                     14.895
6     12     4.045          15             1.35508              2107.74                     15.4179
6     12     4.045          15             1.39552              1939.25                     14.7888
6     12     4.045          15             1.43598              1207.53                     11.6698
6     12     4.045          15             1.47642              556.117                     7.91951
6     12     4.045          15             1.51687              69.3595                     2.79684
6     12     4.045          15             1.55732              0                     0
6     12     4.045          15             1.59777              0                     0
6     12     4.045          15             1.63822              0                     0
6     12     4.045          15             1.67867              0                     0
6     12     4.045          15             1.71913              0                     0
6     12     4.045          15             1.75957              0                     0
6     12     4.045          15             1.80002              0                     0
6     12     4.045          15             1.84047              0                     0
6     12     4.045          15             1.88092              0                     0
6     12     4.045          15             1.92137              0                     0
6     12     4.045          15             1.96182              0                     0
6     12     4.045          15             2.00228              0                     0
6     12     4.045          15             2.04272              0                     0
6     12     4.045          15             2.08317              0                     0
6     12     4.045          15             2.12363              0                     0
6     12     4.045          15             2.16407              0                     0
6     12     4.045          15             2.20452              0                     0
6     12     4.045          15             2.24497              0                     0
6     12     4.045          15             2.28543              0                     0
6     12     4.045          15             2.32587              0                     0
6     12     4.045          15             2.36632              0                     0
6     12     4.045          15             2.40678              0                     0
6     12     4.045          15             2.44722              0                     0
6     12     4.045          15             2.48767              0                     0
6     12     4.045          15             2.52812              0                     0
6     12     4.045          15             2.56858              0                     0
6     12     4.045          15             2.60902              0                     0
6     12     4.045          15             2.64947              0                     0
6     12     4.045          15             2.68993              0                     0
6     12     4.045          15             2.73037              0                     0
6     12     4.045          15             2.77082              0                     0
6     12     4.045          15             2.81127              0                     0
6     12     4.045          15             2.85173              0                     0
6     12     4.045          15             2.89217              0                     0
6     12     4.045          15             2.93262              0                     0
6     12     4.045          15             2.97308              0                     0
6     12     4.045          15             3.01353              0                     0
6     12     4.045          15             3.05397              0                     0
6     12     4.045          15             3.09442              0                     0
6     12     4.045          15             3.13488              0                     0
6     12     4.045          15             3.17532              0                     0
6     12     4.045          15             3.21577              0                     0
6     12     4.045          15             3.25622              0                     0
6     12     4.045          15             3.29668              0                     0
6     12     4.045          15             3.33712              0                     0
6     12     4.045          15             3.37757              0                     0
6     12     4.045          15             3.41803              0                     0
6     12     4.045          15             3.45847              0                     0
6     12     4.045          15             3.49892              0                     0
6     12     4.045          15             3.53937              0                     0
6     12     4.045          15             3.57983              0                     0
6     12     4.045          15             3.62027              0                     0
6     12     4.045          15             3.66072              0                     0
6     12     4.045          15             3.70118              0                     0
6     12     4.045          15             3.74162              0                     0
6     12     4.045          15             3.78207              0                     0
6     12     4.045          15             3.82252              0                     0
6     12     4.045          15             3.86298              0                     0
6     12     4.045          15             3.90342              0                     0
6     12     4.045          15             3.94387              0                     0
6     12     4.045          15             3.98433              0                     0
*******************************************************************************************************
 Average mean_angle 3.12024e+06 +- 6790.67 deg 
 Average E' 609331 +- 1326.11 GeV 
