*******************************************************************************************************
Z     A     E(GeV)     Theta(deg)     Energy Loss(GeV)     Sigma(nb/sr/GeV)     ERROR     Citation     
*******************************************************************************************************
6     12     5.15          17.98             0.518              0                     0
6     12     5.15          17.98             0.554              0                     0
6     12     5.15          17.98             0.59              0                     0
6     12     5.15          17.98             0.626              0                     0
6     12     5.15          17.98             0.662              0                     0
6     12     5.15          17.98             0.698              0                     0
6     12     5.15          17.98             0.734              0                     0
6     12     5.15          17.98             0.77              0.000891389                     0.000891389
6     12     5.15          17.98             0.806              0.00356555                     0.00178278
6     12     5.15          17.98             0.842              0.0401125                     0.00597962
6     12     5.15          17.98             0.878              0.270982                     0.0155419
6     12     5.15          17.98             0.914              0.993007                     0.0297516
6     12     5.15          17.98             0.95              2.55115                     0.0476872
6     12     5.15          17.98             0.986              5.55513                     0.0703689
6     12     5.15          17.98             1.022              9.88104                     0.0938502
6     12     5.15          17.98             1.058              15.9755                     0.119333
6     12     5.15          17.98             1.094              23.0148                     0.143231
6     12     5.15          17.98             1.13              32.377                     0.169884
6     12     5.15          17.98             1.166              42.8384                     0.195411
6     12     5.15          17.98             1.202              54.3346                     0.220076
6     12     5.15          17.98             1.238              66.4031                     0.243292
6     12     5.15          17.98             1.274              79.1687                     0.26565
6     12     5.15          17.98             1.31              92.2694                     0.286789
6     12     5.15          17.98             1.346              105.161                     0.306168
6     12     5.15          17.98             1.382              118.855                     0.325494
6     12     5.15          17.98             1.418              132.909                     0.3442
6     12     5.15          17.98             1.454              148.473                     0.363796
6     12     5.15          17.98             1.49              162.548                     0.380649
6     12     5.15          17.98             1.526              177.609                     0.397893
6     12     5.15          17.98             1.562              192.101                     0.413807
6     12     5.15          17.98             1.598              204.465                     0.426917
6     12     5.15          17.98             1.634              213.91                     0.436666
6     12     5.15          17.98             1.67              220.897                     0.44374
6     12     5.15          17.98             1.706              224.765                     0.447609
6     12     5.15          17.98             1.742              225.651                     0.44849
6     12     5.15          17.98             1.778              221.727                     0.444572
6     12     5.15          17.98             1.814              214.844                     0.437618
6     12     5.15          17.98             1.85              204.622                     0.42708
6     12     5.15          17.98             1.886              190.421                     0.411994
6     12     5.15          17.98             1.922              175.424                     0.395438
6     12     5.15          17.98             1.958              158.254                     0.375587
6     12     5.15          17.98             1.994              140.872                     0.35436
6     12     5.15          17.98             2.03              122.446                     0.330373
6     12     5.15          17.98             2.066              105.736                     0.307004
6     12     5.15          17.98             2.102              89.9527                     0.283166
6     12     5.15          17.98             2.138              74.4827                     0.257668
6     12     5.15          17.98             2.174              61.4443                     0.234032
6     12     5.15          17.98             2.21              49.9891                     0.211092
6     12     5.15          17.98             2.246              39.8914                     0.18857
*******************************************************************************************************
 Average angle 8.91665e+07 +- 39613.4 deg 
 Average E' 1.74235e+07 +- 7740.64 GeV 
