*******************************************************************************************************
Z     A     E(GeV)     Theta(deg)     Energy Loss(GeV)     Sigma(nb/sr/GeV)     ERROR     Citation     
*******************************************************************************************************
6     12     0.44          145             0.0011              0                     0
6     12     0.44          145             0.0033              0                     0
6     12     0.44          145             0.0055              0                     0
6     12     0.44          145             0.0077              0                     0
6     12     0.44          145             0.0099              0                     0
6     12     0.44          145             0.0121              0                     0
6     12     0.44          145             0.0143              0                     0
6     12     0.44          145             0.0165              0                     0
6     12     0.44          145             0.0187              0                     0
6     12     0.44          145             0.0209              0                     0
6     12     0.44          145             0.0231              0                     0
6     12     0.44          145             0.0253              0                     0
6     12     0.44          145             0.0275              0                     0
6     12     0.44          145             0.0297              0                     0
6     12     0.44          145             0.0319              0                     0
6     12     0.44          145             0.0341              0                     0
6     12     0.44          145             0.0363              0                     0
6     12     0.44          145             0.0385              0                     0
6     12     0.44          145             0.0407              0                     0
6     12     0.44          145             0.0429              0                     0
6     12     0.44          145             0.0451              0                     0
6     12     0.44          145             0.0473              0                     0
6     12     0.44          145             0.0495              0                     0
6     12     0.44          145             0.0517              0                     0
6     12     0.44          145             0.0539              0                     0
6     12     0.44          145             0.0561              0                     0
6     12     0.44          145             0.0583              0                     0
6     12     0.44          145             0.0605              0                     0
6     12     0.44          145             0.0627              0                     0
6     12     0.44          145             0.0649              0                     0
6     12     0.44          145             0.0671              0                     0
6     12     0.44          145             0.0693              0                     0
6     12     0.44          145             0.0715              0                     0
6     12     0.44          145             0.0737              0                     0
6     12     0.44          145             0.0759              0                     0
6     12     0.44          145             0.0781              0                     0
6     12     0.44          145             0.0803              0                     0
6     12     0.44          145             0.0825              0                     0
6     12     0.44          145             0.0847              0                     0
6     12     0.44          145             0.0869              0                     0
6     12     0.44          145             0.0891              0                     0
6     12     0.44          145             0.0913              0                     0
6     12     0.44          145             0.0935              0                     0
6     12     0.44          145             0.0957              0                     0
6     12     0.44          145             0.0979              0                     0
6     12     0.44          145             0.1001              0                     0
6     12     0.44          145             0.1023              0                     0
6     12     0.44          145             0.1045              0                     0
6     12     0.44          145             0.1067              0                     0
6     12     0.44          145             0.1089              0                     0
6     12     0.44          145             0.1111              0                     0
6     12     0.44          145             0.1133              0                     0
6     12     0.44          145             0.1155              0                     0
6     12     0.44          145             0.1177              0                     0
6     12     0.44          145             0.1199              0                     0
6     12     0.44          145             0.1221              0                     0
6     12     0.44          145             0.1243              0                     0
6     12     0.44          145             0.1265              0                     0
6     12     0.44          145             0.1287              0                     0
6     12     0.44          145             0.1309              0                     0
6     12     0.44          145             0.1331              0                     0
6     12     0.44          145             0.1353              0                     0
6     12     0.44          145             0.1375              0                     0
6     12     0.44          145             0.1397              0                     0
6     12     0.44          145             0.1419              0                     0
6     12     0.44          145             0.1441              0                     0
6     12     0.44          145             0.1463              0                     0
6     12     0.44          145             0.1485              0                     0
6     12     0.44          145             0.1507              0                     0
6     12     0.44          145             0.1529              0                     0
6     12     0.44          145             0.1551              0                     0
6     12     0.44          145             0.1573              0                     0
6     12     0.44          145             0.1595              0                     0
6     12     0.44          145             0.1617              0                     0
6     12     0.44          145             0.1639              0                     0
6     12     0.44          145             0.1661              0                     0
6     12     0.44          145             0.1683              0                     0
6     12     0.44          145             0.1705              0                     0
6     12     0.44          145             0.1727              0                     0
6     12     0.44          145             0.1749              0                     0
6     12     0.44          145             0.1771              0                     0
6     12     0.44          145             0.1793              0                     0
6     12     0.44          145             0.1815              0                     0
6     12     0.44          145             0.1837              0                     0
6     12     0.44          145             0.1859              0                     0
6     12     0.44          145             0.1881              0                     0
6     12     0.44          145             0.1903              0                     0
6     12     0.44          145             0.1925              0                     0
6     12     0.44          145             0.1947              0                     0
6     12     0.44          145             0.1969              0                     0
6     12     0.44          145             0.1991              0                     0
6     12     0.44          145             0.2013              0                     0
6     12     0.44          145             0.2035              0                     0
6     12     0.44          145             0.2057              0                     0
6     12     0.44          145             0.2079              0                     0
6     12     0.44          145             0.2101              0                     0
6     12     0.44          145             0.2123              0                     0
6     12     0.44          145             0.2145              0                     0
6     12     0.44          145             0.2167              0                     0
6     12     0.44          145             0.2189              0                     0
6     12     0.44          145             0.2211              0                     0
6     12     0.44          145             0.2233              0                     0
6     12     0.44          145             0.2255              0                     0
6     12     0.44          145             0.2277              0                     0
6     12     0.44          145             0.2299              0                     0
6     12     0.44          145             0.2321              0                     0
6     12     0.44          145             0.2343              0                     0
6     12     0.44          145             0.2365              0                     0
6     12     0.44          145             0.2387              0                     0
6     12     0.44          145             0.2409              0                     0
6     12     0.44          145             0.2431              0                     0
6     12     0.44          145             0.2453              0                     0
6     12     0.44          145             0.2475              0                     0
6     12     0.44          145             0.2497              0                     0
6     12     0.44          145             0.2519              0                     0
6     12     0.44          145             0.2541              0                     0
6     12     0.44          145             0.2563              0.47396                     0.47396
6     12     0.44          145             0.2585              0                     0
6     12     0.44          145             0.2607              0.947919                     0.67028
6     12     0.44          145             0.2629              0                     0
6     12     0.44          145             0.2651              0.947919                     0.67028
6     12     0.44          145             0.2673              0.47396                     0.47396
6     12     0.44          145             0.2695              1.42188                     0.820922
6     12     0.44          145             0.2717              0.47396                     0.47396
6     12     0.44          145             0.2739              3.31772                     1.25398
6     12     0.44          145             0.2761              0.947919                     0.67028
6     12     0.44          145             0.2783              0.947919                     0.67028
6     12     0.44          145             0.2805              3.31772                     1.25398
6     12     0.44          145             0.2827              1.42188                     0.820922
6     12     0.44          145             0.2849              6.16147                     1.70889
6     12     0.44          145             0.2871              7.58335                     1.89584
6     12     0.44          145             0.2893              4.7396                     1.49879
6     12     0.44          145             0.2915              4.7396                     1.49879
6     12     0.44          145             0.2937              8.53127                     2.01084
6     12     0.44          145             0.2959              7.58335                     1.89584
6     12     0.44          145             0.2981              7.58335                     1.89584
6     12     0.44          145             0.3003              7.10939                     1.83564
6     12     0.44          145             0.3025              22.7501                     3.28369
6     12     0.44          145             0.3047              13.7448                     2.55235
6     12     0.44          145             0.3069              22.2761                     3.2493
6     12     0.44          145             0.3091              15.1667                     2.68112
6     12     0.44          145             0.3113              27.0157                     3.57832
6     12     0.44          145             0.3135              27.9636                     3.64055
6     12     0.44          145             0.3157              28.4376                     3.67127
6     12     0.44          145             0.3179              35.073                     4.07715
6     12     0.44          145             0.3201              47.396                     4.7396
6     12     0.44          145             0.3223              56.4012                     5.17029
6     12     0.44          145             0.3245              51.1876                     4.92553
6     12     0.44          145             0.3267              65.8804                     5.5879
6     12     0.44          145             0.3289              72.9898                     5.88168
6     12     0.44          145             0.3311              73.4637                     5.90075
6     12     0.44          145             0.3333              72.9898                     5.88168
6     12     0.44          145             0.3355              110.433                     7.23468
6     12     0.44          145             0.3377              112.328                     7.29651
6     12     0.44          145             0.3399              123.229                     7.64237
6     12     0.44          145             0.3421              151.667                     8.47845
6     12     0.44          145             0.3443              155.459                     8.58377
6     12     0.44          145             0.3465              167.782                     8.91749
6     12     0.44          145             0.3487              212.334                     10.0318
6     12     0.44          145             0.3509              222.287                     10.2643
6     12     0.44          145             0.3531              238.876                     10.6404
6     12     0.44          145             0.3553              274.423                     11.4046
6     12     0.44          145             0.3575              295.277                     11.83
6     12     0.44          145             0.3597              326.558                     12.4409
6     12     0.44          145             0.3619              336.985                     12.6379
6     12     0.44          145             0.3641              362.579                     13.1091
6     12     0.44          145             0.3663              391.965                     13.6299
6     12     0.44          145             0.3685              430.829                     14.2897
6     12     0.44          145             0.3707              473.486                     14.9804
6     12     0.44          145             0.3729              530.835                     15.8617
6     12     0.44          145             0.3751              551.689                     16.1703
6     12     0.44          145             0.3773              591.975                     16.7503
6     12     0.44          145             0.3795              608.09                     16.9768
6     12     0.44          145             0.3817              664.491                     17.7466
6     12     0.44          145             0.3839              691.981                     18.11
6     12     0.44          145             0.3861              730.846                     18.6116
6     12     0.44          145             0.3883              735.111                     18.6658
6     12     0.44          145             0.3905              840.33                     19.957
6     12     0.44          145             0.3927              831.799                     19.8555
6     12     0.44          145             0.3949              856.445                     20.1475
6     12     0.44          145             0.3971              991.997                     21.6833
6     12     0.44          145             0.3993              1016.64                     21.951
6     12     0.44          145             0.4015              1031.34                     22.1091
6     12     0.44          145             0.4037              1038.45                     22.1852
6     12     0.44          145             0.4059              1041.76                     22.2206
6     12     0.44          145             0.4081              1179.21                     23.641
6     12     0.44          145             0.4103              1215.23                     23.9994
6     12     0.44          145             0.4125              1215.23                     23.9994
6     12     0.44          145             0.4147              1214.76                     23.9947
6     12     0.44          145             0.4169              1313.34                     24.9494
6     12     0.44          145             0.4191              1332.77                     25.1333
6     12     0.44          145             0.4213              1385.86                     25.6289
6     12     0.44          145             0.4235              1367.37                     25.4574
6     12     0.44          145             0.4257              1446.05                     26.1796
6     12     0.44          145             0.4279              491.496                     15.2627
6     12     0.44          145             0.4301              0                     0
6     12     0.44          145             0.4323              0                     0
6     12     0.44          145             0.4345              0                     0
6     12     0.44          145             0.4367              0                     0
*******************************************************************************************************
 Average angle 9.17739e+06 +- 36476 deg 
 Average E' 2813.82 +- 11.1837 GeV 
