*******************************************************************************************************
Z     A     E(GeV)     Theta(deg)     Energy Loss(GeV)     Sigma(nb/sr/GeV)     ERROR     Citation     
*******************************************************************************************************
6     12     0.5568          90             0.002784              0                     0
6     12     0.5568          90             0.008352              0                     0
6     12     0.5568          90             0.01392              0                     0
6     12     0.5568          90             0.019488              0                     0
6     12     0.5568          90             0.025056              0                     0
6     12     0.5568          90             0.030624              0                     0
6     12     0.5568          90             0.036192              0                     0
6     12     0.5568          90             0.04176              0                     0
6     12     0.5568          90             0.047328              0                     0
6     12     0.5568          90             0.052896              0                     0
6     12     0.5568          90             0.058464              0                     0
6     12     0.5568          90             0.064032              0                     0
6     12     0.5568          90             0.0696              0                     0
6     12     0.5568          90             0.075168              0                     0
6     12     0.5568          90             0.080736              0                     0
6     12     0.5568          90             0.086304              0                     0
6     12     0.5568          90             0.091872              0                     0
6     12     0.5568          90             0.09744              0                     0
6     12     0.5568          90             0.103008              0                     0
6     12     0.5568          90             0.108576              0                     0
6     12     0.5568          90             0.114144              0                     0
6     12     0.5568          90             0.119712              0                     0
6     12     0.5568          90             0.12528              0                     0
6     12     0.5568          90             0.130848              0                     0
6     12     0.5568          90             0.136416              0                     0
6     12     0.5568          90             0.141984              0                     0
6     12     0.5568          90             0.147552              0                     0
6     12     0.5568          90             0.15312              0                     0
6     12     0.5568          90             0.158688              0                     0
6     12     0.5568          90             0.164256              0                     0
6     12     0.5568          90             0.169824              0                     0
6     12     0.5568          90             0.175392              0                     0
6     12     0.5568          90             0.18096              0                     0
6     12     0.5568          90             0.186528              0                     0
6     12     0.5568          90             0.192096              0                     0
6     12     0.5568          90             0.197664              0                     0
6     12     0.5568          90             0.203232              0                     0
6     12     0.5568          90             0.2088              0                     0
6     12     0.5568          90             0.214368              0                     0
6     12     0.5568          90             0.219936              0                     0
6     12     0.5568          90             0.225504              0                     0
6     12     0.5568          90             0.231072              0                     0
6     12     0.5568          90             0.23664              0                     0
6     12     0.5568          90             0.242208              0                     0
6     12     0.5568          90             0.247776              0                     0
6     12     0.5568          90             0.253344              0                     0
6     12     0.5568          90             0.258912              0.237418                     0.16788
6     12     0.5568          90             0.26448              0.118709                     0.118709
6     12     0.5568          90             0.270048              0.593545                     0.265442
6     12     0.5568          90             0.275616              0.593545                     0.265442
6     12     0.5568          90             0.281184              1.54322                     0.428012
6     12     0.5568          90             0.286752              2.96773                     0.593545
6     12     0.5568          90             0.29232              3.67998                     0.660944
6     12     0.5568          90             0.297888              4.51095                     0.731772
6     12     0.5568          90             0.303456              6.76642                     0.896234
6     12     0.5568          90             0.309024              10.4464                     1.11359
6     12     0.5568          90             0.314592              13.4141                     1.26189
6     12     0.5568          90             0.32016              23.0296                     1.65343
6     12     0.5568          90             0.325728              29.9147                     1.88445
6     12     0.5568          90             0.331296              42.4979                     2.24608
6     12     0.5568          90             0.336864              56.3868                     2.5872
6     12     0.5568          90             0.342432              72.1751                     2.92709
6     12     0.5568          90             0.348              93.3053                     3.32809
6     12     0.5568          90             0.353568              130.461                     3.93535
6     12     0.5568          90             0.359136              160.376                     4.36327
6     12     0.5568          90             0.364704              206.435                     4.95033
6     12     0.5568          90             0.370272              245.253                     5.39572
6     12     0.5568          90             0.37584              305.32                     6.02032
6     12     0.5568          90             0.381408              345.087                     6.40039
6     12     0.5568          90             0.386976              414.413                     7.01389
6     12     0.5568          90             0.392544              478.279                     7.53499
6     12     0.5568          90             0.398112              530.155                     7.93311
6     12     0.5568          90             0.40368              602.686                     8.45839
6     12     0.5568          90             0.409248              680.559                     8.98825
6     12     0.5568          90             0.414816              715.816                     9.21813
6     12     0.5568          90             0.420384              774.814                     9.59049
6     12     0.5568          90             0.425952              807.934                     9.79332
6     12     0.5568          90             0.43152              879.278                     10.2166
6     12     0.5568          90             0.437088              910.261                     10.395
6     12     0.5568          90             0.442656              925.812                     10.4834
6     12     0.5568          90             0.448224              948.248                     10.6097
6     12     0.5568          90             0.453792              960.475                     10.6779
6     12     0.5568          90             0.45936              961.069                     10.6812
6     12     0.5568          90             0.464928              975.907                     10.7633
6     12     0.5568          90             0.470496              959.763                     10.6739
6     12     0.5568          90             0.476064              956.202                     10.6541
6     12     0.5568          90             0.481632              928.305                     10.4975
6     12     0.5568          90             0.4872              923.319                     10.4693
6     12     0.5568          90             0.492768              892.811                     10.2949
6     12     0.5568          90             0.498336              877.735                     10.2076
6     12     0.5568          90             0.503904              835.593                     9.95954
6     12     0.5568          90             0.509472              815.175                     9.83711
6     12     0.5568          90             0.51504              781.818                     9.63374
6     12     0.5568          90             0.520608              744.306                     9.39978
6     12     0.5568          90             0.526176              711.78                     9.1921
6     12     0.5568          90             0.531744              688.275                     9.03906
6     12     0.5568          90             0.537312              510.805                     7.78699
6     12     0.5568          90             0.54288              0                     0
6     12     0.5568          90             0.548448              0                     0
*******************************************************************************************************
 Average angle 1.81516e+07 +- 40414.2 deg 
 Average E' 20072.5 +- 44.6911 GeV 
