*******************************************************************************************************
Z     A     E(GeV)     Theta(deg)     Energy Loss(GeV)     Sigma(nb/sr/GeV)     ERROR     Citation     
*******************************************************************************************************
6     12     1.204          16.01             0.00602              0                     0
6     12     1.204          16.01             0.01806              0                     0
6     12     1.204          16.01             0.0301              0                     0
6     12     1.204          16.01             0.04214              0                     0
6     12     1.204          16.01             0.05418              0                     0
6     12     1.204          16.01             0.06622              0                     0
6     12     1.204          16.01             0.07826              0                     0
6     12     1.204          16.01             0.0903              0                     0
6     12     1.204          16.01             0.10234              0                     0
6     12     1.204          16.01             0.11438              0                     0
6     12     1.204          16.01             0.12642              0                     0
6     12     1.204          16.01             0.13846              0                     0
6     12     1.204          16.01             0.1505              0                     0
6     12     1.204          16.01             0.16254              0                     0
6     12     1.204          16.01             0.17458              160.577                     34.2351
6     12     1.204          16.01             0.18662              620.41                     67.293
6     12     1.204          16.01             0.19866              1459.79                     103.223
6     12     1.204          16.01             0.2107              2408.65                     132.592
6     12     1.204          16.01             0.22274              3612.98                     162.391
6     12     1.204          16.01             0.23478              4532.65                     181.889
6     12     1.204          16.01             0.24682              5919.45                     207.86
6     12     1.204          16.01             0.25886              6335.49                     215.04
6     12     1.204          16.01             0.2709              6977.79                     225.678
6     12     1.204          16.01             0.28294              6744.23                     221.869
6     12     1.204          16.01             0.29498              7298.95                     230.813
6     12     1.204          16.01             0.30702              7700.39                     237.075
6     12     1.204          16.01             0.31906              7707.69                     237.188
6     12     1.204          16.01             0.3311              7634.7                     236.062
6     12     1.204          16.01             0.34314              7065.38                     227.09
6     12     1.204          16.01             0.35518              7510.62                     234.136
6     12     1.204          16.01             0.36722              7459.52                     233.338
6     12     1.204          16.01             0.37926              7218.66                     229.54
6     12     1.204          16.01             0.3913              7291.65                     230.698
6     12     1.204          16.01             0.40334              6904.8                     224.495
6     12     1.204          16.01             0.41538              6671.24                     220.665
6     12     1.204          16.01             0.42742              6715.03                     221.388
6     12     1.204          16.01             0.43946              6780.72                     222.468
6     12     1.204          16.01             0.4515              6795.32                     222.708
6     12     1.204          16.01             0.46354              6627.44                     219.939
6     12     1.204          16.01             0.47558              6423.07                     216.522
6     12     1.204          16.01             0.48762              6634.74                     220.061
6     12     1.204          16.01             0.49966              6576.35                     219.09
6     12     1.204          16.01             0.5117              6145.71                     211.795
6     12     1.204          16.01             0.52374              5992.44                     209.137
6     12     1.204          16.01             0.53578              6298.99                     214.42
6     12     1.204          16.01             0.54782              6218.7                     213.049
6     12     1.204          16.01             0.55986              5642.09                     202.932
6     12     1.204          16.01             0.5719              5992.44                     209.137
6     12     1.204          16.01             0.58394              5758.87                     205.021
6     12     1.204          16.01             0.59598              5612.89                     202.406
6     12     1.204          16.01             0.60802              5970.54                     208.755
6     12     1.204          16.01             0.62006              5605.59                     202.274
6     12     1.204          16.01             0.6321              5693.18                     203.848
6     12     1.204          16.01             0.64414              5766.17                     205.151
6     12     1.204          16.01             0.65618              5357.43                     197.746
6     12     1.204          16.01             0.66822              5320.93                     197.072
6     12     1.204          16.01             0.68026              5379.32                     198.15
6     12     1.204          16.01             0.6923              4934.09                     189.773
6     12     1.204          16.01             0.70434              4897.59                     189.069
6     12     1.204          16.01             0.71638              4561.84                     182.474
6     12     1.204          16.01             0.72842              4269.88                     176.538
6     12     1.204          16.01             0.74046              4861.1                     188.364
6     12     1.204          16.01             0.7525              4875.7                     188.646
6     12     1.204          16.01             0.76454              4430.46                     179.827
6     12     1.204          16.01             0.77658              4350.17                     178.19
6     12     1.204          16.01             0.78862              4262.58                     176.387
6     12     1.204          16.01             0.80066              4226.09                     175.63
6     12     1.204          16.01             0.8127              4043.62                     171.797
6     12     1.204          16.01             0.82474              3919.53                     169.14
6     12     1.204          16.01             0.83678              3642.17                     163.046
6     12     1.204          16.01             0.84882              3656.77                     163.373
6     12     1.204          16.01             0.86086              3620.28                     162.555
6     12     1.204          16.01             0.8729              3401.31                     157.563
6     12     1.204          16.01             0.88494              3233.43                     153.625
6     12     1.204          16.01             0.89698              3102.05                     150.472
6     12     1.204          16.01             0.90902              3262.63                     154.317
6     12     1.204          16.01             0.92106              3087.45                     150.117
6     12     1.204          16.01             0.9331              2759                     141.908
6     12     1.204          16.01             0.94514              2700.61                     140.398
6     12     1.204          16.01             0.95718              2445.15                     133.593
6     12     1.204          16.01             0.96922              1664.16                     110.212
6     12     1.204          16.01             0.98126              1547.38                     106.274
6     12     1.204          16.01             0.9933              1087.54                     89.095
6     12     1.204          16.01             1.00534              598.514                     66.0948
6     12     1.204          16.01             1.01738              233.566                     41.2891
6     12     1.204          16.01             1.02942              0                     0
6     12     1.204          16.01             1.04146              0                     0
6     12     1.204          16.01             1.0535              0                     0
6     12     1.204          16.01             1.06554              0                     0
6     12     1.204          16.01             1.07758              0                     0
6     12     1.204          16.01             1.08962              0                     0
6     12     1.204          16.01             1.10166              0                     0
6     12     1.204          16.01             1.1137              0                     0
6     12     1.204          16.01             1.12574              0                     0
6     12     1.204          16.01             1.13778              0                     0
6     12     1.204          16.01             1.14982              0                     0
6     12     1.204          16.01             1.16186              0                     0
6     12     1.204          16.01             1.1739              0                     0
6     12     1.204          16.01             1.18594              0                     0
*******************************************************************************************************
 Average mean_angle 756763 +- 3474.68 deg 
 Average E' 31350.9 +- 143.948 GeV 
