*******************************************************************************************************
Z     A     E(GeV)     Theta(deg)     Energy Loss(GeV)     Sigma(nb/sr/GeV)     ERROR     Citation     
*******************************************************************************************************
6     12     1.65          11.95             0.00825              97.7772                     12.0355
6     12     1.65          11.95             0.02475              1133.33                     40.9755
6     12     1.65          11.95             0.04125              3915.53                     76.1627
6     12     1.65          11.95             0.05775              7589.59                     106.037
6     12     1.65          11.95             0.07425              11159.9                     128.581
6     12     1.65          11.95             0.09075              14176.2                     144.92
6     12     1.65          11.95             0.10725              16745.1                     157.504
6     12     1.65          11.95             0.12375              19214.7                     168.719
6     12     1.65          11.95             0.14025              21835.4                     179.857
6     12     1.65          11.95             0.15675              25131.7                     192.956
6     12     1.65          11.95             0.17325              27734.7                     202.702
6     12     1.65          11.95             0.18975              31433.9                     215.797
6     12     1.65          11.95             0.20625              35145                     228.18
6     12     1.65          11.95             0.22275              39002.7                     240.378
6     12     1.65          11.95             0.23925              41491.6                     247.929
6     12     1.65          11.95             0.25575              43174.6                     252.907
6     12     1.65          11.95             0.27225              41899                     249.143
6     12     1.65          11.95             0.28875              39502                     241.911
6     12     1.65          11.95             0.30525              35026.5                     227.795
6     12     1.65          11.95             0.32175              29748                     209.931
6     12     1.65          11.95             0.33825              24158.4                     189.182
6     12     1.65          11.95             0.35475              19388                     169.478
6     12     1.65          11.95             0.37125              15380.7                     150.95
6     12     1.65          11.95             0.38775              12239.9                     134.659
6     12     1.65          11.95             0.40425              9940.68                     121.354
6     12     1.65          11.95             0.42075              8333.29                     111.11
6     12     1.65          11.95             0.43725              7574.77                     105.933
6     12     1.65          11.95             0.45375              7140.7                     102.853
6     12     1.65          11.95             0.47025              6635.52                     99.1481
6     12     1.65          11.95             0.48675              6860.7                     100.816
6     12     1.65          11.95             0.50325              6708.11                     99.6889
6     12     1.65          11.95             0.51975              6525.89                     98.3256
6     12     1.65          11.95             0.53625              6407.37                     97.4287
6     12     1.65          11.95             0.55275              6112.56                     95.1609
6     12     1.65          11.95             0.56925              5684.41                     91.7677
6     12     1.65          11.95             0.58575              5434.04                     89.7239
6     12     1.65          11.95             0.60225              5308.12                     88.6783
6     12     1.65          11.95             0.61875              5140.71                     87.2687
6     12     1.65          11.95             0.63525              4681.45                     83.2793
6     12     1.65          11.95             0.65175              4561.46                     82.2051
6     12     1.65          11.95             0.66825              4204.42                     78.9223
6     12     1.65          11.95             0.68475              4035.53                     77.321
6     12     1.65          11.95             0.70125              3648.87                     73.5235
6     12     1.65          11.95             0.71775              3088.87                     67.6467
6     12     1.65          11.95             0.73425              2877.02                     65.2857
6     12     1.65          11.95             0.75075              2362.95                     59.1663
6     12     1.65          11.95             0.76725              1976.28                     54.1093
6     12     1.65          11.95             0.78375              1671.1                     49.7563
6     12     1.65          11.95             0.80025              1453.32                     46.4011
6     12     1.65          11.95             0.81675              1133.33                     40.9755
6     12     1.65          11.95             0.83325              860.736                     35.7093
6     12     1.65          11.95             0.84975              588.145                     29.5181
6     12     1.65          11.95             0.86625              404.442                     24.478
6     12     1.65          11.95             0.88275              219.258                     18.0229
6     12     1.65          11.95             0.89925              108.148                     12.6577
6     12     1.65          11.95             0.91575              47.4071                     8.38048
6     12     1.65          11.95             0.93225              14.8147                     4.68483
6     12     1.65          11.95             0.94875              2.96295                     2.09512
6     12     1.65          11.95             0.96525              0                     0
6     12     1.65          11.95             0.98175              0                     0
6     12     1.65          11.95             0.99825              0                     0
6     12     1.65          11.95             1.01475              0                     0
6     12     1.65          11.95             1.03125              0                     0
6     12     1.65          11.95             1.04775              0                     0
6     12     1.65          11.95             1.06425              0                     0
6     12     1.65          11.95             1.08075              0                     0
6     12     1.65          11.95             1.09725              0                     0
6     12     1.65          11.95             1.11375              0                     0
6     12     1.65          11.95             1.13025              0                     0
6     12     1.65          11.95             1.14675              0                     0
6     12     1.65          11.95             1.16325              0                     0
6     12     1.65          11.95             1.17975              0                     0
6     12     1.65          11.95             1.19625              0                     0
6     12     1.65          11.95             1.21275              0                     0
6     12     1.65          11.95             1.22925              0                     0
6     12     1.65          11.95             1.24575              0                     0
6     12     1.65          11.95             1.26225              0                     0
6     12     1.65          11.95             1.27875              0                     0
6     12     1.65          11.95             1.29525              0                     0
6     12     1.65          11.95             1.31175              0                     0
6     12     1.65          11.95             1.32825              0                     0
6     12     1.65          11.95             1.34475              0                     0
6     12     1.65          11.95             1.36125              0                     0
6     12     1.65          11.95             1.37775              0                     0
6     12     1.65          11.95             1.39425              0                     0
6     12     1.65          11.95             1.41075              0                     0
6     12     1.65          11.95             1.42725              0                     0
6     12     1.65          11.95             1.44375              0                     0
6     12     1.65          11.95             1.46025              0                     0
6     12     1.65          11.95             1.47675              0                     0
6     12     1.65          11.95             1.49325              0                     0
6     12     1.65          11.95             1.50975              0                     0
6     12     1.65          11.95             1.52625              0                     0
6     12     1.65          11.95             1.54275              0                     0
6     12     1.65          11.95             1.55925              0                     0
6     12     1.65          11.95             1.57575              0                     0
6     12     1.65          11.95             1.59225              0                     0
6     12     1.65          11.95             1.60875              0                     0
6     12     1.65          11.95             1.62525              0                     0
*******************************************************************************************************
 Average mean_angle 5.48664e+06 +- 8050.76 deg 
 Average E' 628569 +- 922.323 GeV 
