*******************************************************************************************************
Z     A     E(GeV)     Theta(deg)     Energy Loss(GeV)     Sigma(nb/sr/GeV)     ERROR     Citation     
*******************************************************************************************************
6     12     5.15          17.98             0.518              0.106967                     0.00976467
6     12     5.15          17.98             0.554              0.324465                     0.0170066
6     12     5.15          17.98             0.59              0.782639                     0.0264128
6     12     5.15          17.98             0.626              1.78813                     0.0399239
6     12     5.15          17.98             0.662              3.84634                     0.0585541
6     12     5.15          17.98             0.698              7.33435                     0.0808564
6     12     5.15          17.98             0.734              12.5106                     0.105602
6     12     5.15          17.98             0.77              19.574                     0.132091
6     12     5.15          17.98             0.806              28.5414                     0.159504
6     12     5.15          17.98             0.842              37.2101                     0.182123
6     12     5.15          17.98             0.878              46.9851                     0.204651
6     12     5.15          17.98             0.914              56.0969                     0.223616
6     12     5.15          17.98             0.95              64.4688                     0.239722
6     12     5.15          17.98             0.986              71.0294                     0.251624
6     12     5.15          17.98             1.022              74.7715                     0.258167
6     12     5.15          17.98             1.058              77.2959                     0.262489
6     12     5.15          17.98             1.094              76.8662                     0.261759
6     12     5.15          17.98             1.13              75.5372                     0.259486
6     12     5.15          17.98             1.166              71.6534                     0.252727
6     12     5.15          17.98             1.202              66.5413                     0.243545
6     12     5.15          17.98             1.238              60.9541                     0.233096
6     12     5.15          17.98             1.274              54.2357                     0.219875
6     12     5.15          17.98             1.31              45.1016                     0.200507
6     12     5.15          17.98             1.346              35.6466                     0.178255
6     12     5.15          17.98             1.382              26.6267                     0.154061
6     12     5.15          17.98             1.418              19.0499                     0.130311
6     12     5.15          17.98             1.454              12.5944                     0.105955
6     12     5.15          17.98             1.49              8.16601                     0.0853176
6     12     5.15          17.98             1.526              4.68068                     0.0645934
6     12     5.15          17.98             1.562              2.24452                     0.0447296
6     12     5.15          17.98             1.598              0.515223                     0.0214304
6     12     5.15          17.98             1.634              0                     0
6     12     5.15          17.98             1.67              0                     0
6     12     5.15          17.98             1.706              0                     0
6     12     5.15          17.98             1.742              0                     0
6     12     5.15          17.98             1.778              0                     0
6     12     5.15          17.98             1.814              0                     0
6     12     5.15          17.98             1.85              0                     0
6     12     5.15          17.98             1.886              0                     0
6     12     5.15          17.98             1.922              0                     0
6     12     5.15          17.98             1.958              0                     0
6     12     5.15          17.98             1.994              0                     0
6     12     5.15          17.98             2.03              0                     0
6     12     5.15          17.98             2.066              0                     0
6     12     5.15          17.98             2.102              0                     0
6     12     5.15          17.98             2.138              0                     0
6     12     5.15          17.98             2.174              0                     0
6     12     5.15          17.98             2.21              0                     0
6     12     5.15          17.98             2.246              0                     0
*******************************************************************************************************
 Average mean_angle 2.06093e+07 +- 18871.3 deg 
 Average E' 4.84042e+06 +- 4432.23 GeV 
