*******************************************************************************************************
Z     A     E(GeV)     Theta(deg)     Energy Loss(GeV)     Sigma(nb/sr/GeV)     ERROR     Citation     
*******************************************************************************************************
6     12     1.204          55             0.00301              0                     0
6     12     1.204          55             0.00903              0                     0
6     12     1.204          55             0.01505              0                     0
6     12     1.204          55             0.02107              0                     0
6     12     1.204          55             0.02709              0                     0
6     12     1.204          55             0.03311              0                     0
6     12     1.204          55             0.03913              0                     0
6     12     1.204          55             0.04515              0                     0
6     12     1.204          55             0.05117              0                     0
6     12     1.204          55             0.05719              0                     0
6     12     1.204          55             0.06321              0                     0
6     12     1.204          55             0.06923              0                     0
6     12     1.204          55             0.07525              0                     0
6     12     1.204          55             0.08127              0                     0
6     12     1.204          55             0.08729              0                     0
6     12     1.204          55             0.09331              0                     0
6     12     1.204          55             0.09933              0                     0
6     12     1.204          55             0.10535              0                     0
6     12     1.204          55             0.11137              0                     0
6     12     1.204          55             0.11739              0                     0
6     12     1.204          55             0.12341              0                     0
6     12     1.204          55             0.12943              0                     0
6     12     1.204          55             0.13545              0                     0
6     12     1.204          55             0.14147              0                     0
6     12     1.204          55             0.14749              0                     0
6     12     1.204          55             0.15351              0                     0
6     12     1.204          55             0.15953              0                     0
6     12     1.204          55             0.16555              0                     0
6     12     1.204          55             0.17157              0                     0
6     12     1.204          55             0.17759              0                     0
6     12     1.204          55             0.18361              0                     0
6     12     1.204          55             0.18963              0                     0
6     12     1.204          55             0.19565              0                     0
6     12     1.204          55             0.20167              0                     0
6     12     1.204          55             0.20769              0                     0
6     12     1.204          55             0.21371              0                     0
6     12     1.204          55             0.21973              4.91505                     4.91505
6     12     1.204          55             0.22575              0                     0
6     12     1.204          55             0.23177              0                     0
6     12     1.204          55             0.23779              0                     0
6     12     1.204          55             0.24381              0                     0
6     12     1.204          55             0.24983              9.8301                     6.95093
6     12     1.204          55             0.25585              0                     0
6     12     1.204          55             0.26187              0                     0
6     12     1.204          55             0.26789              0                     0
6     12     1.204          55             0.27391              0                     0
6     12     1.204          55             0.27993              4.91505                     4.91505
6     12     1.204          55             0.28595              4.91505                     4.91505
6     12     1.204          55             0.29197              4.91505                     4.91505
6     12     1.204          55             0.29799              4.91505                     4.91505
6     12     1.204          55             0.30401              9.8301                     6.95093
6     12     1.204          55             0.31003              9.8301                     6.95093
6     12     1.204          55             0.31605              0                     0
6     12     1.204          55             0.32207              14.7452                     8.51312
6     12     1.204          55             0.32809              4.91505                     4.91505
6     12     1.204          55             0.33411              4.91505                     4.91505
6     12     1.204          55             0.34013              9.8301                     6.95093
6     12     1.204          55             0.34615              4.91505                     4.91505
6     12     1.204          55             0.35217              4.91505                     4.91505
6     12     1.204          55             0.35819              9.8301                     6.95093
6     12     1.204          55             0.36421              19.6602                     9.8301
6     12     1.204          55             0.37023              9.8301                     6.95093
6     12     1.204          55             0.37625              29.4903                     12.0394
6     12     1.204          55             0.38227              39.3204                     13.9019
6     12     1.204          55             0.38829              4.91505                     4.91505
6     12     1.204          55             0.39431              19.6602                     9.8301
6     12     1.204          55             0.40033              9.8301                     6.95093
6     12     1.204          55             0.40635              29.4903                     12.0394
6     12     1.204          55             0.41237              34.4054                     13.004
6     12     1.204          55             0.41839              19.6602                     9.8301
6     12     1.204          55             0.42441              54.0656                     16.3014
6     12     1.204          55             0.43043              39.3204                     13.9019
6     12     1.204          55             0.43645              19.6602                     9.8301
6     12     1.204          55             0.44247              44.2355                     14.7452
6     12     1.204          55             0.44849              34.4054                     13.004
6     12     1.204          55             0.45451              54.0656                     16.3014
6     12     1.204          55             0.46053              49.1505                     15.5428
6     12     1.204          55             0.46655              54.0656                     16.3014
6     12     1.204          55             0.47257              44.2355                     14.7452
6     12     1.204          55             0.47859              39.3204                     13.9019
6     12     1.204          55             0.48461              78.6408                     19.6602
6     12     1.204          55             0.49063              49.1505                     15.5428
6     12     1.204          55             0.49665              24.5753                     10.9904
6     12     1.204          55             0.50267              63.8957                     17.7215
6     12     1.204          55             0.50869              83.5559                     20.2653
6     12     1.204          55             0.51471              68.8107                     18.3904
6     12     1.204          55             0.52073              58.9806                     17.0262
6     12     1.204          55             0.52675              54.0656                     16.3014
6     12     1.204          55             0.53277              63.8957                     17.7215
6     12     1.204          55             0.53879              93.386                     21.4242
6     12     1.204          55             0.54481              108.131                     23.0536
6     12     1.204          55             0.55083              73.7258                     19.0359
6     12     1.204          55             0.55685              93.386                     21.4242
6     12     1.204          55             0.56287              58.9806                     17.0262
6     12     1.204          55             0.56889              83.5559                     20.2653
6     12     1.204          55             0.57491              98.301                     21.9808
6     12     1.204          55             0.58093              88.4709                     20.8528
6     12     1.204          55             0.58695              98.301                     21.9808
6     12     1.204          55             0.59297              88.4709                     20.8528
6     12     1.204          55             0.59899              78.6408                     19.6602
6     12     1.204          55             0.60501              63.8957                     17.7215
6     12     1.204          55             0.61103              68.8107                     18.3904
6     12     1.204          55             0.61705              88.4709                     20.8528
6     12     1.204          55             0.62307              44.2355                     14.7452
6     12     1.204          55             0.62909              54.0656                     16.3014
6     12     1.204          55             0.63511              103.216                     22.5236
6     12     1.204          55             0.64113              49.1505                     15.5428
6     12     1.204          55             0.64715              83.5559                     20.2653
6     12     1.204          55             0.65317              68.8107                     18.3904
6     12     1.204          55             0.65919              78.6408                     19.6602
6     12     1.204          55             0.66521              58.9806                     17.0262
6     12     1.204          55             0.67123              68.8107                     18.3904
6     12     1.204          55             0.67725              44.2355                     14.7452
6     12     1.204          55             0.68327              44.2355                     14.7452
6     12     1.204          55             0.68929              19.6602                     9.8301
6     12     1.204          55             0.69531              73.7258                     19.0359
6     12     1.204          55             0.70133              78.6408                     19.6602
6     12     1.204          55             0.70735              63.8957                     17.7215
6     12     1.204          55             0.71337              78.6408                     19.6602
6     12     1.204          55             0.71939              34.4054                     13.004
6     12     1.204          55             0.72541              19.6602                     9.8301
6     12     1.204          55             0.73143              9.8301                     6.95093
6     12     1.204          55             0.73745              54.0656                     16.3014
6     12     1.204          55             0.74347              44.2355                     14.7452
6     12     1.204          55             0.74949              29.4903                     12.0394
6     12     1.204          55             0.75551              39.3204                     13.9019
6     12     1.204          55             0.76153              24.5753                     10.9904
6     12     1.204          55             0.76755              39.3204                     13.9019
6     12     1.204          55             0.77357              39.3204                     13.9019
6     12     1.204          55             0.77959              39.3204                     13.9019
6     12     1.204          55             0.78561              14.7452                     8.51312
6     12     1.204          55             0.79163              34.4054                     13.004
6     12     1.204          55             0.79765              19.6602                     9.8301
6     12     1.204          55             0.80367              39.3204                     13.9019
6     12     1.204          55             0.80969              39.3204                     13.9019
6     12     1.204          55             0.81571              34.4054                     13.004
6     12     1.204          55             0.82173              34.4054                     13.004
6     12     1.204          55             0.82775              39.3204                     13.9019
6     12     1.204          55             0.83377              39.3204                     13.9019
6     12     1.204          55             0.83979              68.8107                     18.3904
6     12     1.204          55             0.84581              58.9806                     17.0262
6     12     1.204          55             0.85183              49.1505                     15.5428
6     12     1.204          55             0.85785              24.5753                     10.9904
6     12     1.204          55             0.86387              34.4054                     13.004
6     12     1.204          55             0.86989              44.2355                     14.7452
6     12     1.204          55             0.87591              58.9806                     17.0262
6     12     1.204          55             0.88193              24.5753                     10.9904
6     12     1.204          55             0.88795              19.6602                     9.8301
6     12     1.204          55             0.89397              49.1505                     15.5428
6     12     1.204          55             0.89999              29.4903                     12.0394
6     12     1.204          55             0.90601              49.1505                     15.5428
6     12     1.204          55             0.91203              44.2355                     14.7452
6     12     1.204          55             0.91805              68.8107                     18.3904
6     12     1.204          55             0.92407              34.4054                     13.004
6     12     1.204          55             0.93009              24.5753                     10.9904
6     12     1.204          55             0.93611              39.3204                     13.9019
6     12     1.204          55             0.94213              58.9806                     17.0262
6     12     1.204          55             0.94815              34.4054                     13.004
6     12     1.204          55             0.95417              39.3204                     13.9019
6     12     1.204          55             0.96019              34.4054                     13.004
6     12     1.204          55             0.96621              58.9806                     17.0262
6     12     1.204          55             0.97223              39.3204                     13.9019
6     12     1.204          55             0.97825              29.4903                     12.0394
6     12     1.204          55             0.98427              49.1505                     15.5428
6     12     1.204          55             0.99029              9.8301                     6.95093
6     12     1.204          55             0.99631              44.2355                     14.7452
6     12     1.204          55             1.00233              44.2355                     14.7452
6     12     1.204          55             1.00835              58.9806                     17.0262
6     12     1.204          55             1.01437              54.0656                     16.3014
6     12     1.204          55             1.02039              54.0656                     16.3014
6     12     1.204          55             1.02641              44.2355                     14.7452
6     12     1.204          55             1.03243              73.7258                     19.0359
6     12     1.204          55             1.03845              19.6602                     9.8301
6     12     1.204          55             1.04447              24.5753                     10.9904
6     12     1.204          55             1.05049              58.9806                     17.0262
6     12     1.204          55             1.05651              29.4903                     12.0394
6     12     1.204          55             1.06253              24.5753                     10.9904
6     12     1.204          55             1.06855              54.0656                     16.3014
6     12     1.204          55             1.07457              73.7258                     19.0359
6     12     1.204          55             1.08059              44.2355                     14.7452
6     12     1.204          55             1.08661              39.3204                     13.9019
6     12     1.204          55             1.09263              63.8957                     17.7215
6     12     1.204          55             1.09865              78.6408                     19.6602
6     12     1.204          55             1.10467              54.0656                     16.3014
6     12     1.204          55             1.11069              58.9806                     17.0262
6     12     1.204          55             1.11671              44.2355                     14.7452
6     12     1.204          55             1.12273              9.8301                     6.95093
6     12     1.204          55             1.12875              19.6602                     9.8301
6     12     1.204          55             1.13477              0                     0
6     12     1.204          55             1.14079              0                     0
6     12     1.204          55             1.14681              0                     0
6     12     1.204          55             1.15283              0                     0
6     12     1.204          55             1.15885              0                     0
6     12     1.204          55             1.16487              0                     0
6     12     1.204          55             1.17089              0                     0
6     12     1.204          55             1.17691              0                     0
6     12     1.204          55             1.18293              0                     0
6     12     1.204          55             1.18895              0                     0
6     12     1.204          55             1.19497              0                     0
*******************************************************************************************************
 Average mean_angle 70626.2 +- 1970.22 deg 
 Average E' 613.604 +- 17.1173 GeV 
