*******************************************************************************************************
Z     A     E(GeV)     Theta(deg)     Energy Loss(GeV)     Sigma(nb/sr/GeV)     ERROR     Citation     
*******************************************************************************************************
6     12     1.204          13.01             0.00602              0                     0
6     12     1.204          13.01             0.01806              0                     0
6     12     1.204          13.01             0.0301              0                     0
6     12     1.204          13.01             0.04214              0                     0
6     12     1.204          13.01             0.05418              0                     0
6     12     1.204          13.01             0.06622              0                     0
6     12     1.204          13.01             0.07826              0                     0
6     12     1.204          13.01             0.0903              0                     0
6     12     1.204          13.01             0.10234              0                     0
6     12     1.204          13.01             0.11438              0                     0
6     12     1.204          13.01             0.12642              0                     0
6     12     1.204          13.01             0.13846              0                     0
6     12     1.204          13.01             0.1505              0                     0
6     12     1.204          13.01             0.16254              0                     0
6     12     1.204          13.01             0.17458              62.5957                     23.6589
6     12     1.204          13.01             0.18662              98.3646                     29.6581
6     12     1.204          13.01             0.19866              339.805                     55.1237
6     12     1.204          13.01             0.2107              786.917                     83.8856
6     12     1.204          13.01             0.22274              1484.41                     115.213
6     12     1.204          13.01             0.23478              2369.69                     145.569
6     12     1.204          13.01             0.24682              3478.53                     176.369
6     12     1.204          13.01             0.25886              5749.86                     226.752
6     12     1.204          13.01             0.2709              8852.82                     281.361
6     12     1.204          13.01             0.28294              13073.6                     341.916
6     12     1.204          13.01             0.29498              20075.3                     423.696
6     12     1.204          13.01             0.30702              28042.9                     500.765
6     12     1.204          13.01             0.31906              37378.6                     578.142
6     12     1.204          13.01             0.3311              46249.3                     643.096
6     12     1.204          13.01             0.34314              54663.9                     699.155
6     12     1.204          13.01             0.35518              60395.9                     734.898
6     12     1.204          13.01             0.36722              64330.5                     758.458
6     12     1.204          13.01             0.37926              64929.6                     761.982
6     12     1.204          13.01             0.3913              64706                     760.669
6     12     1.204          13.01             0.40334              62694                     748.749
6     12     1.204          13.01             0.41538              60100.8                     733.1
6     12     1.204          13.01             0.42742              55585                     705.021
6     12     1.204          13.01             0.43946              51096                     675.953
6     12     1.204          13.01             0.4515              47599.5                     652.416
6     12     1.204          13.01             0.46354              43647.1                     624.742
6     12     1.204          13.01             0.47558              40606.7                     602.59
6     12     1.204          13.01             0.48762              35921                     566.757
6     12     1.204          13.01             0.49966              33023.7                     543.42
6     12     1.204          13.01             0.5117              30600.3                     523.102
6     12     1.204          13.01             0.52374              29062.3                     509.786
6     12     1.204          13.01             0.53578              26129.2                     483.377
6     12     1.204          13.01             0.54782              24090.4                     464.136
6     12     1.204          13.01             0.55986              22310.9                     446.665
6     12     1.204          13.01             0.5719              19896.5                     421.805
6     12     1.204          13.01             0.58394              20093.2                     423.885
6     12     1.204          13.01             0.59598              19467.3                     417.23
6     12     1.204          13.01             0.60802              18376.3                     405.371
6     12     1.204          13.01             0.62006              18081.2                     402.103
6     12     1.204          13.01             0.6321              18501.5                     406.749
6     12     1.204          13.01             0.64414              18689.3                     408.808
6     12     1.204          13.01             0.65618              19020.1                     412.411
6     12     1.204          13.01             0.66822              19359.9                     416.078
6     12     1.204          13.01             0.68026              19207.9                     414.442
6     12     1.204          13.01             0.6923              20343.6                     426.518
6     12     1.204          13.01             0.70434              21121.6                     434.597
6     12     1.204          13.01             0.71638              22400.3                     447.559
6     12     1.204          13.01             0.72842              22203.6                     445.589
6     12     1.204          13.01             0.74046              22051.6                     444.061
6     12     1.204          13.01             0.7525              22597                     449.52
6     12     1.204          13.01             0.76454              23482.3                     458.241
6     12     1.204          13.01             0.77658              24233.5                     465.512
6     12     1.204          13.01             0.78862              23464.4                     458.066
6     12     1.204          13.01             0.80066              22874.2                     452.269
6     12     1.204          13.01             0.8127              20808.6                     431.365
6     12     1.204          13.01             0.82474              19055.9                     412.798
6     12     1.204          13.01             0.83678              16847.2                     388.139
6     12     1.204          13.01             0.84882              14790.5                     363.675
6     12     1.204          13.01             0.86086              13771                     350.919
6     12     1.204          13.01             0.8729              11186.7                     316.282
6     12     1.204          13.01             0.88494              9729.16                     294.958
6     12     1.204          13.01             0.89698              8012.25                     267.67
6     12     1.204          13.01             0.90902              5901.88                     229.73
6     12     1.204          13.01             0.92106              3630.55                     180.181
6     12     1.204          13.01             0.9331              1770.56                     125.828
6     12     1.204          13.01             0.94514              134.134                     34.6331
6     12     1.204          13.01             0.95718              0                     0
6     12     1.204          13.01             0.96922              0                     0
6     12     1.204          13.01             0.98126              0                     0
6     12     1.204          13.01             0.9933              0                     0
6     12     1.204          13.01             1.00534              0                     0
6     12     1.204          13.01             1.01738              0                     0
6     12     1.204          13.01             1.02942              0                     0
6     12     1.204          13.01             1.04146              0                     0
6     12     1.204          13.01             1.0535              0                     0
6     12     1.204          13.01             1.06554              0                     0
6     12     1.204          13.01             1.07758              0                     0
6     12     1.204          13.01             1.08962              0                     0
6     12     1.204          13.01             1.10166              0                     0
6     12     1.204          13.01             1.1137              0                     0
6     12     1.204          13.01             1.12574              0                     0
6     12     1.204          13.01             1.13778              0                     0
6     12     1.204          13.01             1.14982              0                     0
6     12     1.204          13.01             1.16186              0                     0
6     12     1.204          13.01             1.1739              0                     0
6     12     1.204          13.01             1.18594              0                     0
*******************************************************************************************************
 Average angle 2.29092e+06 +- 5448.99 deg 
 Average E' 120914 +- 287.597 GeV 
