*******************************************************************************************************
Z     A     E(GeV)     Theta(deg)     Energy Loss(GeV)     Sigma(nb/sr/GeV)     ERROR     Citation     
*******************************************************************************************************
6     12     5.15          22.98             0.525              0                     0
6     12     5.15          22.98             0.575              0                     0
6     12     5.15          22.98             0.625              0.0010149                     0.000717645
6     12     5.15          22.98             0.675              0.00202981                     0.0010149
6     12     5.15          22.98             0.725              0.00253726                     0.0011347
6     12     5.15          22.98             0.775              0.00811922                     0.00202981
6     12     5.15          22.98             0.825              0.0126863                     0.00253726
6     12     5.15          22.98             0.875              0.0238502                     0.00347891
6     12     5.15          22.98             0.925              0.0329843                     0.0040912
6     12     5.15          22.98             0.975              0.0664761                     0.00580805
6     12     5.15          22.98             1.025              0.10758                     0.0073886
6     12     5.15          22.98             1.075              0.137012                     0.00833828
6     12     5.15          22.98             1.125              0.0172533                     0.00295892
6     12     5.15          22.98             1.175              0.00152235                     0.000878932
6     12     5.15          22.98             1.225              0.0177608                     0.00300212
6     12     5.15          22.98             1.275              0.0664761                     0.00580805
6     12     5.15          22.98             1.325              0.268949                     0.0116824
6     12     5.15          22.98             1.375              0.673895                     0.0184924
6     12     5.15          22.98             1.425              1.49952                     0.027585
6     12     5.15          22.98             1.475              2.90211                     0.0383755
6     12     5.15          22.98             1.525              4.85631                     0.0496421
6     12     5.15          22.98             1.575              7.85027                     0.063116
6     12     5.15          22.98             1.625              11.6364                     0.0768433
6     12     5.15          22.98             1.675              16.8849                     0.092565
6     12     5.15          22.98             1.725              22.745                     0.107434
6     12     5.15          22.98             1.775              30.1467                     0.123685
6     12     5.15          22.98             1.825              38.612                     0.139978
6     12     5.15          22.98             1.875              47.6989                     0.155579
6     12     5.15          22.98             1.925              58.2235                     0.171888
6     12     5.15          22.98             1.975              68.8124                     0.186866
6     12     5.15          22.98             2.025              79.6014                     0.200982
6     12     5.15          22.98             2.075              89.5723                     0.213198
6     12     5.15          22.98             2.125              99.0454                     0.224189
6     12     5.15          22.98             2.175              107.504                     0.233565
6     12     5.15          22.98             2.225              115.496                     0.242093
6     12     5.15          22.98             2.275              122                     0.248815
6     12     5.15          22.98             2.325              127.647                     0.254509
6     12     5.15          22.98             2.375              132.265                     0.259071
6     12     5.15          22.98             2.425              136.723                     0.263401
6     12     5.15          22.98             2.475              140.872                     0.267368
6     12     5.15          22.98             2.525              144.677                     0.270955
6     12     5.15          22.98             2.575              149.967                     0.275864
6     12     5.15          22.98             2.625              154.041                     0.279586
6     12     5.15          22.98             2.675              158.84                     0.283908
6     12     5.15          22.98             2.725              163.458                     0.288005
6     12     5.15          22.98             2.775              169.045                     0.292886
6     12     5.15          22.98             2.825              173.741                     0.296926
6     12     5.15          22.98             2.875              178.773                     0.301195
6     12     5.15          22.98             2.925              184.469                     0.305956
*******************************************************************************************************
 Average angle 22.7924 +- 0.00553581 deg 
 Average E' 1.94676 +- 0.00047283 GeV 
