*******************************************************************************************************
Z     A     E(GeV)     Theta(deg)     Energy Loss(GeV)     Sigma(nb/sr/GeV)     ERROR     Citation     
*******************************************************************************************************
6     12     1.65          11.95             0.00825              93498.7                     372.177
6     12     1.65          11.95             0.02475              288281                     653.514
6     12     1.65          11.95             0.04125              458671                     824.324
6     12     1.65          11.95             0.05775              544056                     897.777
6     12     1.65          11.95             0.07425              536541                     891.555
6     12     1.65          11.95             0.09075              464857                     829.863
6     12     1.65          11.95             0.10725              370232                     740.6
6     12     1.65          11.95             0.12375              273274                     636.277
6     12     1.65          11.95             0.14025              190757                     531.603
6     12     1.65          11.95             0.15675              126424                     432.775
6     12     1.65          11.95             0.17325              80989.2                     346.386
6     12     1.65          11.95             0.18975              50131.6                     272.523
6     12     1.65          11.95             0.20625              31253.2                     215.176
6     12     1.65          11.95             0.22275              19142.1                     168.4
6     12     1.65          11.95             0.23925              12037                     133.538
6     12     1.65          11.95             0.25575              7648.84                     106.45
6     12     1.65          11.95             0.27225              5005.9                     86.1168
6     12     1.65          11.95             0.28875              3254.8                     69.4398
6     12     1.65          11.95             0.30525              2075.54                     55.4514
6     12     1.65          11.95             0.32175              1365.92                     44.9841
6     12     1.65          11.95             0.33825              826.662                     34.9954
6     12     1.65          11.95             0.35475              620.737                     30.325
6     12     1.65          11.95             0.37125              346.665                     22.6622
6     12     1.65          11.95             0.38775              207.406                     17.529
6     12     1.65          11.95             0.40425              158.518                     15.3245
6     12     1.65          11.95             0.42075              118.518                     13.2507
6     12     1.65          11.95             0.43725              71.1107                     10.2639
6     12     1.65          11.95             0.45375              37.0368                     7.40736
6     12     1.65          11.95             0.47025              34.0739                     7.10489
6     12     1.65          11.95             0.48675              23.7036                     5.92589
6     12     1.65          11.95             0.50325              17.7777                     5.13197
6     12     1.65          11.95             0.51975              16.2962                     4.91349
6     12     1.65          11.95             0.53625              11.8518                     4.19024
6     12     1.65          11.95             0.55275              7.40736                     3.31267
6     12     1.65          11.95             0.56925              4.44442                     2.56599
6     12     1.65          11.95             0.58575              7.40736                     3.31267
6     12     1.65          11.95             0.60225              4.44442                     2.56599
6     12     1.65          11.95             0.61875              4.44442                     2.56599
6     12     1.65          11.95             0.63525              2.96295                     2.09512
6     12     1.65          11.95             0.65175              2.96295                     2.09512
6     12     1.65          11.95             0.66825              1.48147                     1.48147
6     12     1.65          11.95             0.68475              0                     0
6     12     1.65          11.95             0.70125              0                     0
6     12     1.65          11.95             0.71775              1.48147                     1.48147
6     12     1.65          11.95             0.73425              0                     0
6     12     1.65          11.95             0.75075              0                     0
6     12     1.65          11.95             0.76725              0                     0
6     12     1.65          11.95             0.78375              0                     0
6     12     1.65          11.95             0.80025              0                     0
6     12     1.65          11.95             0.81675              0                     0
6     12     1.65          11.95             0.83325              0                     0
6     12     1.65          11.95             0.84975              0                     0
6     12     1.65          11.95             0.86625              0                     0
6     12     1.65          11.95             0.88275              0                     0
6     12     1.65          11.95             0.89925              0                     0
6     12     1.65          11.95             0.91575              0                     0
6     12     1.65          11.95             0.93225              0                     0
6     12     1.65          11.95             0.94875              0                     0
6     12     1.65          11.95             0.96525              0                     0
6     12     1.65          11.95             0.98175              0                     0
6     12     1.65          11.95             0.99825              0                     0
6     12     1.65          11.95             1.01475              0                     0
6     12     1.65          11.95             1.03125              0                     0
6     12     1.65          11.95             1.04775              0                     0
6     12     1.65          11.95             1.06425              0                     0
6     12     1.65          11.95             1.08075              0                     0
6     12     1.65          11.95             1.09725              0                     0
6     12     1.65          11.95             1.11375              0                     0
6     12     1.65          11.95             1.13025              0                     0
6     12     1.65          11.95             1.14675              0                     0
6     12     1.65          11.95             1.16325              0                     0
6     12     1.65          11.95             1.17975              0                     0
6     12     1.65          11.95             1.19625              0                     0
6     12     1.65          11.95             1.21275              0                     0
6     12     1.65          11.95             1.22925              0                     0
6     12     1.65          11.95             1.24575              0                     0
6     12     1.65          11.95             1.26225              0                     0
6     12     1.65          11.95             1.27875              0                     0
6     12     1.65          11.95             1.29525              0                     0
6     12     1.65          11.95             1.31175              0                     0
6     12     1.65          11.95             1.32825              0                     0
6     12     1.65          11.95             1.34475              0                     0
6     12     1.65          11.95             1.36125              0                     0
6     12     1.65          11.95             1.37775              0                     0
6     12     1.65          11.95             1.39425              0                     0
6     12     1.65          11.95             1.41075              0                     0
6     12     1.65          11.95             1.42725              0                     0
6     12     1.65          11.95             1.44375              0                     0
6     12     1.65          11.95             1.46025              0                     0
6     12     1.65          11.95             1.47675              0                     0
6     12     1.65          11.95             1.49325              0                     0
6     12     1.65          11.95             1.50975              0                     0
6     12     1.65          11.95             1.52625              0                     0
6     12     1.65          11.95             1.54275              0                     0
6     12     1.65          11.95             1.55925              0                     0
6     12     1.65          11.95             1.57575              0                     0
6     12     1.65          11.95             1.59225              0                     0
6     12     1.65          11.95             1.60875              0                     0
6     12     1.65          11.95             1.62525              0                     0
*******************************************************************************************************
 Average mean_angle 2.824e+07 +- 18212.3 deg 
 Average E' 3.76219e+06 +- 2426.27 GeV 
