*******************************************************************************************************
Z     A     E(GeV)     Theta(deg)     Energy Loss(GeV)     Sigma(nb/sr/GeV)     ERROR     Citation     
*******************************************************************************************************
6     12     0.1609          60             0.0008045              59209.7                     96.2408
6     12     0.1609          60             0.0024135              75793.2                     108.887
6     12     0.1609          60             0.0040225              92822.4                     120.5
6     12     0.1609          60             0.0056315              107454                     129.65
6     12     0.1609          60             0.0072405              118867                     136.362
6     12     0.1609          60             0.0088495              130021                     142.616
6     12     0.1609          60             0.0104585              139300                     147.617
6     12     0.1609          60             0.0120675              145059                     150.638
6     12     0.1609          60             0.0136765              150203                     153.286
6     12     0.1609          60             0.0152855              153829                     155.125
6     12     0.1609          60             0.0168945              153499                     154.959
6     12     0.1609          60             0.0185035              152299                     154.352
6     12     0.1609          60             0.0201125              150233                     153.301
6     12     0.1609          60             0.0217215              145490                     150.862
6     12     0.1609          60             0.0233305              139882                     147.926
6     12     0.1609          60             0.0249395              134014                     144.79
6     12     0.1609          60             0.0265485              127220                     141.072
6     12     0.1609          60             0.0281575              120175                     137.11
6     12     0.1609          60             0.0297665              113093                     133.009
6     12     0.1609          60             0.0313755              100763                     125.549
6     12     0.1609          60             0.0329845              81028.7                     112.585
6     12     0.1609          60             0.0345935              62670.3                     99.0133
6     12     0.1609          60             0.0362025              46162.5                     84.9782
6     12     0.1609          60             0.0378115              31359.2                     70.0399
6     12     0.1609          60             0.0394205              18112.3                     53.2291
6     12     0.1609          60             0.0410295              6543.23                     31.9933
6     12     0.1609          60             0.0426385              77.2773                     3.47687
6     12     0.1609          60             0.0442475              0                     0
6     12     0.1609          60             0.0458565              0                     0
6     12     0.1609          60             0.0474655              0                     0
6     12     0.1609          60             0.0490745              0                     0
6     12     0.1609          60             0.0506835              0                     0
6     12     0.1609          60             0.0522925              0                     0
6     12     0.1609          60             0.0539015              0                     0
6     12     0.1609          60             0.0555105              0                     0
6     12     0.1609          60             0.0571195              0                     0
6     12     0.1609          60             0.0587285              0                     0
6     12     0.1609          60             0.0603375              0                     0
6     12     0.1609          60             0.0619465              0                     0
6     12     0.1609          60             0.0635555              0                     0
6     12     0.1609          60             0.0651645              0                     0
6     12     0.1609          60             0.0667735              0                     0
6     12     0.1609          60             0.0683825              0                     0
6     12     0.1609          60             0.0699915              0                     0
6     12     0.1609          60             0.0716005              0                     0
6     12     0.1609          60             0.0732095              0                     0
6     12     0.1609          60             0.0748185              0                     0
6     12     0.1609          60             0.0764275              0                     0
6     12     0.1609          60             0.0780365              0                     0
6     12     0.1609          60             0.0796455              0                     0
6     12     0.1609          60             0.0812545              0                     0
6     12     0.1609          60             0.0828635              0                     0
6     12     0.1609          60             0.0844725              0                     0
6     12     0.1609          60             0.0860815              0                     0
6     12     0.1609          60             0.0876905              0                     0
6     12     0.1609          60             0.0892995              0                     0
6     12     0.1609          60             0.0909085              0                     0
6     12     0.1609          60             0.0925175              0                     0
6     12     0.1609          60             0.0941265              0                     0
6     12     0.1609          60             0.0957355              0                     0
6     12     0.1609          60             0.0973445              0                     0
6     12     0.1609          60             0.0989535              0                     0
6     12     0.1609          60             0.100562              0                     0
6     12     0.1609          60             0.102171              0                     0
6     12     0.1609          60             0.10378              0                     0
6     12     0.1609          60             0.105389              0                     0
6     12     0.1609          60             0.106998              0                     0
6     12     0.1609          60             0.108607              0                     0
6     12     0.1609          60             0.110216              0                     0
6     12     0.1609          60             0.111825              0                     0
6     12     0.1609          60             0.113434              0                     0
6     12     0.1609          60             0.115043              0                     0
6     12     0.1609          60             0.116652              0                     0
6     12     0.1609          60             0.118261              0                     0
6     12     0.1609          60             0.11987              0                     0
6     12     0.1609          60             0.12148              0                     0
6     12     0.1609          60             0.123089              0                     0
6     12     0.1609          60             0.124698              0                     0
6     12     0.1609          60             0.126307              0                     0
6     12     0.1609          60             0.127916              0                     0
6     12     0.1609          60             0.129525              0                     0
6     12     0.1609          60             0.131134              0                     0
6     12     0.1609          60             0.132743              0                     0
6     12     0.1609          60             0.134352              0                     0
6     12     0.1609          60             0.135961              0                     0
6     12     0.1609          60             0.13757              0                     0
6     12     0.1609          60             0.139179              0                     0
6     12     0.1609          60             0.140788              0                     0
6     12     0.1609          60             0.142397              0                     0
6     12     0.1609          60             0.144006              0                     0
6     12     0.1609          60             0.145615              0                     0
6     12     0.1609          60             0.147224              0                     0
6     12     0.1609          60             0.148833              0                     0
6     12     0.1609          60             0.150442              0                     0
6     12     0.1609          60             0.152051              0                     0
6     12     0.1609          60             0.15366              0                     0
6     12     0.1609          60             0.155269              0                     0
6     12     0.1609          60             0.156878              0                     0
6     12     0.1609          60             0.158487              0                     0
*******************************************************************************************************
 Average mean_angle 1.05693e+09 +- 251845 deg 
 Average E' 2.50787e+06 +- 597.576 GeV 
