*******************************************************************************************************
Z     A     E(GeV)     Theta(deg)     Energy Loss(GeV)     Sigma(nb/sr/GeV)     ERROR     Citation     
*******************************************************************************************************
6     12     0.5568          36             0.002784              2115.33                     20.6691
6     12     0.5568          36             0.008352              8333.68                     41.0252
6     12     0.5568          36             0.01392              15810.2                     56.5069
6     12     0.5568          36             0.019488              23196.9                     68.446
6     12     0.5568          36             0.025056              30073.7                     77.9338
6     12     0.5568          36             0.030624              36834.1                     86.2497
6     12     0.5568          36             0.036192              44436.2                     94.733
6     12     0.5568          36             0.04176              50653                     101.143
6     12     0.5568          36             0.047328              55528.5                     105.899
6     12     0.5568          36             0.052896              58881.8                     109.049
6     12     0.5568          36             0.058464              60773.2                     110.787
6     12     0.5568          36             0.064032              61244.8                     111.216
6     12     0.5568          36             0.0696              60352.9                     110.403
6     12     0.5568          36             0.075168              58554.3                     108.746
6     12     0.5568          36             0.080736              55755.7                     106.115
6     12     0.5568          36             0.086304              52403.4                     102.876
6     12     0.5568          36             0.091872              48580.7                     99.0523
6     12     0.5568          36             0.09744              44300.5                     94.5882
6     12     0.5568          36             0.103008              40076.1                     89.9654
6     12     0.5568          36             0.108576              35586.6                     84.7765
6     12     0.5568          36             0.114144              31385.6                     79.6155
6     12     0.5568          36             0.119712              27283.6                     74.2307
6     12     0.5568          36             0.12528              23491.4                     68.879
6     12     0.5568          36             0.130848              19977.3                     63.5186
6     12     0.5568          36             0.136416              16745.9                     58.155
6     12     0.5568          36             0.141984              13956.6                     53.0913
6     12     0.5568          36             0.147552              11463                     48.1152
6     12     0.5568          36             0.15312              9590.88                     44.0111
6     12     0.5568          36             0.158688              7874.82                     39.8798
6     12     0.5568          36             0.164256              6373.65                     35.8779
6     12     0.5568          36             0.169824              5161.29                     32.2858
6     12     0.5568          36             0.175392              4130.28                     28.8817
6     12     0.5568          36             0.18096              3267.31                     25.6878
6     12     0.5568          36             0.186528              2670.72                     23.2245
6     12     0.5568          36             0.192096              2120.38                     20.6938
6     12     0.5568          36             0.197664              1700.7                     18.5331
6     12     0.5568          36             0.203232              1360.81                     16.5779
6     12     0.5568          36             0.2088              1045.95                     14.5341
6     12     0.5568          36             0.214368              850.05                     13.1025
6     12     0.5568          36             0.219936              688.683                     11.7935
6     12     0.5568          36             0.225504              530.347                     10.3493
6     12     0.5568          36             0.231072              425.934                     9.27478
6     12     0.5568          36             0.23664              337.273                     8.25322
6     12     0.5568          36             0.242208              269.415                     7.37638
6     12     0.5568          36             0.247776              201.96                     6.38654
6     12     0.5568          36             0.253344              158.539                     5.65848
6     12     0.5568          36             0.258912              126.629                     5.05707
6     12     0.5568          36             0.26448              92.4977                     4.32213
6     12     0.5568          36             0.270048              82.8036                     4.08938
6     12     0.5568          36             0.275616              57.9625                     3.42142
6     12     0.5568          36             0.281184              42.0077                     2.91271
6     12     0.5568          36             0.286752              31.5058                     2.52248
6     12     0.5568          36             0.29232              28.4764                     2.39814
6     12     0.5568          36             0.297888              22.2156                     2.11817
6     12     0.5568          36             0.303456              19.1862                     1.96846
6     12     0.5568          36             0.309024              14.7431                     1.72555
6     12     0.5568          36             0.314592              9.29016                     1.36976
6     12     0.5568          36             0.32016              10.3                     1.44228
6     12     0.5568          36             0.325728              5.85684                     1.08759
6     12     0.5568          36             0.331296              7.47252                     1.22847
6     12     0.5568          36             0.336864              3.63528                     0.856844
6     12     0.5568          36             0.342432              1.61568                     0.571229
6     12     0.5568          36             0.348              2.22156                     0.669825
6     12     0.5568          36             0.353568              1.81764                     0.60588
6     12     0.5568          36             0.359136              0.60588                     0.349805
6     12     0.5568          36             0.364704              2.0196                     0.638654
6     12     0.5568          36             0.370272              1.0098                     0.451596
6     12     0.5568          36             0.37584              0.60588                     0.349805
6     12     0.5568          36             0.381408              0.80784                     0.40392
6     12     0.5568          36             0.386976              0.60588                     0.349805
6     12     0.5568          36             0.392544              0.20196                     0.20196
6     12     0.5568          36             0.398112              0.60588                     0.349805
6     12     0.5568          36             0.40368              0                     0
6     12     0.5568          36             0.409248              0.20196                     0.20196
6     12     0.5568          36             0.414816              0.20196                     0.20196
6     12     0.5568          36             0.420384              0                     0
6     12     0.5568          36             0.425952              0                     0
6     12     0.5568          36             0.43152              0.20196                     0.20196
6     12     0.5568          36             0.437088              0                     0
6     12     0.5568          36             0.442656              0                     0
6     12     0.5568          36             0.448224              0                     0
6     12     0.5568          36             0.453792              0                     0
6     12     0.5568          36             0.45936              0                     0
6     12     0.5568          36             0.464928              0                     0
6     12     0.5568          36             0.470496              0                     0
6     12     0.5568          36             0.476064              0                     0
6     12     0.5568          36             0.481632              0                     0
6     12     0.5568          36             0.4872              0                     0
6     12     0.5568          36             0.492768              0                     0
6     12     0.5568          36             0.498336              0                     0
6     12     0.5568          36             0.503904              0                     0
6     12     0.5568          36             0.509472              0                     0
6     12     0.5568          36             0.51504              0                     0
6     12     0.5568          36             0.520608              0                     0
6     12     0.5568          36             0.526176              0                     0
6     12     0.5568          36             0.531744              0                     0
6     12     0.5568          36             0.537312              0                     0
6     12     0.5568          36             0.54288              0                     0
6     12     0.5568          36             0.548448              0                     0
*******************************************************************************************************
 Average mean_angle 1.84511e+08 +- 81421.9 deg 
 Average E' 2.45841e+06 +- 1084.85 GeV 
