*******************************************************************************************************
Z     A     E(GeV)     Theta(deg)     Energy Loss(GeV)     Sigma(nb/sr/GeV)     ERROR     Citation     
*******************************************************************************************************
6     12     0.32          36             0.0016              109148                     170.11
6     12     0.32          36             0.0048              164413                     208.781
6     12     0.32          36             0.008              208579                     235.157
6     12     0.32          36             0.0112              244676                     254.694
6     12     0.32          36             0.0144              271716                     268.398
6     12     0.32          36             0.0176              286286                     275.5
6     12     0.32          36             0.0208              293465                     278.933
6     12     0.32          36             0.024              291416                     277.958
6     12     0.32          36             0.0272              282531                     273.687
6     12     0.32          36             0.0304              271938                     268.508
6     12     0.32          36             0.0336              260628                     262.865
6     12     0.32          36             0.0368              246808                     255.801
6     12     0.32          36             0.04              231286                     247.626
6     12     0.32          36             0.0432              214451                     238.444
6     12     0.32          36             0.0464              197417                     228.778
6     12     0.32          36             0.0496              179649                     218.24
6     12     0.32          36             0.0528              161794                     207.111
6     12     0.32          36             0.056              143883                     195.311
6     12     0.32          36             0.0592              126580                     183.191
6     12     0.32          36             0.0624              110107                     170.856
6     12     0.32          36             0.0656              94528                     158.308
6     12     0.32          36             0.0688              80471.6                     146.064
6     12     0.32          36             0.072              67933                     134.203
6     12     0.32          36             0.0752              56294.4                     122.167
6     12     0.32          36             0.0784              46452.9                     110.976
6     12     0.32          36             0.0816              37955                     100.313
6     12     0.32          36             0.0848              30536.9                     89.9776
6     12     0.32          36             0.088              24598.4                     80.7562
6     12     0.32          36             0.0912              19289.4                     71.5124
6     12     0.32          36             0.0944              15257.2                     63.6003
6     12     0.32          36             0.0976              12039.9                     56.4981
6     12     0.32          36             0.1008              9105.58                     49.1333
6     12     0.32          36             0.104              7171.52                     43.6041
6     12     0.32          36             0.1072              5602.27                     38.5393
6     12     0.32          36             0.1104              4235.84                     33.5113
6     12     0.32          36             0.1136              3343.17                     29.7715
6     12     0.32          36             0.1168              2569.55                     26.1006
6     12     0.32          36             0.12              1996.63                     23.0075
6     12     0.32          36             0.1232              1574.82                     20.4332
6     12     0.32          36             0.1264              1225.39                     18.0243
6     12     0.32          36             0.1296              946.216                     15.8386
6     12     0.32          36             0.1328              737.301                     13.9812
6     12     0.32          36             0.136              570.54                     12.2989
6     12     0.32          36             0.1392              446.729                     10.8829
6     12     0.32          36             0.1424              351.815                     9.65783
6     12     0.32          36             0.1456              238.344                     7.94921
6     12     0.32          36             0.1488              169.412                     6.70184
6     12     0.32          36             0.152              117.714                     5.58644
6     12     0.32          36             0.1552              76.885                     4.51485
6     12     0.32          36             0.1584              50.9032                     3.67362
6     12     0.32          36             0.1616              21.2097                     2.37131
6     12     0.32          36             0.1648              13.5212                     1.89334
6     12     0.32          36             0.168              3.18145                     0.918406
6     12     0.32          36             0.1712              0                     0
6     12     0.32          36             0.1744              0                     0
6     12     0.32          36             0.1776              0                     0
6     12     0.32          36             0.1808              0                     0
6     12     0.32          36             0.184              0                     0
6     12     0.32          36             0.1872              0                     0
6     12     0.32          36             0.1904              0                     0
6     12     0.32          36             0.1936              0                     0
6     12     0.32          36             0.1968              0                     0
6     12     0.32          36             0.2              0                     0
6     12     0.32          36             0.2032              0                     0
6     12     0.32          36             0.2064              0                     0
6     12     0.32          36             0.2096              0                     0
6     12     0.32          36             0.2128              0                     0
6     12     0.32          36             0.216              0                     0
6     12     0.32          36             0.2192              0                     0
6     12     0.32          36             0.2224              0                     0
6     12     0.32          36             0.2256              0                     0
6     12     0.32          36             0.2288              0                     0
6     12     0.32          36             0.232              0                     0
6     12     0.32          36             0.2352              0                     0
6     12     0.32          36             0.2384              0                     0
6     12     0.32          36             0.2416              0                     0
6     12     0.32          36             0.2448              0                     0
6     12     0.32          36             0.248              0                     0
6     12     0.32          36             0.2512              0                     0
6     12     0.32          36             0.2544              0                     0
6     12     0.32          36             0.2576              0                     0
6     12     0.32          36             0.2608              0                     0
6     12     0.32          36             0.264              0                     0
6     12     0.32          36             0.2672              0                     0
6     12     0.32          36             0.2704              0                     0
6     12     0.32          36             0.2736              0                     0
6     12     0.32          36             0.2768              0                     0
6     12     0.32          36             0.28              0                     0
6     12     0.32          36             0.2832              0                     0
6     12     0.32          36             0.2864              0                     0
6     12     0.32          36             0.2896              0                     0
6     12     0.32          36             0.2928              0                     0
6     12     0.32          36             0.296              0                     0
6     12     0.32          36             0.2992              0                     0
6     12     0.32          36             0.3024              0                     0
6     12     0.32          36             0.3056              0                     0
6     12     0.32          36             0.3088              0                     0
6     12     0.32          36             0.312              0                     0
6     12     0.32          36             0.3152              0                     0
*******************************************************************************************************
 Average mean_angle 6.538e+08 +- 153293 deg 
 Average E' 5.17981e+06 +- 1214.48 GeV 
