*******************************************************************************************************
Z     A     E(GeV)     Theta(deg)     Energy Loss(GeV)     Sigma(nb/sr/GeV)     ERROR     Citation     
*******************************************************************************************************
6     12     2.015          35.51             0.010075              0                     0
6     12     2.015          35.51             0.030225              0                     0
6     12     2.015          35.51             0.050375              0                     0
6     12     2.015          35.51             0.070525              0                     0
6     12     2.015          35.51             0.090675              0                     0
6     12     2.015          35.51             0.110825              0                     0
6     12     2.015          35.51             0.130975              0                     0
6     12     2.015          35.51             0.151125              0                     0
6     12     2.015          35.51             0.171275              0                     0
6     12     2.015          35.51             0.191425              0                     0
6     12     2.015          35.51             0.211575              0                     0
6     12     2.015          35.51             0.231725              0                     0
6     12     2.015          35.51             0.251875              0                     0
6     12     2.015          35.51             0.272025              0                     0
6     12     2.015          35.51             0.292175              0                     0
6     12     2.015          35.51             0.312325              0                     0
6     12     2.015          35.51             0.332475              0                     0
6     12     2.015          35.51             0.352625              0                     0
6     12     2.015          35.51             0.372775              0                     0
6     12     2.015          35.51             0.392925              0                     0
6     12     2.015          35.51             0.413075              0                     0
6     12     2.015          35.51             0.433225              0                     0
6     12     2.015          35.51             0.453375              0                     0
6     12     2.015          35.51             0.473525              0                     0
6     12     2.015          35.51             0.493675              0                     0
6     12     2.015          35.51             0.513825              0.202777                     0.202777
6     12     2.015          35.51             0.533975              0.405555                     0.286771
6     12     2.015          35.51             0.554125              0.81111                     0.405555
6     12     2.015          35.51             0.574275              1.41944                     0.536499
6     12     2.015          35.51             0.594425              5.06944                     1.01389
6     12     2.015          35.51             0.614575              7.09721                     1.19965
6     12     2.015          35.51             0.634725              8.31387                     1.29841
6     12     2.015          35.51             0.654875              14.6                     1.72062
6     12     2.015          35.51             0.675025              15.8166                     1.79088
6     12     2.015          35.51             0.695175              26.3611                     2.31202
6     12     2.015          35.51             0.715325              32.6472                     2.57296
6     12     2.015          35.51             0.735475              40.1499                     2.85333
6     12     2.015          35.51             0.755625              48.0582                     3.12172
6     12     2.015          35.51             0.775775              52.5193                     3.26339
6     12     2.015          35.51             0.795925              63.6721                     3.59322
6     12     2.015          35.51             0.816075              71.1749                     3.79903
6     12     2.015          35.51             0.836225              77.0554                     3.95286
6     12     2.015          35.51             0.856375              102.2                     4.55234
6     12     2.015          35.51             0.876525              111.73                     4.75987
6     12     2.015          35.51             0.896675              122.68                     4.98766
6     12     2.015          35.51             0.916825              131.603                     5.16585
6     12     2.015          35.51             0.936975              143.364                     5.39174
6     12     2.015          35.51             0.957125              157.355                     5.64872
6     12     2.015          35.51             0.977275              170.536                     5.88054
6     12     2.015          35.51             0.997425              194.666                     6.28283
6     12     2.015          35.51             1.01758              198.925                     6.35117
6     12     2.015          35.51             1.03773              213.119                     6.57387
6     12     2.015          35.51             1.05788              226.3                     6.7741
6     12     2.015          35.51             1.07803              252.255                     7.15204
6     12     2.015          35.51             1.09818              244.144                     7.03611
6     12     2.015          35.51             1.11833              249.213                     7.10879
6     12     2.015          35.51             1.13848              295.447                     7.74015
6     12     2.015          35.51             1.15863              295.447                     7.74015
6     12     2.015          35.51             1.17878              344.722                     8.36073
6     12     2.015          35.51             1.19893              323.43                     8.09841
6     12     2.015          35.51             1.21908              355.063                     8.48521
6     12     2.015          35.51             1.23923              376.152                     8.73356
6     12     2.015          35.51             1.25938              383.858                     8.82256
6     12     2.015          35.51             1.27953              407.583                     9.09112
6     12     2.015          35.51             1.29968              430.496                     9.34318
6     12     2.015          35.51             1.31983              462.332                     9.68249
6     12     2.015          35.51             1.33998              210.077                     6.52679
6     12     2.015          35.51             1.36013              7.09721                     1.19965
6     12     2.015          35.51             1.38028              0                     0
6     12     2.015          35.51             1.40043              0                     0
6     12     2.015          35.51             1.42058              0                     0
6     12     2.015          35.51             1.44073              0                     0
6     12     2.015          35.51             1.46088              0                     0
6     12     2.015          35.51             1.48103              0                     0
6     12     2.015          35.51             1.50118              0                     0
6     12     2.015          35.51             1.52133              0                     0
6     12     2.015          35.51             1.54148              0                     0
6     12     2.015          35.51             1.56163              0                     0
6     12     2.015          35.51             1.58178              0                     0
6     12     2.015          35.51             1.60193              0                     0
6     12     2.015          35.51             1.62208              0                     0
6     12     2.015          35.51             1.64223              0                     0
6     12     2.015          35.51             1.66238              0                     0
6     12     2.015          35.51             1.68253              0                     0
6     12     2.015          35.51             1.70268              0                     0
6     12     2.015          35.51             1.72283              0                     0
6     12     2.015          35.51             1.74298              0                     0
6     12     2.015          35.51             1.76313              0                     0
6     12     2.015          35.51             1.78328              0                     0
6     12     2.015          35.51             1.80343              0                     0
6     12     2.015          35.51             1.82358              0                     0
6     12     2.015          35.51             1.84373              0                     0
6     12     2.015          35.51             1.86388              0                     0
6     12     2.015          35.51             1.88403              0                     0
6     12     2.015          35.51             1.90418              0                     0
6     12     2.015          35.51             1.92433              0                     0
6     12     2.015          35.51             1.94448              0                     0
6     12     2.015          35.51             1.96463              0                     0
6     12     2.015          35.51             1.98478              0                     0
*******************************************************************************************************
 Average mean_angle 1.20114e+06 +- 6523.24 deg 
 Average E' 30162.3 +- 163.807 GeV 
