*******************************************************************************************************
Z     A     E(GeV)     Theta(deg)     Energy Loss(GeV)     Sigma(nb/sr/GeV)     ERROR     Citation     
*******************************************************************************************************
6     12     1.65          13.54             0.00825              21757.3                     168.839
6     12     1.65          13.54             0.02475              91043.6                     345.378
6     12     1.65          13.54             0.04125              175198                     479.109
6     12     1.65          13.54             0.05775              242423                     563.582
6     12     1.65          13.54             0.07425              273988                     599.15
6     12     1.65          13.54             0.09075              271362                     596.272
6     12     1.65          13.54             0.10725              244584                     566.088
6     12     1.65          13.54             0.12375              203923                     516.896
6     12     1.65          13.54             0.14025              159224                     456.745
6     12     1.65          13.54             0.15675              118266                     393.64
6     12     1.65          13.54             0.17325              83735.3                     331.226
6     12     1.65          13.54             0.18975              56469.9                     272.006
6     12     1.65          13.54             0.20625              37790.3                     222.515
6     12     1.65          13.54             0.22275              24764.2                     180.128
6     12     1.65          13.54             0.23925              16036.9                     144.954
6     12     1.65          13.54             0.25575              10552.4                     117.583
6     12     1.65          13.54             0.27225              7039.74                     96.0391
6     12     1.65          13.54             0.28875              4732.46                     78.7433
6     12     1.65          13.54             0.30525              3107.81                     63.8112
6     12     1.65          13.54             0.32175              2177.56                     53.414
6     12     1.65          13.54             0.33825              1397.99                     42.7978
6     12     1.65          13.54             0.35475              985.275                     35.9293
6     12     1.65          13.54             0.37125              710.132                     30.5028
6     12     1.65          13.54             0.38775              476.915                     24.9971
6     12     1.65          13.54             0.40425              292.176                     19.5655
6     12     1.65          13.54             0.42075              241.078                     17.7725
6     12     1.65          13.54             0.43725              166.396                     14.7653
6     12     1.65          13.54             0.45375              89.094                     10.8042
6     12     1.65          13.54             0.47025              78.6124                     10.1488
6     12     1.65          13.54             0.48675              57.6491                     8.69092
6     12     1.65          13.54             0.50325              32.7551                     6.55103
6     12     1.65          13.54             0.51975              20.9633                     5.24082
6     12     1.65          13.54             0.53625              18.3429                     4.90234
6     12     1.65          13.54             0.55275              11.7919                     3.93062
6     12     1.65          13.54             0.56925              10.4816                     3.70582
6     12     1.65          13.54             0.58575              6.55103                     2.92971
6     12     1.65          13.54             0.60225              7.86124                     3.20934
6     12     1.65          13.54             0.61875              6.55103                     2.92971
6     12     1.65          13.54             0.63525              0                     0
6     12     1.65          13.54             0.65175              5.24082                     2.62041
6     12     1.65          13.54             0.66825              1.31021                     1.31021
6     12     1.65          13.54             0.68475              1.31021                     1.31021
6     12     1.65          13.54             0.70125              2.62041                     1.85291
6     12     1.65          13.54             0.71775              1.31021                     1.31021
6     12     1.65          13.54             0.73425              0                     0
6     12     1.65          13.54             0.75075              0                     0
6     12     1.65          13.54             0.76725              0                     0
6     12     1.65          13.54             0.78375              1.31021                     1.31021
6     12     1.65          13.54             0.80025              1.31021                     1.31021
6     12     1.65          13.54             0.81675              0                     0
6     12     1.65          13.54             0.83325              0                     0
6     12     1.65          13.54             0.84975              0                     0
6     12     1.65          13.54             0.86625              0                     0
6     12     1.65          13.54             0.88275              0                     0
6     12     1.65          13.54             0.89925              0                     0
6     12     1.65          13.54             0.91575              0                     0
6     12     1.65          13.54             0.93225              0                     0
6     12     1.65          13.54             0.94875              0                     0
6     12     1.65          13.54             0.96525              0                     0
6     12     1.65          13.54             0.98175              0                     0
6     12     1.65          13.54             0.99825              0                     0
6     12     1.65          13.54             1.01475              0                     0
6     12     1.65          13.54             1.03125              0                     0
6     12     1.65          13.54             1.04775              0                     0
6     12     1.65          13.54             1.06425              0                     0
6     12     1.65          13.54             1.08075              0                     0
6     12     1.65          13.54             1.09725              0                     0
6     12     1.65          13.54             1.11375              0                     0
6     12     1.65          13.54             1.13025              0                     0
6     12     1.65          13.54             1.14675              0                     0
6     12     1.65          13.54             1.16325              0                     0
6     12     1.65          13.54             1.17975              0                     0
6     12     1.65          13.54             1.19625              0                     0
6     12     1.65          13.54             1.21275              0                     0
6     12     1.65          13.54             1.22925              0                     0
6     12     1.65          13.54             1.24575              0                     0
6     12     1.65          13.54             1.26225              0                     0
6     12     1.65          13.54             1.27875              0                     0
6     12     1.65          13.54             1.29525              0                     0
6     12     1.65          13.54             1.31175              0                     0
6     12     1.65          13.54             1.32825              0                     0
6     12     1.65          13.54             1.34475              0                     0
6     12     1.65          13.54             1.36125              0                     0
6     12     1.65          13.54             1.37775              0                     0
6     12     1.65          13.54             1.39425              0                     0
6     12     1.65          13.54             1.41075              0                     0
6     12     1.65          13.54             1.42725              0                     0
6     12     1.65          13.54             1.44375              0                     0
6     12     1.65          13.54             1.46025              0                     0
6     12     1.65          13.54             1.47675              0                     0
6     12     1.65          13.54             1.49325              0                     0
6     12     1.65          13.54             1.50975              0                     0
6     12     1.65          13.54             1.52625              0                     0
6     12     1.65          13.54             1.54275              0                     0
6     12     1.65          13.54             1.55925              0                     0
6     12     1.65          13.54             1.57575              0                     0
6     12     1.65          13.54             1.59225              0                     0
6     12     1.65          13.54             1.60875              0                     0
6     12     1.65          13.54             1.62525              0                     0
*******************************************************************************************************
 Average mean_angle 2.09094e+07 +- 16704.7 deg 
 Average E' 2.42284e+06 +- 1935.63 GeV 
