*******************************************************************************************************
Z     A     E(GeV)     Theta(deg)     Energy Loss(GeV)     Sigma(nb/sr/GeV)     ERROR     Citation     
*******************************************************************************************************
6     12     2.13          16             0.01065              0                     0
6     12     2.13          16             0.03195              0                     0
6     12     2.13          16             0.05325              0                     0
6     12     2.13          16             0.07455              0                     0
6     12     2.13          16             0.09585              0                     0
6     12     2.13          16             0.11715              0                     0
6     12     2.13          16             0.13845              0                     0
6     12     2.13          16             0.15975              0                     0
6     12     2.13          16             0.18105              0                     0
6     12     2.13          16             0.20235              0                     0
6     12     2.13          16             0.22365              0                     0
6     12     2.13          16             0.24495              0                     0
6     12     2.13          16             0.26625              0                     0
6     12     2.13          16             0.28755              0                     0
6     12     2.13          16             0.30885              0                     0
6     12     2.13          16             0.33015              0                     0
6     12     2.13          16             0.35145              0                     0
6     12     2.13          16             0.37275              0                     0
6     12     2.13          16             0.39405              0                     0
6     12     2.13          16             0.41535              0                     0
6     12     2.13          16             0.43665              0                     0
6     12     2.13          16             0.45795              0                     0
6     12     2.13          16             0.47925              0                     0
6     12     2.13          16             0.50055              0                     0
6     12     2.13          16             0.52185              0                     0
6     12     2.13          16             0.54315              0                     0
6     12     2.13          16             0.56445              0                     0
6     12     2.13          16             0.58575              0                     0
6     12     2.13          16             0.60705              0                     0
6     12     2.13          16             0.62835              0                     0
6     12     2.13          16             0.64965              0                     0
6     12     2.13          16             0.67095              0                     0
6     12     2.13          16             0.69225              0                     0
6     12     2.13          16             0.71355              0                     0
6     12     2.13          16             0.73485              0                     0
6     12     2.13          16             0.75615              0                     0
6     12     2.13          16             0.77745              0                     0
6     12     2.13          16             0.79875              0                     0
6     12     2.13          16             0.82005              0                     0
6     12     2.13          16             0.84135              0                     0
6     12     2.13          16             0.86265              0                     0
6     12     2.13          16             0.88395              0                     0
6     12     2.13          16             0.90525              0                     0
6     12     2.13          16             0.92655              0                     0
6     12     2.13          16             0.94785              0                     0
6     12     2.13          16             0.96915              0                     0
6     12     2.13          16             0.99045              0                     0
6     12     2.13          16             1.01175              0                     0
6     12     2.13          16             1.03305              0                     0
6     12     2.13          16             1.05435              0                     0
6     12     2.13          16             1.07565              0                     0
6     12     2.13          16             1.09695              0                     0
6     12     2.13          16             1.11825              0                     0
6     12     2.13          16             1.13955              408.303                     18.6558
6     12     2.13          16             1.16085              3858.84                     57.3524
6     12     2.13          16             1.18215              5481.83                     68.3575
6     12     2.13          16             1.20345              5396.58                     67.8239
6     12     2.13          16             1.22475              5411.08                     67.9149
6     12     2.13          16             1.24605              5394.03                     67.8078
6     12     2.13          16             1.26735              5338.62                     67.4587
6     12     2.13          16             1.28865              5232.92                     66.7875
6     12     2.13          16             1.30995              5090.57                     65.8729
6     12     2.13          16             1.33125              5112.73                     66.0161
6     12     2.13          16             1.35255              4925.2                     64.7941
6     12     2.13          16             1.37385              4776.03                     63.8053
6     12     2.13          16             1.39515              4464.05                     61.6862
6     12     2.13          16             1.41645              4507.52                     61.9858
6     12     2.13          16             1.43775              4320.85                     60.6887
6     12     2.13          16             1.45905              4100.93                     59.1241
6     12     2.13          16             1.48035              4117.12                     59.2407
6     12     2.13          16             1.50165              3888.68                     57.5737
6     12     2.13          16             1.52295              3678.13                     55.9934
6     12     2.13          16             1.54425              3470.15                     54.3873
6     12     2.13          16             1.56555              3472.7                     54.4073
6     12     2.13          16             1.58685              3165.84                     51.9479
6     12     2.13          16             1.60815              3160.72                     51.9059
6     12     2.13          16             1.62945              2968.08                     50.2992
6     12     2.13          16             1.65075              2772.03                     48.6096
6     12     2.13          16             1.67205              2616.04                     47.2221
6     12     2.13          16             1.69335              2575.97                     46.8591
6     12     2.13          16             1.71465              2475.39                     45.9351
6     12     2.13          16             1.73595              2255.47                     43.8472
6     12     2.13          16             1.75725              2206.88                     43.3723
6     12     2.13          16             1.77855              1998.04                     41.2691
6     12     2.13          16             1.79985              1807.95                     39.257
6     12     2.13          16             1.82115              1723.57                     38.3299
6     12     2.13          16             1.84245              1629.8                     37.2727
6     12     2.13          16             1.86375              1461.02                     35.29
6     12     2.13          16             1.88505              1372.37                     34.2026
6     12     2.13          16             1.90635              1257.3                     32.7373
6     12     2.13          16             1.92765              1132.85                     31.0749
6     12     2.13          16             1.94895              996.463                     29.1443
6     12     2.13          16             1.97025              903.551                     27.7523
6     12     2.13          16             1.99155              656.353                     23.6533
6     12     2.13          16             2.01285              242.936                     14.3903
6     12     2.13          16             2.03415              9.37647                     2.82711
6     12     2.13          16             2.05545              0                     0
6     12     2.13          16             2.07675              0                     0
6     12     2.13          16             2.09805              0                     0
*******************************************************************************************************
 Average angle 2.4657e+06 +- 6269.73 deg 
 Average E' 102680 +- 261.093 GeV 
