*******************************************************************************************************
Z     A     E(GeV)     Theta(deg)     Energy Loss(GeV)     Sigma(nb/sr/GeV)     ERROR     Citation     
*******************************************************************************************************
6     12     0.5568          60             0.002784              0                     0
6     12     0.5568          60             0.008352              0                     0
6     12     0.5568          60             0.01392              0                     0
6     12     0.5568          60             0.019488              0                     0
6     12     0.5568          60             0.025056              0                     0
6     12     0.5568          60             0.030624              0                     0
6     12     0.5568          60             0.036192              0                     0
6     12     0.5568          60             0.04176              0                     0
6     12     0.5568          60             0.047328              0                     0
6     12     0.5568          60             0.052896              0                     0
6     12     0.5568          60             0.058464              0                     0
6     12     0.5568          60             0.064032              0                     0
6     12     0.5568          60             0.0696              0                     0
6     12     0.5568          60             0.075168              0                     0
6     12     0.5568          60             0.080736              0                     0
6     12     0.5568          60             0.086304              0                     0
6     12     0.5568          60             0.091872              0                     0
6     12     0.5568          60             0.09744              0                     0
6     12     0.5568          60             0.103008              0                     0
6     12     0.5568          60             0.108576              0                     0
6     12     0.5568          60             0.114144              0                     0
6     12     0.5568          60             0.119712              0                     0
6     12     0.5568          60             0.12528              0                     0
6     12     0.5568          60             0.130848              0                     0
6     12     0.5568          60             0.136416              0                     0
6     12     0.5568          60             0.141984              0                     0
6     12     0.5568          60             0.147552              0                     0
6     12     0.5568          60             0.15312              0                     0
6     12     0.5568          60             0.158688              0                     0
6     12     0.5568          60             0.164256              0                     0
6     12     0.5568          60             0.169824              0                     0
6     12     0.5568          60             0.175392              0                     0
6     12     0.5568          60             0.18096              0                     0
6     12     0.5568          60             0.186528              0                     0
6     12     0.5568          60             0.192096              0                     0
6     12     0.5568          60             0.197664              0                     0
6     12     0.5568          60             0.203232              0                     0
6     12     0.5568          60             0.2088              0.274147                     0.193851
6     12     0.5568          60             0.214368              0.41122                     0.237418
6     12     0.5568          60             0.219936              1.37073                     0.433464
6     12     0.5568          60             0.225504              1.91903                     0.512882
6     12     0.5568          60             0.231072              3.70098                     0.712255
6     12     0.5568          60             0.23664              6.16831                     0.919517
6     12     0.5568          60             0.242208              6.03123                     0.909242
6     12     0.5568          60             0.247776              12.8849                     1.32898
6     12     0.5568          60             0.253344              17.8195                     1.56288
6     12     0.5568          60             0.258912              24.9474                     1.84922
6     12     0.5568          60             0.26448              33.583                     2.14554
6     12     0.5568          60             0.270048              44.6859                     2.47493
6     12     0.5568          60             0.275616              67.9884                     3.05277
6     12     0.5568          60             0.281184              91.0168                     3.53214
6     12     0.5568          60             0.286752              112.4                     3.92519
6     12     0.5568          60             0.29232              144.064                     4.4438
6     12     0.5568          60             0.297888              184.09                     5.02333
6     12     0.5568          60             0.303456              243.991                     5.78314
6     12     0.5568          60             0.309024              299.368                     6.40589
6     12     0.5568          60             0.314592              383.12                     7.24677
6     12     0.5568          60             0.32016              477.975                     8.0943
6     12     0.5568          60             0.325728              585.167                     8.95605
6     12     0.5568          60             0.331296              703.324                     9.81871
6     12     0.5568          60             0.336864              848.348                     10.7836
6     12     0.5568          60             0.342432              989.259                     11.6448
6     12     0.5568          60             0.348              1161.83                     12.6197
6     12     0.5568          60             0.353568              1287.26                     13.2834
6     12     0.5568          60             0.359136              1478.89                     14.2378
6     12     0.5568          60             0.364704              1598                     14.8001
6     12     0.5568          60             0.370272              1759.61                     15.5305
6     12     0.5568          60             0.37584              1928.49                     16.2587
6     12     0.5568          60             0.381408              2012.92                     16.6108
6     12     0.5568          60             0.386976              2162.74                     17.2179
6     12     0.5568          60             0.392544              2272.54                     17.6495
6     12     0.5568          60             0.398112              2307.77                     17.7858
6     12     0.5568          60             0.40368              2380.14                     18.0625
6     12     0.5568          60             0.409248              2427.84                     18.2426
6     12     0.5568          60             0.414816              2448.68                     18.3207
6     12     0.5568          60             0.420384              2472.26                     18.4087
6     12     0.5568          60             0.425952              2443.88                     18.3028
6     12     0.5568          60             0.43152              2451.15                     18.33
6     12     0.5568          60             0.437088              2430.45                     18.2524
6     12     0.5568          60             0.442656              2371.64                     18.0302
6     12     0.5568          60             0.448224              2333.4                     17.8843
6     12     0.5568          60             0.453792              2319.42                     17.8306
6     12     0.5568          60             0.45936              2236.35                     17.5084
6     12     0.5568          60             0.464928              2194.41                     17.3434
6     12     0.5568          60             0.470496              2113.4                     17.0203
6     12     0.5568          60             0.476064              2061.86                     16.8115
6     12     0.5568          60             0.481632              2005.11                     16.5785
6     12     0.5568          60             0.4872              1932.19                     16.2743
6     12     0.5568          60             0.492768              1830.34                     15.8395
6     12     0.5568          60             0.498336              1759.89                     15.5317
6     12     0.5568          60             0.503904              1688.88                     15.2152
6     12     0.5568          60             0.509472              1634.19                     14.9668
6     12     0.5568          60             0.51504              1585.12                     14.7403
6     12     0.5568          60             0.520608              815.998                     10.576
6     12     0.5568          60             0.526176              0                     0
6     12     0.5568          60             0.531744              0                     0
6     12     0.5568          60             0.537312              0                     0
6     12     0.5568          60             0.54288              0                     0
6     12     0.5568          60             0.548448              0                     0
*******************************************************************************************************
 Average angle 3.02741e+07 +- 42611.3 deg 
 Average E' 66431.4 +- 93.5032 GeV 
