*******************************************************************************************************
Z     A     E(GeV)     Theta(deg)     Energy Loss(GeV)     Sigma(nb/sr/GeV)     ERROR     Citation     
*******************************************************************************************************
6     12     1.3          13.54             0.0065              133901                     235.609
6     12     1.3          13.54             0.0195              354672                     383.455
6     12     1.3          13.54             0.0325              511279                     460.394
6     12     1.3          13.54             0.0455              609545                     502.694
6     12     1.3          13.54             0.0585              620111                     507.032
6     12     1.3          13.54             0.0715              564211                     483.639
6     12     1.3          13.54             0.0845              476111                     444.278
6     12     1.3          13.54             0.0975              378489                     396.121
6     12     1.3          13.54             0.1105              287960                     345.515
6     12     1.3          13.54             0.1235              211364                     296.017
6     12     1.3          13.54             0.1365              152447                     251.397
6     12     1.3          13.54             0.1495              110300                     213.839
6     12     1.3          13.54             0.1625              81904.8                     184.27
6     12     1.3          13.54             0.1755              64371.6                     163.361
6     12     1.3          13.54             0.1885              55576                     151.79
6     12     1.3          13.54             0.2015              51538.5                     146.173
6     12     1.3          13.54             0.2145              50961                     145.352
6     12     1.3          13.54             0.2275              52450.2                     147.46
6     12     1.3          13.54             0.2405              53981.6                     149.597
6     12     1.3          13.54             0.2535              54890.7                     150.852
6     12     1.3          13.54             0.2665              55392.8                     151.54
6     12     1.3          13.54             0.2795              55885.3                     152.212
6     12     1.3          13.54             0.2925              57031.6                     153.765
6     12     1.3          13.54             0.3055              59016.2                     156.418
6     12     1.3          13.54             0.3185              62427.7                     160.875
6     12     1.3          13.54             0.3315              66657.6                     166.236
6     12     1.3          13.54             0.3445              70043.8                     170.406
6     12     1.3          13.54             0.3575              73189.6                     174.191
6     12     1.3          13.54             0.3705              74985.1                     176.315
6     12     1.3          13.54             0.3835              74821.4                     176.122
6     12     1.3          13.54             0.3965              73580.5                     174.655
6     12     1.3          13.54             0.4095              71059.5                     171.637
6     12     1.3          13.54             0.4225              67697.7                     167.528
6     12     1.3          13.54             0.4355              64265.9                     163.227
6     12     1.3          13.54             0.4485              60261.1                     158.059
6     12     1.3          13.54             0.4615              56222.8                     152.671
6     12     1.3          13.54             0.4745              52637.5                     147.723
6     12     1.3          13.54             0.4875              48953.2                     142.459
6     12     1.3          13.54             0.5005              45571.1                     137.45
6     12     1.3          13.54             0.5135              42437.8                     132.641
6     12     1.3          13.54             0.5265              39700                     128.291
6     12     1.3          13.54             0.5395              37238.6                     124.25
6     12     1.3          13.54             0.5525              34865.2                     120.226
6     12     1.3          13.54             0.5655              32740.1                     116.504
6     12     1.3          13.54             0.5785              31128.7                     113.601
6     12     1.3          13.54             0.5915              29382.1                     110.368
6     12     1.3          13.54             0.6045              28164                     108.056
6     12     1.3          13.54             0.6175              27125.5                     106.045
6     12     1.3          13.54             0.6305              26244.6                     104.309
6     12     1.3          13.54             0.6435              25946.1                     103.714
6     12     1.3          13.54             0.6565              25500.4                     102.819
6     12     1.3          13.54             0.6695              25388.1                     102.592
6     12     1.3          13.54             0.6825              25552.2                     102.924
6     12     1.3          13.54             0.6955              25619.4                     103.059
6     12     1.3          13.54             0.7085              26213.5                     104.247
6     12     1.3          13.54             0.7215              26425.7                     104.668
6     12     1.3          13.54             0.7345              26952.7                     105.706
6     12     1.3          13.54             0.7475              27394.6                     106.57
6     12     1.3          13.54             0.7605              27534.7                     106.842
6     12     1.3          13.54             0.7735              27526.4                     106.826
6     12     1.3          13.54             0.7865              27418.2                     106.615
6     12     1.3          13.54             0.7995              27464.7                     106.706
6     12     1.3          13.54             0.8125              27362.7                     106.507
6     12     1.3          13.54             0.8255              27079.5                     105.955
6     12     1.3          13.54             0.8385              26793.5                     105.394
6     12     1.3          13.54             0.8515              26364.4                     104.546
6     12     1.3          13.54             0.8645              26027.7                     103.877
6     12     1.3          13.54             0.8775              25210.2                     102.232
6     12     1.3          13.54             0.8905              24993                     101.791
6     12     1.3          13.54             0.9035              24751.7                     101.299
6     12     1.3          13.54             0.9165              24024.1                     99.7986
6     12     1.3          13.54             0.9295              23868.6                     99.4751
6     12     1.3          13.54             0.9425              23156                     97.9789
6     12     1.3          13.54             0.9555              21796.6                     95.0594
6     12     1.3          13.54             0.9685              19148.3                     89.0976
6     12     1.3          13.54             0.9815              16785.2                     83.4189
6     12     1.3          13.54             0.9945              14289.5                     76.9679
6     12     1.3          13.54             1.0075              11913.6                     70.2784
6     12     1.3          13.54             1.0205              9423.25                     62.503
6     12     1.3          13.54             1.0335              7048.16                     54.0553
6     12     1.3          13.54             1.0465              4801.59                     44.6163
6     12     1.3          13.54             1.0595              2539.68                     32.4481
6     12     1.3          13.54             1.0725              525.679                     14.7625
6     12     1.3          13.54             1.0855              0                     0
6     12     1.3          13.54             1.0985              0                     0
6     12     1.3          13.54             1.1115              0                     0
6     12     1.3          13.54             1.1245              0                     0
6     12     1.3          13.54             1.1375              0                     0
6     12     1.3          13.54             1.1505              0                     0
6     12     1.3          13.54             1.1635              0                     0
6     12     1.3          13.54             1.1765              0                     0
6     12     1.3          13.54             1.1895              0                     0
6     12     1.3          13.54             1.2025              0                     0
6     12     1.3          13.54             1.2155              0                     0
6     12     1.3          13.54             1.2285              0                     0
6     12     1.3          13.54             1.2415              0                     0
6     12     1.3          13.54             1.2545              0                     0
6     12     1.3          13.54             1.2675              0                     0
6     12     1.3          13.54             1.2805              0                     0
*******************************************************************************************************
 Average angle 13.4046 +- 0.00323281 deg 
 Average E' 1.07029 +- 0.000258124 GeV 
