*******************************************************************************************************
Z     A     E(GeV)     Theta(deg)     Energy Loss(GeV)     Sigma(nb/sr/GeV)     ERROR     Citation     
*******************************************************************************************************
6     12     0.24          36             0.0012              0                     0
6     12     0.24          36             0.0036              0.279548                     0.279548
6     12     0.24          36             0.006              16.2138                     2.12898
6     12     0.24          36             0.0084              59.2642                     4.07028
6     12     0.24          36             0.0108              118.528                     5.75625
6     12     0.24          36             0.0132              181.427                     7.12163
6     12     0.24          36             0.0156              262.216                     8.56166
6     12     0.24          36             0.018              370.961                     10.1834
6     12     0.24          36             0.0204              437.213                     11.0554
6     12     0.24          36             0.0228              539.808                     12.2842
6     12     0.24          36             0.0252              576.708                     12.6972
6     12     0.24          36             0.0276              640.166                     13.3775
6     12     0.24          36             0.03              602.986                     12.9832
6     12     0.24          36             0.0324              513.81                     11.9848
6     12     0.24          36             0.0348              369.004                     10.1565
6     12     0.24          36             0.0372              130.829                     6.04755
6     12     0.24          36             0.0396              0                     0
6     12     0.24          36             0.042              0                     0
6     12     0.24          36             0.0444              0                     0
6     12     0.24          36             0.0468              0                     0
6     12     0.24          36             0.0492              0                     0
6     12     0.24          36             0.0516              0                     0
6     12     0.24          36             0.054              0                     0
6     12     0.24          36             0.0564              0                     0
6     12     0.24          36             0.0588              0                     0
6     12     0.24          36             0.0612              0                     0
6     12     0.24          36             0.0636              0                     0
6     12     0.24          36             0.066              0                     0
6     12     0.24          36             0.0684              0                     0
6     12     0.24          36             0.0708              0                     0
6     12     0.24          36             0.0732              0                     0
6     12     0.24          36             0.0756              0                     0
6     12     0.24          36             0.078              0                     0
6     12     0.24          36             0.0804              0                     0
6     12     0.24          36             0.0828              0                     0
6     12     0.24          36             0.0852              0                     0
6     12     0.24          36             0.0876              0                     0
6     12     0.24          36             0.09              0                     0
6     12     0.24          36             0.0924              0                     0
6     12     0.24          36             0.0948              0                     0
6     12     0.24          36             0.0972              0                     0
6     12     0.24          36             0.0996              0                     0
6     12     0.24          36             0.102              0                     0
6     12     0.24          36             0.1044              0                     0
6     12     0.24          36             0.1068              0                     0
6     12     0.24          36             0.1092              0                     0
6     12     0.24          36             0.1116              0                     0
6     12     0.24          36             0.114              0                     0
6     12     0.24          36             0.1164              0                     0
6     12     0.24          36             0.1188              0                     0
6     12     0.24          36             0.1212              0                     0
6     12     0.24          36             0.1236              0                     0
6     12     0.24          36             0.126              0                     0
6     12     0.24          36             0.1284              0                     0
6     12     0.24          36             0.1308              0                     0
6     12     0.24          36             0.1332              0                     0
6     12     0.24          36             0.1356              0                     0
6     12     0.24          36             0.138              0                     0
6     12     0.24          36             0.1404              0                     0
6     12     0.24          36             0.1428              0                     0
6     12     0.24          36             0.1452              0                     0
6     12     0.24          36             0.1476              0                     0
6     12     0.24          36             0.15              0                     0
6     12     0.24          36             0.1524              0                     0
6     12     0.24          36             0.1548              0                     0
6     12     0.24          36             0.1572              0                     0
6     12     0.24          36             0.1596              0                     0
6     12     0.24          36             0.162              0                     0
6     12     0.24          36             0.1644              0                     0
6     12     0.24          36             0.1668              0                     0
6     12     0.24          36             0.1692              0                     0
6     12     0.24          36             0.1716              0                     0
6     12     0.24          36             0.174              0                     0
6     12     0.24          36             0.1764              0                     0
6     12     0.24          36             0.1788              0                     0
6     12     0.24          36             0.1812              0                     0
6     12     0.24          36             0.1836              0                     0
6     12     0.24          36             0.186              0                     0
6     12     0.24          36             0.1884              0                     0
6     12     0.24          36             0.1908              0                     0
6     12     0.24          36             0.1932              0                     0
6     12     0.24          36             0.1956              0                     0
6     12     0.24          36             0.198              0                     0
6     12     0.24          36             0.2004              0                     0
6     12     0.24          36             0.2028              0                     0
6     12     0.24          36             0.2052              0                     0
6     12     0.24          36             0.2076              0                     0
6     12     0.24          36             0.21              0                     0
6     12     0.24          36             0.2124              0                     0
6     12     0.24          36             0.2148              0                     0
6     12     0.24          36             0.2172              0                     0
6     12     0.24          36             0.2196              0                     0
6     12     0.24          36             0.222              0                     0
6     12     0.24          36             0.2244              0                     0
6     12     0.24          36             0.2268              0                     0
6     12     0.24          36             0.2292              0                     0
6     12     0.24          36             0.2316              0                     0
6     12     0.24          36             0.234              0                     0
6     12     0.24          36             0.2364              0                     0
*******************************************************************************************************
 Average mean_angle 635859 +- 4842.75 deg 
 Average E' 3705.08 +- 28.2182 GeV 
