*******************************************************************************************************
Z     A     E(GeV)     Theta(deg)     Energy Loss(GeV)     Sigma(nb/sr/GeV)     ERROR     Citation     
*******************************************************************************************************
6     12     3.605          16.02             0.018025              0                     0
6     12     3.605          16.02             0.054075              0                     0
6     12     3.605          16.02             0.090125              0                     0
6     12     3.605          16.02             0.126175              0                     0
6     12     3.605          16.02             0.162225              0                     0
6     12     3.605          16.02             0.198275              0                     0
6     12     3.605          16.02             0.234325              0                     0
6     12     3.605          16.02             0.270375              0                     0
6     12     3.605          16.02             0.306425              0                     0
6     12     3.605          16.02             0.342475              0                     0
6     12     3.605          16.02             0.378525              0.573654                     0.405634
6     12     3.605          16.02             0.414575              2.86827                     0.907026
6     12     3.605          16.02             0.450625              11.4731                     1.81405
6     12     3.605          16.02             0.486675              32.6983                     3.06247
6     12     3.605          16.02             0.522725              77.1564                     4.70431
6     12     3.605          16.02             0.558775              130.506                     6.11822
6     12     3.605          16.02             0.594825              208.81                     7.73901
6     12     3.605          16.02             0.630875              281.951                     8.99283
6     12     3.605          16.02             0.666925              374.022                     10.3576
6     12     3.605          16.02             0.702975              470.396                     11.6156
6     12     3.605          16.02             0.739025              535.219                     12.3901
6     12     3.605          16.02             0.775075              659.415                     13.7527
6     12     3.605          16.02             0.811125              726.532                     14.4357
6     12     3.605          16.02             0.847175              840.403                     15.5258
6     12     3.605          16.02             0.883225              920.14                     16.2456
6     12     3.605          16.02             0.919275              1012.79                     17.0439
6     12     3.605          16.02             0.955325              1129.24                     17.9971
6     12     3.605          16.02             0.991375              1202.66                     18.573
6     12     3.605          16.02             1.02742              1304.2                     19.3411
6     12     3.605          16.02             1.06347              1424.1                     20.2106
6     12     3.605          16.02             1.09952              1460.24                     20.4654
6     12     3.605          16.02             1.13558              1587.3                     21.3373
6     12     3.605          16.02             1.17162              1706.33                     22.1229
6     12     3.605          16.02             1.20767              1840.85                     22.9784
6     12     3.605          16.02             1.24372              1974.52                     23.798
6     12     3.605          16.02             1.27977              2014.1                     24.0353
6     12     3.605          16.02             1.31583              2208.28                     25.1673
6     12     3.605          16.02             1.35187              2093.26                     24.5031
6     12     3.605          16.02             1.38792              1262.61                     19.0303
6     12     3.605          16.02             1.42397              497.931                     11.9507
6     12     3.605          16.02             1.46002              26.3881                     2.75115
6     12     3.605          16.02             1.49607              0                     0
6     12     3.605          16.02             1.53212              0                     0
6     12     3.605          16.02             1.56817              0                     0
6     12     3.605          16.02             1.60422              0                     0
6     12     3.605          16.02             1.64027              0                     0
6     12     3.605          16.02             1.67632              0                     0
6     12     3.605          16.02             1.71237              0                     0
6     12     3.605          16.02             1.74842              0                     0
6     12     3.605          16.02             1.78447              0                     0
6     12     3.605          16.02             1.82052              0                     0
6     12     3.605          16.02             1.85657              0                     0
6     12     3.605          16.02             1.89263              0                     0
6     12     3.605          16.02             1.92867              0                     0
6     12     3.605          16.02             1.96472              0                     0
6     12     3.605          16.02             2.00077              0                     0
6     12     3.605          16.02             2.03682              0                     0
6     12     3.605          16.02             2.07288              0                     0
6     12     3.605          16.02             2.10893              0                     0
6     12     3.605          16.02             2.14498              0                     0
6     12     3.605          16.02             2.18102              0                     0
6     12     3.605          16.02             2.21707              0                     0
6     12     3.605          16.02             2.25313              0                     0
6     12     3.605          16.02             2.28918              0                     0
6     12     3.605          16.02             2.32523              0                     0
6     12     3.605          16.02             2.36128              0                     0
6     12     3.605          16.02             2.39732              0                     0
6     12     3.605          16.02             2.43338              0                     0
6     12     3.605          16.02             2.46943              0                     0
6     12     3.605          16.02             2.50548              0                     0
6     12     3.605          16.02             2.54153              0                     0
6     12     3.605          16.02             2.57757              0                     0
6     12     3.605          16.02             2.61363              0                     0
6     12     3.605          16.02             2.64968              0                     0
6     12     3.605          16.02             2.68573              0                     0
6     12     3.605          16.02             2.72178              0                     0
6     12     3.605          16.02             2.75782              0                     0
6     12     3.605          16.02             2.79387              0                     0
6     12     3.605          16.02             2.82993              0                     0
6     12     3.605          16.02             2.86598              0                     0
6     12     3.605          16.02             2.90203              0                     0
6     12     3.605          16.02             2.93807              0                     0
6     12     3.605          16.02             2.97412              0                     0
6     12     3.605          16.02             3.01018              0                     0
6     12     3.605          16.02             3.04623              0                     0
6     12     3.605          16.02             3.08228              0                     0
6     12     3.605          16.02             3.11833              0                     0
6     12     3.605          16.02             3.15437              0                     0
6     12     3.605          16.02             3.19042              0                     0
6     12     3.605          16.02             3.22648              0                     0
6     12     3.605          16.02             3.26253              0                     0
6     12     3.605          16.02             3.29858              0                     0
6     12     3.605          16.02             3.33462              0                     0
6     12     3.605          16.02             3.37067              0                     0
6     12     3.605          16.02             3.40673              0                     0
6     12     3.605          16.02             3.44278              0                     0
6     12     3.605          16.02             3.47883              0                     0
6     12     3.605          16.02             3.51487              0                     0
6     12     3.605          16.02             3.55092              0                     0
*******************************************************************************************************
 Average mean_angle 1.54607e+06 +- 4946.86 deg 
 Average E' 244072 +- 780.94 GeV 
