*******************************************************************************************************
Z     A     E(GeV)     Theta(deg)     Energy Loss(GeV)     Sigma(nb/sr/GeV)     ERROR     Citation     
*******************************************************************************************************
6     12     0.5568          90             0.002784              0                     0
6     12     0.5568          90             0.008352              0                     0
6     12     0.5568          90             0.01392              0                     0
6     12     0.5568          90             0.019488              0                     0
6     12     0.5568          90             0.025056              0                     0
6     12     0.5568          90             0.030624              0.356127                     0.20561
6     12     0.5568          90             0.036192              0.356127                     0.20561
6     12     0.5568          90             0.04176              0.474836                     0.237418
6     12     0.5568          90             0.047328              1.42451                     0.41122
6     12     0.5568          90             0.052896              2.37418                     0.530883
6     12     0.5568          90             0.058464              2.25547                     0.517441
6     12     0.5568          90             0.064032              3.08644                     0.6053
6     12     0.5568          90             0.0696              4.62965                     0.741338
6     12     0.5568          90             0.075168              5.81675                     0.830964
6     12     0.5568          90             0.080736              7.35996                     0.934716
6     12     0.5568          90             0.086304              13.5328                     1.26747
6     12     0.5568          90             0.091872              14.6012                     1.31655
6     12     0.5568          90             0.09744              18.1625                     1.46835
6     12     0.5568          90             0.103008              28.6089                     1.84286
6     12     0.5568          90             0.108576              39.6488                     2.16949
6     12     0.5568          90             0.114144              57.4552                     2.6116
6     12     0.5568          90             0.119712              77.7545                     3.03812
6     12     0.5568          90             0.12528              91.1686                     3.28976
6     12     0.5568          90             0.130848              115.86                     3.70859
6     12     0.5568          90             0.136416              139.008                     4.06221
6     12     0.5568          90             0.141984              178.42                     4.60218
6     12     0.5568          90             0.147552              215.101                     5.05316
6     12     0.5568          90             0.15312              262.228                     5.57933
6     12     0.5568          90             0.158688              310.068                     6.06695
6     12     0.5568          90             0.164256              371.085                     6.6371
6     12     0.5568          90             0.169824              410.377                     6.97965
6     12     0.5568          90             0.175392              467.951                     7.45319
6     12     0.5568          90             0.18096              522.439                     7.87517
6     12     0.5568          90             0.186528              559.951                     8.15299
6     12     0.5568          90             0.192096              612.776                     8.5289
6     12     0.5568          90             0.197664              649.457                     8.78046
6     12     0.5568          90             0.203232              677.117                     8.96548
6     12     0.5568          90             0.2088              715.104                     9.21354
6     12     0.5568          90             0.214368              716.409                     9.22195
6     12     0.5568          90             0.219936              730.18                     9.31015
6     12     0.5568          90             0.225504              767.098                     9.54262
6     12     0.5568          90             0.231072              752.141                     9.44912
6     12     0.5568          90             0.23664              725.669                     9.28135
6     12     0.5568          90             0.242208              743.594                     9.39528
6     12     0.5568          90             0.247776              712.967                     9.19976
6     12     0.5568          90             0.253344              658.242                     8.83964
6     12     0.5568          90             0.258912              636.518                     8.69255
6     12     0.5568          90             0.26448              613.845                     8.53633
6     12     0.5568          90             0.270048              558.645                     8.14348
6     12     0.5568          90             0.275616              525.169                     7.89572
6     12     0.5568          90             0.281184              460.829                     7.39625
6     12     0.5568          90             0.286752              433.051                     7.16987
6     12     0.5568          90             0.29232              405.035                     6.93407
6     12     0.5568          90             0.297888              331.436                     6.27251
6     12     0.5568          90             0.303456              311.374                     6.07971
6     12     0.5568          90             0.309024              271.132                     5.67325
6     12     0.5568          90             0.314592              244.066                     5.38264
6     12     0.5568          90             0.32016              201.212                     4.8873
6     12     0.5568          90             0.325728              172.722                     4.52809
6     12     0.5568          90             0.331296              148.386                     4.197
6     12     0.5568          90             0.336864              122.864                     3.81904
6     12     0.5568          90             0.342432              104.464                     3.52148
6     12     0.5568          90             0.348              87.0138                     3.21393
6     12     0.5568          90             0.353568              79.5351                     3.07271
6     12     0.5568          90             0.359136              66.8332                     2.81668
6     12     0.5568          90             0.364704              54.3688                     2.54049
6     12     0.5568          90             0.370272              51.6385                     2.47587
6     12     0.5568          90             0.37584              39.7675                     2.17273
6     12     0.5568          90             0.381408              33.8321                     2.00404
6     12     0.5568          90             0.386976              29.2024                     1.86188
6     12     0.5568          90             0.392544              26.5908                     1.77668
6     12     0.5568          90             0.398112              22.6734                     1.64059
6     12     0.5568          90             0.40368              16.9754                     1.41955
6     12     0.5568          90             0.409248              15.3135                     1.34828
6     12     0.5568          90             0.414816              9.61544                     1.06838
6     12     0.5568          90             0.420384              8.90318                     1.02805
6     12     0.5568          90             0.425952              8.30964                     0.993192
6     12     0.5568          90             0.43152              5.81675                     0.830964
6     12     0.5568          90             0.437088              4.62965                     0.741338
6     12     0.5568          90             0.442656              4.62965                     0.741338
6     12     0.5568          90             0.448224              2.37418                     0.530883
6     12     0.5568          90             0.453792              1.3058                     0.393714
6     12     0.5568          90             0.45936              1.3058                     0.393714
6     12     0.5568          90             0.464928              0.949673                     0.33576
6     12     0.5568          90             0.470496              0.356127                     0.20561
6     12     0.5568          90             0.476064              0.593545                     0.265442
6     12     0.5568          90             0.481632              0.118709                     0.118709
6     12     0.5568          90             0.4872              0.118709                     0.118709
6     12     0.5568          90             0.492768              0                     0
6     12     0.5568          90             0.498336              0                     0
6     12     0.5568          90             0.503904              0                     0
6     12     0.5568          90             0.509472              0                     0
6     12     0.5568          90             0.51504              0                     0
6     12     0.5568          90             0.520608              0                     0
6     12     0.5568          90             0.526176              0                     0
6     12     0.5568          90             0.531744              0                     0
6     12     0.5568          90             0.537312              0                     0
6     12     0.5568          90             0.54288              0                     0
6     12     0.5568          90             0.548448              0                     0
*******************************************************************************************************
 Average mean_angle 1.40171e+07 +- 35511.1 deg 
 Average E' 50261.4 +- 127.333 GeV 
