*******************************************************************************************************
Z     A     E(GeV)     Theta(deg)     Energy Loss(GeV)     Sigma(nb/sr/GeV)     ERROR     Citation     
*******************************************************************************************************
6     12     4.6286          16             0.015              0                     0
6     12     4.6286          16             0.045              0                     0
6     12     4.6286          16             0.075              0                     0
6     12     4.6286          16             0.105              0                     0
6     12     4.6286          16             0.135              0                     0
6     12     4.6286          16             0.165              0                     0
6     12     4.6286          16             0.195              0                     0
6     12     4.6286          16             0.225              0                     0
6     12     4.6286          16             0.255              0                     0
6     12     4.6286          16             0.285              0                     0
6     12     4.6286          16             0.315              0                     0
6     12     4.6286          16             0.345              0                     0
6     12     4.6286          16             0.375              0                     0
6     12     4.6286          16             0.405              0                     0
6     12     4.6286          16             0.435              0                     0
6     12     4.6286          16             0.465              0                     0
6     12     4.6286          16             0.495              0                     0
6     12     4.6286          16             0.525              0                     0
6     12     4.6286          16             0.555              0                     0
6     12     4.6286          16             0.585              0                     0
6     12     4.6286          16             0.615              0                     0
6     12     4.6286          16             0.645              0                     0
6     12     4.6286          16             0.675              0                     0
6     12     4.6286          16             0.705              0                     0
6     12     4.6286          16             0.735              0                     0
6     12     4.6286          16             0.765              0                     0
6     12     4.6286          16             0.795              0                     0
6     12     4.6286          16             0.825              0                     0
6     12     4.6286          16             0.855              0                     0
6     12     4.6286          16             0.885              0                     0
6     12     4.6286          16             0.915              0                     0
6     12     4.6286          16             0.945              0                     0
6     12     4.6286          16             0.975              0                     0
6     12     4.6286          16             1.005              0                     0
6     12     4.6286          16             1.035              0                     0
6     12     4.6286          16             1.065              0                     0
6     12     4.6286          16             1.095              0                     0
6     12     4.6286          16             1.125              0                     0
6     12     4.6286          16             1.155              0                     0
6     12     4.6286          16             1.185              0                     0
6     12     4.6286          16             1.215              0                     0
6     12     4.6286          16             1.245              0                     0
6     12     4.6286          16             1.275              0                     0
6     12     4.6286          16             1.305              0                     0
6     12     4.6286          16             1.335              0                     0
6     12     4.6286          16             1.365              0                     0
6     12     4.6286          16             1.395              0                     0
6     12     4.6286          16             1.425              0                     0
6     12     4.6286          16             1.455              0                     0
6     12     4.6286          16             1.485              0                     0
6     12     4.6286          16             1.515              0                     0
6     12     4.6286          16             1.545              8.496                     0.110768
6     12     4.6286          16             1.575              196.033                     0.532075
6     12     4.6286          16             1.605              435.966                     0.793477
6     12     4.6286          16             1.635              653.708                     0.971628
6     12     4.6286          16             1.665              848.599                     1.10703
6     12     4.6286          16             1.695              1030.02                     1.21964
6     12     4.6286          16             1.725              1188.21                     1.30995
6     12     4.6286          16             1.755              1256.38                     1.347
6     12     4.6286          16             1.785              1292.15                     1.36604
6     12     4.6286          16             1.815              1321.32                     1.38138
6     12     4.6286          16             1.845              1349.7                     1.39613
6     12     4.6286          16             1.875              1372.34                     1.40779
6     12     4.6286          16             1.905              1391.79                     1.41774
6     12     4.6286          16             1.935              1369.34                     1.40625
6     12     4.6286          16             1.965              1327.61                     1.38466
6     12     4.6286          16             1.995              1282.22                     1.36079
6     12     4.6286          16             2.025              1235.5                     1.33576
6     12     4.6286          16             2.055              1188.23                     1.30996
6     12     4.6286          16             2.085              1137.23                     1.28154
6     12     4.6286          16             2.115              1085.33                     1.25196
6     12     4.6286          16             2.145              1034.9                     1.22252
6     12     4.6286          16             2.175              983.694                     1.19189
6     12     4.6286          16             2.205              933.373                     1.16101
6     12     4.6286          16             2.235              880.225                     1.12747
6     12     4.6286          16             2.265              825.191                     1.09165
6     12     4.6286          16             2.295              773.829                     1.05714
6     12     4.6286          16             2.325              721.359                     1.02067
6     12     4.6286          16             2.355              671.794                     0.984976
6     12     4.6286          16             2.385              619.457                     0.945831
6     12     4.6286          16             2.415              569.153                     0.906614
6     12     4.6286          16             2.445              517.804                     0.86475
6     12     4.6286          16             2.475              467.251                     0.821454
6     12     4.6286          16             2.505              417.204                     0.776215
6     12     4.6286          16             2.535              368.361                     0.729365
6     12     4.6286          16             2.565              316.965                     0.676571
6     12     4.6286          16             2.595              267.797                     0.621886
6     12     4.6286          16             2.625              218.824                     0.562154
6     12     4.6286          16             2.655              171.4                     0.497524
6     12     4.6286          16             2.685              122.645                     0.420856
6     12     4.6286          16             2.715              74.3859                     0.327758
6     12     4.6286          16             2.745              26.3285                     0.194994
6     12     4.6286          16             2.775              0.0519898                     0.00866497
6     12     4.6286          16             2.805              0                     0
6     12     4.6286          16             2.835              0                     0
6     12     4.6286          16             2.865              0                     0
6     12     4.6286          16             2.895              0                     0
6     12     4.6286          16             2.925              0                     0
6     12     4.6286          16             2.955              0                     0
*******************************************************************************************************
 Average angle 3.55549e+08 +- 75588.8 deg 
 Average E' 5.73761e+07 +- 12198 GeV 
