*******************************************************************************************************
Z     A     E(GeV)     Theta(deg)     Energy Loss(GeV)     Sigma(nb/sr/GeV)     ERROR     Citation     
*******************************************************************************************************
6     12     0.48          145             0.0012              0                     0
6     12     0.48          145             0.0036              0                     0
6     12     0.48          145             0.006              0                     0
6     12     0.48          145             0.0084              0                     0
6     12     0.48          145             0.0108              0                     0
6     12     0.48          145             0.0132              0                     0
6     12     0.48          145             0.0156              0                     0
6     12     0.48          145             0.018              0                     0
6     12     0.48          145             0.0204              0                     0
6     12     0.48          145             0.0228              0                     0
6     12     0.48          145             0.0252              0                     0
6     12     0.48          145             0.0276              0                     0
6     12     0.48          145             0.03              0                     0
6     12     0.48          145             0.0324              0                     0
6     12     0.48          145             0.0348              0                     0
6     12     0.48          145             0.0372              0                     0
6     12     0.48          145             0.0396              0                     0
6     12     0.48          145             0.042              0                     0
6     12     0.48          145             0.0444              0                     0
6     12     0.48          145             0.0468              0                     0
6     12     0.48          145             0.0492              0                     0
6     12     0.48          145             0.0516              0                     0
6     12     0.48          145             0.054              0                     0
6     12     0.48          145             0.0564              0                     0
6     12     0.48          145             0.0588              0                     0
6     12     0.48          145             0.0612              0                     0
6     12     0.48          145             0.0636              0                     0
6     12     0.48          145             0.066              0.452677                     0.452677
6     12     0.48          145             0.0684              0.905353                     0.640182
6     12     0.48          145             0.0708              0.452677                     0.452677
6     12     0.48          145             0.0732              0                     0
6     12     0.48          145             0.0756              0                     0
6     12     0.48          145             0.078              0                     0
6     12     0.48          145             0.0804              0                     0
6     12     0.48          145             0.0828              0                     0
6     12     0.48          145             0.0852              0.452677                     0.452677
6     12     0.48          145             0.0876              1.35803                     0.784059
6     12     0.48          145             0.09              0.452677                     0.452677
6     12     0.48          145             0.0924              0.905353                     0.640182
6     12     0.48          145             0.0948              0.452677                     0.452677
6     12     0.48          145             0.0972              1.35803                     0.784059
6     12     0.48          145             0.0996              0.905353                     0.640182
6     12     0.48          145             0.102              1.35803                     0.784059
6     12     0.48          145             0.1044              0.905353                     0.640182
6     12     0.48          145             0.1068              2.71606                     1.10883
6     12     0.48          145             0.1092              2.26338                     1.01222
6     12     0.48          145             0.1116              1.81071                     0.905353
6     12     0.48          145             0.114              3.62141                     1.28036
6     12     0.48          145             0.1164              4.07409                     1.35803
6     12     0.48          145             0.1188              1.81071                     0.905353
6     12     0.48          145             0.1212              2.71606                     1.10883
6     12     0.48          145             0.1236              4.97944                     1.50136
6     12     0.48          145             0.126              9.05353                     2.02443
6     12     0.48          145             0.1284              6.79015                     1.75321
6     12     0.48          145             0.1308              6.33747                     1.69376
6     12     0.48          145             0.1332              7.6955                     1.86643
6     12     0.48          145             0.1356              6.79015                     1.75321
6     12     0.48          145             0.138              12.2223                     2.35218
6     12     0.48          145             0.1404              16.749                     2.75353
6     12     0.48          145             0.1428              15.8437                     2.67807
6     12     0.48          145             0.1452              22.6338                     3.20091
6     12     0.48          145             0.1476              22.1812                     3.16874
6     12     0.48          145             0.15              20.8231                     3.0702
6     12     0.48          145             0.1524              28.5186                     3.59301
6     12     0.48          145             0.1548              27.6133                     3.53552
6     12     0.48          145             0.1572              33.4981                     3.89407
6     12     0.48          145             0.1596              44.815                     4.50408
6     12     0.48          145             0.162              46.6257                     4.59417
6     12     0.48          145             0.1644              50.2471                     4.76925
6     12     0.48          145             0.1668              65.6381                     5.45095
6     12     0.48          145             0.1692              58.848                     5.16131
6     12     0.48          145             0.1716              58.3953                     5.14142
6     12     0.48          145             0.174              62.9221                     5.33698
6     12     0.48          145             0.1764              84.6505                     6.19026
6     12     0.48          145             0.1788              84.1979                     6.17369
6     12     0.48          145             0.1812              95.9675                     6.59107
6     12     0.48          145             0.1836              99.1362                     6.699
6     12     0.48          145             0.186              114.98                     7.21448
6     12     0.48          145             0.1884              115.433                     7.22867
6     12     0.48          145             0.1908              135.803                     7.84059
6     12     0.48          145             0.1932              121.317                     7.41064
6     12     0.48          145             0.1956              146.667                     8.14818
6     12     0.48          145             0.198              155.268                     8.38369
6     12     0.48          145             0.2004              167.943                     8.71917
6     12     0.48          145             0.2028              186.503                     9.18833
6     12     0.48          145             0.2052              195.556                     9.40871
6     12     0.48          145             0.2076              171.564                     8.81268
6     12     0.48          145             0.21              200.536                     9.52774
6     12     0.48          145             0.2124              221.359                     10.0102
6     12     0.48          145             0.2148              215.021                     9.86586
6     12     0.48          145             0.2172              242.635                     10.4802
6     12     0.48          145             0.2196              241.277                     10.4509
6     12     0.48          145             0.222              263.005                     10.9113
6     12     0.48          145             0.2244              252.594                     10.6931
6     12     0.48          145             0.2268              292.882                     11.5144
6     12     0.48          145             0.2292              285.186                     11.3621
6     12     0.48          145             0.2316              294.693                     11.5499
6     12     0.48          145             0.234              283.376                     11.326
6     12     0.48          145             0.2364              305.557                     11.7609
6     12     0.48          145             0.2388              277.038                     11.1986
6     12     0.48          145             0.2412              291.071                     11.4787
6     12     0.48          145             0.2436              314.61                     11.9338
6     12     0.48          145             0.246              309.178                     11.8304
6     12     0.48          145             0.2484              336.339                     12.3391
6     12     0.48          145             0.2508              330.001                     12.2223
6     12     0.48          145             0.2532              314.61                     11.9338
6     12     0.48          145             0.2556              315.063                     11.9424
6     12     0.48          145             0.258              313.705                     11.9167
6     12     0.48          145             0.2604              292.429                     11.5055
6     12     0.48          145             0.2628              288.808                     11.434
6     12     0.48          145             0.2652              300.577                     11.6647
6     12     0.48          145             0.2676              275.68                     11.1711
6     12     0.48          145             0.27              297.861                     11.6118
6     12     0.48          145             0.2724              277.491                     11.2077
6     12     0.48          145             0.2748              262.1                     10.8925
6     12     0.48          145             0.2772              276.585                     11.1895
6     12     0.48          145             0.2796              252.594                     10.6931
6     12     0.48          145             0.282              250.33                     10.6451
6     12     0.48          145             0.2844              242.182                     10.4704
6     12     0.48          145             0.2868              234.939                     10.3127
6     12     0.48          145             0.2892              232.676                     10.2629
6     12     0.48          145             0.2916              218.19                     9.93829
6     12     0.48          145             0.294              230.412                     10.2129
6     12     0.48          145             0.2964              191.482                     9.31019
6     12     0.48          145             0.2988              181.976                     9.07614
6     12     0.48          145             0.3012              188.314                     9.23283
6     12     0.48          145             0.3036              178.807                     8.99677
6     12     0.48          145             0.306              172.017                     8.82429
6     12     0.48          145             0.3084              141.235                     7.99587
6     12     0.48          145             0.3108              137.161                     7.8797
6     12     0.48          145             0.3132              132.634                     7.74858
6     12     0.48          145             0.3156              114.527                     7.20026
6     12     0.48          145             0.318              111.811                     7.11437
6     12     0.48          145             0.3204              114.98                     7.21448
6     12     0.48          145             0.3228              115.885                     7.24283
6     12     0.48          145             0.3252              99.5889                     6.71428
6     12     0.48          145             0.3276              84.6505                     6.19026
6     12     0.48          145             0.33              89.63                     6.36973
6     12     0.48          145             0.3324              81.4818                     6.0733
6     12     0.48          145             0.3348              76.955                     5.90218
6     12     0.48          145             0.3372              63.3747                     5.35614
6     12     0.48          145             0.3396              51.1525                     4.81202
6     12     0.48          145             0.342              60.206                     5.22052
6     12     0.48          145             0.3444              47.5311                     4.63856
6     12     0.48          145             0.3468              47.9837                     4.66059
6     12     0.48          145             0.3492              43.0043                     4.41215
6     12     0.48          145             0.3516              46.173                     4.57181
6     12     0.48          145             0.354              37.5722                     4.12408
6     12     0.48          145             0.3564              37.5722                     4.12408
6     12     0.48          145             0.3588              22.1812                     3.16874
6     12     0.48          145             0.3612              30.3293                     3.70532
6     12     0.48          145             0.3636              25.3499                     3.38752
6     12     0.48          145             0.366              24.4445                     3.32648
6     12     0.48          145             0.3684              25.3499                     3.38752
6     12     0.48          145             0.3708              19.4651                     2.9684
6     12     0.48          145             0.3732              22.1812                     3.16874
6     12     0.48          145             0.3756              19.9178                     3.00272
6     12     0.48          145             0.378              19.4651                     2.9684
6     12     0.48          145             0.3804              14.4857                     2.56073
6     12     0.48          145             0.3828              13.1276                     2.43774
6     12     0.48          145             0.3852              15.391                     2.63954
6     12     0.48          145             0.3876              12.6749                     2.39534
6     12     0.48          145             0.39              9.95889                     2.12324
6     12     0.48          145             0.3924              9.05353                     2.02443
6     12     0.48          145             0.3948              10.4116                     2.17096
6     12     0.48          145             0.3972              4.07409                     1.35803
6     12     0.48          145             0.3996              5.8848                     1.63215
6     12     0.48          145             0.402              4.97944                     1.50136
6     12     0.48          145             0.4044              4.07409                     1.35803
6     12     0.48          145             0.4068              2.26338                     1.01222
6     12     0.48          145             0.4092              2.71606                     1.10883
6     12     0.48          145             0.4116              2.71606                     1.10883
6     12     0.48          145             0.414              2.26338                     1.01222
6     12     0.48          145             0.4164              1.35803                     0.784059
6     12     0.48          145             0.4188              1.35803                     0.784059
6     12     0.48          145             0.4212              1.81071                     0.905353
6     12     0.48          145             0.4236              1.81071                     0.905353
6     12     0.48          145             0.426              0.452677                     0.452677
6     12     0.48          145             0.4284              1.35803                     0.784059
6     12     0.48          145             0.4308              0.905353                     0.640182
6     12     0.48          145             0.4332              0.452677                     0.452677
6     12     0.48          145             0.4356              0                     0
6     12     0.48          145             0.438              0.452677                     0.452677
6     12     0.48          145             0.4404              0.905353                     0.640182
6     12     0.48          145             0.4428              0.905353                     0.640182
6     12     0.48          145             0.4452              0                     0
6     12     0.48          145             0.4476              0                     0
6     12     0.48          145             0.45              0                     0
6     12     0.48          145             0.4524              0                     0
6     12     0.48          145             0.4548              0                     0
6     12     0.48          145             0.4572              0                     0
6     12     0.48          145             0.4596              0                     0
6     12     0.48          145             0.462              0                     0
6     12     0.48          145             0.4644              0                     0
6     12     0.48          145             0.4668              0                     0
6     12     0.48          145             0.4692              0                     0
6     12     0.48          145             0.4716              0                     0
6     12     0.48          145             0.474              0                     0
6     12     0.48          145             0.4764              0                     0
*******************************************************************************************************
 Average mean_angle 4.91543e+06 +- 26695 deg 
 Average E' 7630.01 +- 41.4375 GeV 
