*******************************************************************************************************
Z     A     E(GeV)     Theta(deg)     Energy Loss(GeV)     Sigma(nb/sr/GeV)     ERROR     Citation     
*******************************************************************************************************
6     12     0.44          145             0.0011              0                     0
6     12     0.44          145             0.0033              0                     0
6     12     0.44          145             0.0055              0                     0
6     12     0.44          145             0.0077              0                     0
6     12     0.44          145             0.0099              0                     0
6     12     0.44          145             0.0121              0                     0
6     12     0.44          145             0.0143              0                     0
6     12     0.44          145             0.0165              0                     0
6     12     0.44          145             0.0187              0                     0
6     12     0.44          145             0.0209              0                     0
6     12     0.44          145             0.0231              0                     0
6     12     0.44          145             0.0253              0                     0
6     12     0.44          145             0.0275              0                     0
6     12     0.44          145             0.0297              0                     0
6     12     0.44          145             0.0319              0                     0
6     12     0.44          145             0.0341              0                     0
6     12     0.44          145             0.0363              0                     0
6     12     0.44          145             0.0385              0                     0
6     12     0.44          145             0.0407              0                     0
6     12     0.44          145             0.0429              0                     0
6     12     0.44          145             0.0451              0                     0
6     12     0.44          145             0.0473              0                     0
6     12     0.44          145             0.0495              0                     0
6     12     0.44          145             0.0517              0                     0
6     12     0.44          145             0.0539              0                     0
6     12     0.44          145             0.0561              0                     0
6     12     0.44          145             0.0583              0                     0
6     12     0.44          145             0.0605              0                     0
6     12     0.44          145             0.0627              0.47396                     0.47396
6     12     0.44          145             0.0649              0.47396                     0.47396
6     12     0.44          145             0.0671              0.47396                     0.47396
6     12     0.44          145             0.0693              0                     0
6     12     0.44          145             0.0715              0                     0
6     12     0.44          145             0.0737              0                     0
6     12     0.44          145             0.0759              0.947919                     0.67028
6     12     0.44          145             0.0781              0                     0
6     12     0.44          145             0.0803              0.47396                     0.47396
6     12     0.44          145             0.0825              0                     0
6     12     0.44          145             0.0847              0.47396                     0.47396
6     12     0.44          145             0.0869              0.47396                     0.47396
6     12     0.44          145             0.0891              0                     0
6     12     0.44          145             0.0913              1.42188                     0.820922
6     12     0.44          145             0.0935              1.89584                     0.947919
6     12     0.44          145             0.0957              1.42188                     0.820922
6     12     0.44          145             0.0979              1.42188                     0.820922
6     12     0.44          145             0.1001              0.47396                     0.47396
6     12     0.44          145             0.1023              3.79168                     1.34056
6     12     0.44          145             0.1045              0.947919                     0.67028
6     12     0.44          145             0.1067              2.3698                     1.05981
6     12     0.44          145             0.1089              1.42188                     0.820922
6     12     0.44          145             0.1111              1.89584                     0.947919
6     12     0.44          145             0.1133              1.89584                     0.947919
6     12     0.44          145             0.1155              4.26564                     1.42188
6     12     0.44          145             0.1177              2.3698                     1.05981
6     12     0.44          145             0.1199              4.26564                     1.42188
6     12     0.44          145             0.1221              2.84376                     1.16096
6     12     0.44          145             0.1243              2.3698                     1.05981
6     12     0.44          145             0.1265              2.84376                     1.16096
6     12     0.44          145             0.1287              3.31772                     1.25398
6     12     0.44          145             0.1309              3.31772                     1.25398
6     12     0.44          145             0.1331              9.47919                     2.11961
6     12     0.44          145             0.1353              6.63543                     1.77339
6     12     0.44          145             0.1375              8.53127                     2.01084
6     12     0.44          145             0.1397              8.05731                     1.95419
6     12     0.44          145             0.1419              8.53127                     2.01084
6     12     0.44          145             0.1441              5.68751                     1.64184
6     12     0.44          145             0.1463              11.375                     2.32192
6     12     0.44          145             0.1485              9.95315                     2.17196
6     12     0.44          145             0.1507              6.16147                     1.70889
6     12     0.44          145             0.1529              13.7448                     2.55235
6     12     0.44          145             0.1551              9.47919                     2.11961
6     12     0.44          145             0.1573              12.7969                     2.46277
6     12     0.44          145             0.1595              11.849                     2.3698
6     12     0.44          145             0.1617              14.6927                     2.63889
6     12     0.44          145             0.1639              10.9011                     2.27303
6     12     0.44          145             0.1661              18.0105                     2.92168
6     12     0.44          145             0.1683              12.3229                     2.41673
6     12     0.44          145             0.1705              12.3229                     2.41673
6     12     0.44          145             0.1727              14.6927                     2.63889
6     12     0.44          145             0.1749              18.4844                     2.95988
6     12     0.44          145             0.1771              17.5365                     2.88298
6     12     0.44          145             0.1793              18.9584                     2.99758
6     12     0.44          145             0.1815              21.3282                     3.17942
6     12     0.44          145             0.1837              21.3282                     3.17942
6     12     0.44          145             0.1859              25.5938                     3.48288
6     12     0.44          145             0.1881              25.5938                     3.48288
6     12     0.44          145             0.1903              33.1772                     3.96543
6     12     0.44          145             0.1925              36.9688                     4.1859
6     12     0.44          145             0.1947              31.2813                     3.85047
6     12     0.44          145             0.1969              35.073                     4.07715
6     12     0.44          145             0.1991              26.0678                     3.51498
6     12     0.44          145             0.2013              27.9636                     3.64055
6     12     0.44          145             0.2035              27.4897                     3.60957
6     12     0.44          145             0.2057              36.4949                     4.15898
6     12     0.44          145             0.2079              35.073                     4.07715
6     12     0.44          145             0.2101              41.2345                     4.4208
6     12     0.44          145             0.2123              48.3439                     4.78676
6     12     0.44          145             0.2145              48.8178                     4.81016
6     12     0.44          145             0.2167              38.8647                     4.29189
6     12     0.44          145             0.2189              48.8178                     4.81016
6     12     0.44          145             0.2211              46.448                     4.69196
6     12     0.44          145             0.2233              47.396                     4.7396
6     12     0.44          145             0.2255              49.2918                     4.83346
6     12     0.44          145             0.2277              62.5627                     5.44538
6     12     0.44          145             0.2299              52.6095                     4.99347
6     12     0.44          145             0.2321              67.7762                     5.66773
6     12     0.44          145             0.2343              76.7814                     6.03252
6     12     0.44          145             0.2365              70.146                     5.76597
6     12     0.44          145             0.2387              79.6252                     6.14322
6     12     0.44          145             0.2409              74.4116                     5.9387
6     12     0.44          145             0.2431              74.8856                     5.95758
6     12     0.44          145             0.2453              90.0523                     6.53308
6     12     0.44          145             0.2475              87.6825                     6.44655
6     12     0.44          145             0.2497              86.7346                     6.41161
6     12     0.44          145             0.2519              98.1096                     6.81909
6     12     0.44          145             0.2541              102.375                     6.96575
6     12     0.44          145             0.2563              103.797                     7.01396
6     12     0.44          145             0.2585              118.964                     7.50893
6     12     0.44          145             0.2607              132.235                     7.91668
6     12     0.44          145             0.2629              127.969                     7.78795
6     12     0.44          145             0.2651              126.547                     7.74456
6     12     0.44          145             0.2673              122.282                     7.61292
6     12     0.44          145             0.2695              127.969                     7.78795
6     12     0.44          145             0.2717              140.292                     8.15431
6     12     0.44          145             0.2739              149.771                     8.42529
6     12     0.44          145             0.2761              148.349                     8.3852
6     12     0.44          145             0.2783              142.188                     8.20922
6     12     0.44          145             0.2805              144.084                     8.26377
6     12     0.44          145             0.2827              160.198                     8.71364
6     12     0.44          145             0.2849              155.933                     8.59685
6     12     0.44          145             0.2871              182.948                     9.31183
6     12     0.44          145             0.2893              172.047                     9.03014
6     12     0.44          145             0.2915              185.792                     9.38392
6     12     0.44          145             0.2937              189.584                     9.47919
6     12     0.44          145             0.2959              189.584                     9.47919
6     12     0.44          145             0.2981              186.266                     9.39588
6     12     0.44          145             0.3003              205.698                     9.87384
6     12     0.44          145             0.3025              212.334                     10.0318
6     12     0.44          145             0.3047              213.756                     10.0654
6     12     0.44          145             0.3069              200.959                     9.75942
6     12     0.44          145             0.3091              209.016                     9.95315
6     12     0.44          145             0.3113              211.386                     10.0094
6     12     0.44          145             0.3135              217.547                     10.1542
6     12     0.44          145             0.3157              214.23                     10.0765
6     12     0.44          145             0.3179              213.282                     10.0542
6     12     0.44          145             0.3201              228.922                     10.4163
6     12     0.44          145             0.3223              230.818                     10.4594
6     12     0.44          145             0.3245              231.292                     10.4701
6     12     0.44          145             0.3267              245.511                     10.7871
6     12     0.44          145             0.3289              223.709                     10.297
6     12     0.44          145             0.3311              230.818                     10.4594
6     12     0.44          145             0.3333              230.818                     10.4594
6     12     0.44          145             0.3355              232.714                     10.5022
6     12     0.44          145             0.3377              207.594                     9.91924
6     12     0.44          145             0.3399              210.912                     9.99819
6     12     0.44          145             0.3421              218.969                     10.1874
6     12     0.44          145             0.3443              217.073                     10.1432
6     12     0.44          145             0.3465              226.079                     10.3514
6     12     0.44          145             0.3487              200.485                     9.74791
6     12     0.44          145             0.3509              199.063                     9.71328
6     12     0.44          145             0.3531              204.277                     9.83965
6     12     0.44          145             0.3553              183.896                     9.33592
6     12     0.44          145             0.3575              176.313                     9.1414
6     12     0.44          145             0.3597              179.157                     9.21483
6     12     0.44          145             0.3619              171.099                     9.00523
6     12     0.44          145             0.3641              173.469                     9.06738
6     12     0.44          145             0.3663              152.615                     8.5049
6     12     0.44          145             0.3685              153.089                     8.5181
6     12     0.44          145             0.3707              161.62                     8.75222
6     12     0.44          145             0.3729              146.927                     8.34492
6     12     0.44          145             0.3751              119.438                     7.52387
6     12     0.44          145             0.3773              122.756                     7.62766
6     12     0.44          145             0.3795              126.073                     7.73005
6     12     0.44          145             0.3817              130.813                     7.87401
6     12     0.44          145             0.3839              119.912                     7.53879
6     12     0.44          145             0.3861              128.443                     7.80236
6     12     0.44          145             0.3883              98.1096                     6.81909
6     12     0.44          145             0.3905              106.167                     7.09358
6     12     0.44          145             0.3927              98.5836                     6.83554
6     12     0.44          145             0.3949              89.5783                     6.51587
6     12     0.44          145             0.3971              100.953                     6.91721
6     12     0.44          145             0.3993              86.2606                     6.39406
6     12     0.44          145             0.4015              84.8388                     6.34115
6     12     0.44          145             0.4037              88.6304                     6.4813
6     12     0.44          145             0.4059              78.6773                     6.10654
6     12     0.44          145             0.4081              79.1512                     6.12491
6     12     0.44          145             0.4103              81.0471                     6.19782
6     12     0.44          145             0.4125              80.5731                     6.17968
6     12     0.44          145             0.4147              87.2085                     6.4291
6     12     0.44          145             0.4169              79.1512                     6.12491
6     12     0.44          145             0.4191              54.9793                     5.1047
6     12     0.44          145             0.4213              10.4271                     2.22307
6     12     0.44          145             0.4235              0                     0
6     12     0.44          145             0.4257              0                     0
6     12     0.44          145             0.4279              0                     0
6     12     0.44          145             0.4301              0                     0
6     12     0.44          145             0.4323              0                     0
6     12     0.44          145             0.4345              0                     0
6     12     0.44          145             0.4367              0                     0
*******************************************************************************************************
 Average mean_angle 4.30605e+06 +- 24984.2 deg 
 Average E' 3741.45 +- 21.7083 GeV 
