*******************************************************************************************************
Z     A     E(GeV)     Theta(deg)     Energy Loss(GeV)     Sigma(nb/sr/GeV)     ERROR     Citation     
*******************************************************************************************************
6     12     3.269          32.98             0.016345              0                     0
6     12     3.269          32.98             0.049035              0                     0
6     12     3.269          32.98             0.081725              0                     0
6     12     3.269          32.98             0.114415              0                     0
6     12     3.269          32.98             0.147105              0                     0
6     12     3.269          32.98             0.179795              0                     0
6     12     3.269          32.98             0.212485              0                     0
6     12     3.269          32.98             0.245175              0                     0
6     12     3.269          32.98             0.277865              0                     0
6     12     3.269          32.98             0.310555              0                     0
6     12     3.269          32.98             0.343245              0                     0
6     12     3.269          32.98             0.375935              0                     0
6     12     3.269          32.98             0.408625              0                     0
6     12     3.269          32.98             0.441315              0                     0
6     12     3.269          32.98             0.474005              0                     0
6     12     3.269          32.98             0.506695              0                     0
6     12     3.269          32.98             0.539385              0                     0
6     12     3.269          32.98             0.572075              0                     0
6     12     3.269          32.98             0.604765              0                     0
6     12     3.269          32.98             0.637455              0                     0
6     12     3.269          32.98             0.670145              0                     0
6     12     3.269          32.98             0.702835              0                     0
6     12     3.269          32.98             0.735525              0                     0
6     12     3.269          32.98             0.768215              0                     0
6     12     3.269          32.98             0.800905              0                     0
6     12     3.269          32.98             0.833595              0                     0
6     12     3.269          32.98             0.866285              0                     0
6     12     3.269          32.98             0.898975              0                     0
6     12     3.269          32.98             0.931665              0                     0
6     12     3.269          32.98             0.964355              0                     0
6     12     3.269          32.98             0.997045              0.0652355                     0.0652355
6     12     3.269          32.98             1.02974              0.130471                     0.092257
6     12     3.269          32.98             1.06243              0.0652355                     0.0652355
6     12     3.269          32.98             1.09512              0.652355                     0.206293
6     12     3.269          32.98             1.12781              0.456649                     0.172597
6     12     3.269          32.98             1.1605              0.652355                     0.206293
6     12     3.269          32.98             1.19319              0.58712                     0.195707
6     12     3.269          32.98             1.22588              2.54419                     0.407396
6     12     3.269          32.98             1.25857              3.00083                     0.442449
6     12     3.269          32.98             1.29126              4.0446                     0.513665
6     12     3.269          32.98             1.32395              6.19737                     0.635837
6     12     3.269          32.98             1.35664              9.13297                     0.771877
6     12     3.269          32.98             1.38933              9.32868                     0.780103
6     12     3.269          32.98             1.42202              10.8291                     0.840501
6     12     3.269          32.98             1.45471              15.3956                     1.00217
6     12     3.269          32.98             1.4874              20.0925                     1.14488
6     12     3.269          32.98             1.52009              24.2676                     1.25822
6     12     3.269          32.98             1.55278              28.8341                     1.3715
6     12     3.269          32.98             1.58547              35.4881                     1.52154
6     12     3.269          32.98             1.61816              40.8374                     1.63219
6     12     3.269          32.98             1.65085              47.2958                     1.75652
6     12     3.269          32.98             1.68354              58.0596                     1.94616
6     12     3.269          32.98             1.71623              63.0827                     2.0286
6     12     3.269          32.98             1.74892              71.8895                     2.16558
6     12     3.269          32.98             1.78161              82.7839                     2.32389
6     12     3.269          32.98             1.8143              88.3941                     2.40134
6     12     3.269          32.98             1.84699              62.5609                     2.0202
6     12     3.269          32.98             1.87968              25.1809                     1.28167
6     12     3.269          32.98             1.91237              1.56565                     0.319587
6     12     3.269          32.98             1.94506              0                     0
6     12     3.269          32.98             1.97775              0                     0
6     12     3.269          32.98             2.01044              0                     0
6     12     3.269          32.98             2.04312              0                     0
6     12     3.269          32.98             2.07581              0                     0
6     12     3.269          32.98             2.10851              0                     0
6     12     3.269          32.98             2.1412              0                     0
6     12     3.269          32.98             2.17389              0                     0
6     12     3.269          32.98             2.20657              0                     0
6     12     3.269          32.98             2.23927              0                     0
6     12     3.269          32.98             2.27196              0                     0
6     12     3.269          32.98             2.30465              0                     0
6     12     3.269          32.98             2.33733              0                     0
6     12     3.269          32.98             2.37003              0                     0
6     12     3.269          32.98             2.40272              0                     0
6     12     3.269          32.98             2.43541              0                     0
6     12     3.269          32.98             2.46809              0                     0
6     12     3.269          32.98             2.50079              0                     0
6     12     3.269          32.98             2.53348              0                     0
6     12     3.269          32.98             2.56617              0                     0
6     12     3.269          32.98             2.59885              0                     0
6     12     3.269          32.98             2.63155              0                     0
6     12     3.269          32.98             2.66424              0                     0
6     12     3.269          32.98             2.69693              0                     0
6     12     3.269          32.98             2.72962              0                     0
6     12     3.269          32.98             2.76231              0                     0
6     12     3.269          32.98             2.795              0                     0
6     12     3.269          32.98             2.82769              0                     0
6     12     3.269          32.98             2.86038              0                     0
6     12     3.269          32.98             2.89306              0                     0
6     12     3.269          32.98             2.92576              0                     0
6     12     3.269          32.98             2.95845              0                     0
6     12     3.269          32.98             2.99114              0                     0
6     12     3.269          32.98             3.02382              0                     0
6     12     3.269          32.98             3.05652              0                     0
6     12     3.269          32.98             3.08921              0                     0
6     12     3.269          32.98             3.1219              0                     0
6     12     3.269          32.98             3.15459              0                     0
6     12     3.269          32.98             3.18728              0                     0
6     12     3.269          32.98             3.21997              0                     0
*******************************************************************************************************
 Average mean_angle 359417 +- 3436.92 deg 
 Average E' 17295.3 +- 165.386 GeV 
