*******************************************************************************************************
Z     A     E(GeV)     Theta(deg)     Energy Loss(GeV)     Sigma(nb/sr/GeV)     ERROR     Citation     
*******************************************************************************************************
6     12     2.346          20             0.711              2510.3                     3.0462
6     12     2.346          20             0.733              2245.73                     2.88121
6     12     2.346          20             0.755              2008.7                     2.72492
6     12     2.346          20             0.777              1803.29                     2.58183
6     12     2.346          20             0.799              1635.16                     2.45854
6     12     2.346          20             0.821              1500.63                     2.35523
6     12     2.346          20             0.843              1392.45                     2.26874
6     12     2.346          20             0.865              1302.84                     2.19453
6     12     2.346          20             0.887              1221.86                     2.12524
6     12     2.346          20             0.909              1150.73                     2.06244
6     12     2.346          20             0.931              1073.59                     1.99212
6     12     2.346          20             0.953              983.602                     1.9068
6     12     2.346          20             0.975              886.143                     1.80987
6     12     2.346          20             0.997              779.251                     1.69721
6     12     2.346          20             1.019              657.558                     1.55906
6     12     2.346          20             1.041              524.192                     1.39201
6     12     2.346          20             1.063              386.918                     1.19593
6     12     2.346          20             1.085              240.843                     0.943546
6     12     2.346          20             1.107              92.7899                     0.585661
6     12     2.346          20             1.129              1.15331                     0.0652935
6     12     2.346          20             1.151              0                     0
6     12     2.346          20             1.173              0                     0
6     12     2.346          20             1.195              0                     0
6     12     2.346          20             1.217              0                     0
6     12     2.346          20             1.239              0                     0
6     12     2.346          20             1.261              0                     0
6     12     2.346          20             1.283              0                     0
6     12     2.346          20             1.305              0                     0
6     12     2.346          20             1.327              0                     0
6     12     2.346          20             1.349              0                     0
6     12     2.346          20             1.371              0                     0
6     12     2.346          20             1.393              0                     0
6     12     2.346          20             1.415              0                     0
6     12     2.346          20             1.437              0                     0
6     12     2.346          20             1.459              0                     0
6     12     2.346          20             1.481              0                     0
6     12     2.346          20             1.503              0                     0
6     12     2.346          20             1.525              0                     0
6     12     2.346          20             1.547              0                     0
6     12     2.346          20             1.569              0                     0
6     12     2.346          20             1.591              0                     0
6     12     2.346          20             1.613              0                     0
6     12     2.346          20             1.635              0                     0
6     12     2.346          20             1.657              0                     0
6     12     2.346          20             1.679              0                     0
6     12     2.346          20             1.701              0                     0
6     12     2.346          20             1.723              0                     0
6     12     2.346          20             1.745              0                     0
6     12     2.346          20             1.767              0                     0
*******************************************************************************************************
 Average angle 2.52608e+08 +- 71191.8 deg 
 Average E' 2.05128e+07 +- 5781.08 GeV 
