*******************************************************************************************************
Z     A     E(GeV)     Theta(deg)     Energy Loss(GeV)     Sigma(nb/sr/GeV)     ERROR     Citation     
*******************************************************************************************************
6     12     4.045          15             0.020225              0                     0
6     12     4.045          15             0.060675              0                     0
6     12     4.045          15             0.101125              0.451119                     0.225559
6     12     4.045          15             0.141575              2.25559                     0.504366
6     12     4.045          15             0.182025              10.1502                     1.06992
6     12     4.045          15             0.222475              40.1496                     2.12792
6     12     4.045          15             0.262925              128.794                     3.81122
6     12     4.045          15             0.303375              341.61                     6.20698
6     12     4.045          15             0.343825              702.843                     8.90317
6     12     4.045          15             0.384275              1135.58                     11.3168
6     12     4.045          15             0.424725              1615.79                     13.4992
6     12     4.045          15             0.465175              2007.48                     15.0467
6     12     4.045          15             0.505625              2295.86                     16.0912
6     12     4.045          15             0.546075              2411.34                     16.4909
6     12     4.045          15             0.586525              2421.38                     16.5252
6     12     4.045          15             0.626975              2413.48                     16.4982
6     12     4.045          15             0.667425              2433.9                     16.5679
6     12     4.045          15             0.707875              2424.76                     16.5367
6     12     4.045          15             0.748325              2464.46                     16.6716
6     12     4.045          15             0.788775              2528.63                     16.8872
6     12     4.045          15             0.829225              2520.96                     16.8616
6     12     4.045          15             0.869675              2574.53                     17.0398
6     12     4.045          15             0.910125              2528.97                     16.8884
6     12     4.045          15             0.950575              2599.12                     17.121
6     12     4.045          15             0.991025              2645.02                     17.2715
6     12     4.045          15             1.03147              2777.76                     17.6996
6     12     4.045          15             1.07193              2929.23                     18.1757
6     12     4.045          15             1.11237              3087.12                     18.6592
6     12     4.045          15             1.15282              3299.37                     19.2899
6     12     4.045          15             1.19327              3434.93                     19.6822
6     12     4.045          15             1.23372              3650.9                     20.2916
6     12     4.045          15             1.27417              3754.44                     20.5773
6     12     4.045          15             1.31462              3861.01                     20.8673
6     12     4.045          15             1.35508              3890.56                     20.947
6     12     4.045          15             1.39552              3838.34                     20.8059
6     12     4.045          15             1.43598              3835.3                     20.7977
6     12     4.045          15             1.47642              3717.78                     20.4766
6     12     4.045          15             1.51687              3668.95                     20.3417
6     12     4.045          15             1.55732              3556.85                     20.0285
6     12     4.045          15             1.59777              3445.64                     19.7129
6     12     4.045          15             1.63822              3331.96                     19.385
6     12     4.045          15             1.67867              3227.19                     19.0778
6     12     4.045          15             1.71913              3140.24                     18.819
6     12     4.045          15             1.75957              3075.16                     18.623
6     12     4.045          15             1.80002              2983.7                     18.344
6     12     4.045          15             1.84047              2856.26                     17.9479
6     12     4.045          15             1.88092              2749.46                     17.6092
6     12     4.045          15             1.92137              2685.51                     17.4032
6     12     4.045          15             1.96182              2667.69                     17.3454
6     12     4.045          15             2.00228              2647.16                     17.2785
6     12     4.045          15             2.04272              2571.83                     17.0309
6     12     4.045          15             2.08317              2546.23                     16.9459
6     12     4.045          15             2.12363              2460.06                     16.6567
6     12     4.045          15             2.16407              2438.3                     16.5828
6     12     4.045          15             2.20452              2384.5                     16.3989
6     12     4.045          15             2.24497              2367.13                     16.339
6     12     4.045          15             2.28543              2327.1                     16.2003
6     12     4.045          15             2.32587              2253.56                     15.9423
6     12     4.045          15             2.36632              2248.94                     15.9259
6     12     4.045          15             2.40678              2221.76                     15.8294
6     12     4.045          15             2.44722              2158.38                     15.602
6     12     4.045          15             2.48767              2132.89                     15.5096
6     12     4.045          15             2.52812              2088                     15.3455
6     12     4.045          15             2.56858              2039.06                     15.1646
6     12     4.045          15             2.60902              1962.82                     14.8784
6     12     4.045          15             2.64947              1925.04                     14.7345
6     12     4.045          15             2.68993              1928.65                     14.7483
6     12     4.045          15             2.73037              1846.2                     14.4296
6     12     4.045          15             2.77082              1839.1                     14.4018
6     12     4.045          15             2.81127              1772.67                     14.1394
6     12     4.045          15             2.85173              1724.18                     13.9446
6     12     4.045          15             2.89217              1689.44                     13.8034
6     12     4.045          15             2.93262              1693.73                     13.8209
6     12     4.045          15             2.97308              1630.68                     13.5613
6     12     4.045          15             3.01353              1575.53                     13.33
6     12     4.045          15             3.05397              1533.58                     13.1513
6     12     4.045          15             3.09442              1510.8                     13.0532
6     12     4.045          15             3.13488              1437.72                     12.7336
6     12     4.045          15             3.17532              1408.05                     12.6016
6     12     4.045          15             3.21577              1340.39                     12.2951
6     12     4.045          15             3.25622              1290.76                     12.0653
6     12     4.045          15             3.29668              1265.5                     11.9467
6     12     4.045          15             3.33712              1228.06                     11.7686
6     12     4.045          15             3.37757              1160.73                     11.4414
6     12     4.045          15             3.41803              1127.12                     11.2746
6     12     4.045          15             3.45847              1075.02                     11.0109
6     12     4.045          15             3.49892              1016.82                     10.7087
6     12     4.045          15             3.53937              977.349                     10.4988
6     12     4.045          15             3.57983              923.891                     10.2077
6     12     4.045          15             3.62027              843.366                     9.75267
6     12     4.045          15             3.66072              802.427                     9.51302
6     12     4.045          15             3.70118              746.263                     9.17406
6     12     4.045          15             3.74162              675.437                     8.72786
6     12     4.045          15             3.78207              593.334                     8.18022
6     12     4.045          15             3.82252              525.892                     7.70129
6     12     4.045          15             3.86298              432.059                     6.98051
6     12     4.045          15             3.90342              346.346                     6.24987
6     12     4.045          15             3.94387              256.123                     5.37452
6     12     4.045          15             3.98433              42.0668                     2.17814
*******************************************************************************************************
 Average angle 14.8218 +- 0.0112794 deg 
 Average E' 2.22003 +- 0.00168943 GeV 
