*******************************************************************************************************
Z     A     E(GeV)     Theta(deg)     Energy Loss(GeV)     Sigma(nb/sr/GeV)     ERROR     Citation     
*******************************************************************************************************
6     12     0.36          90             0.0018              0                     0
6     12     0.36          90             0.0054              0                     0
6     12     0.36          90             0.009              0.890748                     0.363646
6     12     0.36          90             0.0126              23.6048                     1.87198
6     12     0.36          90             0.0162              54.781                     2.85179
6     12     0.36          90             0.0198              99.6153                     3.84561
6     12     0.36          90             0.0234              136.581                     4.50295
6     12     0.36          90             0.027              202.2                     5.47888
6     12     0.36          90             0.0306              263.661                     6.25641
6     12     0.36          90             0.0342              356.151                     7.27141
6     12     0.36          90             0.0378              456.211                     8.22972
6     12     0.36          90             0.0414              595.614                     9.40338
6     12     0.36          90             0.045              714.677                     10.3005
6     12     0.36          90             0.0486              873.378                     11.3868
6     12     0.36          90             0.0522              1032.82                     12.3827
6     12     0.36          90             0.0558              1208.75                     13.3958
6     12     0.36          90             0.0594              1367.15                     14.2466
6     12     0.36          90             0.063              1561.04                     15.2233
6     12     0.36          90             0.0666              1768.43                     16.203
6     12     0.36          90             0.0702              1955.93                     17.0404
6     12     0.36          90             0.0738              2140.47                     17.8261
6     12     0.36          90             0.0774              2326.78                     18.5857
6     12     0.36          90             0.081              2518.59                     19.3366
6     12     0.36          90             0.0846              2681.89                     19.9537
6     12     0.36          90             0.0882              2836.14                     20.5195
6     12     0.36          90             0.0918              2927.29                     20.8466
6     12     0.36          90             0.0954              3031.07                     21.2129
6     12     0.36          90             0.099              3168.54                     21.6886
6     12     0.36          90             0.1026              3164.53                     21.6749
6     12     0.36          90             0.1062              3253.01                     21.9758
6     12     0.36          90             0.1098              3228.37                     21.8924
6     12     0.36          90             0.1134              3275.73                     22.0524
6     12     0.36          90             0.117              3226.59                     21.8864
6     12     0.36          90             0.1206              3206.84                     21.8193
6     12     0.36          90             0.1242              3134.84                     21.5729
6     12     0.36          90             0.1278              3056.3                     21.301
6     12     0.36          90             0.1314              2922.69                     20.8302
6     12     0.36          90             0.135              2807.79                     20.4166
6     12     0.36          90             0.1386              2736.97                     20.1575
6     12     0.36          90             0.1422              2573.67                     19.5469
6     12     0.36          90             0.1458              2419.57                     18.9527
6     12     0.36          90             0.1494              2295.31                     18.4596
6     12     0.36          90             0.153              2111.67                     17.7058
6     12     0.36          90             0.1566              1948.36                     17.0074
6     12     0.36          90             0.1602              1823.96                     16.4554
6     12     0.36          90             0.1638              1678.47                     15.7855
6     12     0.36          90             0.1674              1497.94                     14.9125
6     12     0.36          90             0.171              1382.59                     14.3268
6     12     0.36          90             0.1746              1208                     13.3917
6     12     0.36          90             0.1782              1082.85                     12.679
6     12     0.36          90             0.1818              975.369                     12.0333
6     12     0.36          90             0.1854              870.261                     11.3665
6     12     0.36          90             0.189              758.769                     10.6134
6     12     0.36          90             0.1926              660.935                     9.90561
6     12     0.36          90             0.1962              576.611                     9.25216
6     12     0.36          90             0.1998              521.385                     8.79794
6     12     0.36          90             0.2034              440.92                     8.09062
6     12     0.36          90             0.207              381.24                     7.52317
6     12     0.36          90             0.2106              318.739                     6.87891
6     12     0.36          90             0.2142              278.656                     6.43185
6     12     0.36          90             0.2178              235.009                     5.90669
6     12     0.36          90             0.2214              191.511                     5.3321
6     12     0.36          90             0.225              173.993                     5.08238
6     12     0.36          90             0.2286              146.528                     4.66404
6     12     0.36          90             0.2322              118.469                     4.19377
6     12     0.36          90             0.2358              107.038                     3.98631
6     12     0.36          90             0.2394              83.1365                     3.51316
6     12     0.36          90             0.243              70.666                     3.23897
6     12     0.36          90             0.2466              55.6718                     2.87488
6     12     0.36          90             0.2502              48.6942                     2.68869
6     12     0.36          90             0.2538              33.2546                     2.22192
6     12     0.36          90             0.2574              28.9493                     2.0731
6     12     0.36          90             0.261              23.6048                     1.87198
6     12     0.36          90             0.2646              16.6273                     1.57113
6     12     0.36          90             0.2682              12.7674                     1.37674
6     12     0.36          90             0.2718              8.61056                     1.13062
6     12     0.36          90             0.2754              7.86827                     1.08079
6     12     0.36          90             0.279              4.30528                     0.799471
6     12     0.36          90             0.2826              2.52379                     0.612108
6     12     0.36          90             0.2862              1.63304                     0.492379
6     12     0.36          90             0.2898              1.92995                     0.535273
6     12     0.36          90             0.2934              1.92995                     0.535273
6     12     0.36          90             0.297              0.593832                     0.296916
6     12     0.36          90             0.3006              0.890748                     0.363646
6     12     0.36          90             0.3042              0.890748                     0.363646
6     12     0.36          90             0.3078              0.593832                     0.296916
6     12     0.36          90             0.3114              0.296916                     0.209951
6     12     0.36          90             0.315              0.445374                     0.257137
6     12     0.36          90             0.3186              0.445374                     0.257137
6     12     0.36          90             0.3222              0                     0
6     12     0.36          90             0.3258              0                     0
6     12     0.36          90             0.3294              0                     0
6     12     0.36          90             0.333              0                     0
6     12     0.36          90             0.3366              0                     0
6     12     0.36          90             0.3402              0                     0
6     12     0.36          90             0.3438              0                     0
6     12     0.36          90             0.3474              0                     0
6     12     0.36          90             0.351              0                     0
6     12     0.36          90             0.3546              0                     0
*******************************************************************************************************
 Average mean_angle 5.78747e+07 +- 72158.7 deg 
 Average E' 155674 +- 194.096 GeV 
