*******************************************************************************************************
Z     A     E(GeV)     Theta(deg)     Energy Loss(GeV)     Sigma(nb/sr/GeV)     ERROR     Citation     
*******************************************************************************************************
6     12     2.015          35.51             0.010075              0                     0
6     12     2.015          35.51             0.030225              0                     0
6     12     2.015          35.51             0.050375              0                     0
6     12     2.015          35.51             0.070525              0                     0
6     12     2.015          35.51             0.090675              0                     0
6     12     2.015          35.51             0.110825              0                     0
6     12     2.015          35.51             0.130975              0                     0
6     12     2.015          35.51             0.151125              0                     0
6     12     2.015          35.51             0.171275              0                     0
6     12     2.015          35.51             0.191425              0                     0
6     12     2.015          35.51             0.211575              0                     0
6     12     2.015          35.51             0.231725              0                     0
6     12     2.015          35.51             0.251875              0.202777                     0.202777
6     12     2.015          35.51             0.272025              0.608332                     0.351221
6     12     2.015          35.51             0.292175              2.02777                     0.641238
6     12     2.015          35.51             0.312325              3.64999                     0.860312
6     12     2.015          35.51             0.332475              5.88054                     1.09199
6     12     2.015          35.51             0.352625              9.93609                     1.41944
6     12     2.015          35.51             0.372775              14.8028                     1.73253
6     12     2.015          35.51             0.392925              25.1444                     2.25803
6     12     2.015          35.51             0.413075              37.7166                     2.76552
6     12     2.015          35.51             0.433225              57.7916                     3.42328
6     12     2.015          35.51             0.453375              81.111                     4.05555
6     12     2.015          35.51             0.473525              114.772                     4.82423
6     12     2.015          35.51             0.493675              144.175                     5.40697
6     12     2.015          35.51             0.513825              177.633                     6.00166
6     12     2.015          35.51             0.533975              209.266                     6.51417
6     12     2.015          35.51             0.554125              239.48                     6.96858
6     12     2.015          35.51             0.574275              255.297                     7.19503
6     12     2.015          35.51             0.594425              265.638                     7.33931
6     12     2.015          35.51             0.614575              279.427                     7.52739
6     12     2.015          35.51             0.634725              294.027                     7.72153
6     12     2.015          35.51             0.654875              292.608                     7.70287
6     12     2.015          35.51             0.675025              285.105                     7.60348
6     12     2.015          35.51             0.695175              315.116                     7.99365
6     12     2.015          35.51             0.715325              321.402                     8.07299
6     12     2.015          35.51             0.735475              320.388                     8.06024
6     12     2.015          35.51             0.755625              359.727                     8.54076
6     12     2.015          35.51             0.775775              345.938                     8.37547
6     12     2.015          35.51             0.795925              358.713                     8.52871
6     12     2.015          35.51             0.816075              388.724                     8.87832
6     12     2.015          35.51             0.836225              375.544                     8.7265
6     12     2.015          35.51             0.856375              400.891                     9.01619
6     12     2.015          35.51             0.876525              407.38                     9.08886
6     12     2.015          35.51             0.896675              418.127                     9.20797
6     12     2.015          35.51             0.916825              391.36                     8.90837
6     12     2.015          35.51             0.936975              424.819                     9.28136
6     12     2.015          35.51             0.957125              443.88                     9.4873
6     12     2.015          35.51             0.977275              462.738                     9.68673
6     12     2.015          35.51             0.997425              481.596                     9.88215
6     12     2.015          35.51             1.01758              504.916                     10.1186
6     12     2.015          35.51             1.03773              520.732                     10.2758
6     12     2.015          35.51             1.05788              540.199                     10.4661
6     12     2.015          35.51             1.07803              583.593                     10.8784
6     12     2.015          35.51             1.09818              594.543                     10.98
6     12     2.015          35.51             1.11833              608.332                     11.1066
6     12     2.015          35.51             1.13848              677.885                     11.7243
6     12     2.015          35.51             1.15863              698.163                     11.8984
6     12     2.015          35.51             1.17878              752.71                     12.3545
6     12     2.015          35.51             1.19893              736.69                     12.2223
6     12     2.015          35.51             1.21908              765.89                     12.4622
6     12     2.015          35.51             1.23923              777.651                     12.5575
6     12     2.015          35.51             1.25938              767.715                     12.477
6     12     2.015          35.51             1.27953              826.318                     12.9444
6     12     2.015          35.51             1.29968              805.026                     12.7766
6     12     2.015          35.51             1.31983              835.037                     13.0126
6     12     2.015          35.51             1.33998              816.787                     12.8696
6     12     2.015          35.51             1.36013              806.243                     12.7862
6     12     2.015          35.51             1.38028              806.446                     12.7878
6     12     2.015          35.51             1.40043              794.279                     12.691
6     12     2.015          35.51             1.42058              788.399                     12.6439
6     12     2.015          35.51             1.44073              758.996                     12.4059
6     12     2.015          35.51             1.46088              727.971                     12.1497
6     12     2.015          35.51             1.48103              751.899                     12.3478
6     12     2.015          35.51             1.50118              721.279                     12.0938
6     12     2.015          35.51             1.52133              720.063                     12.0836
6     12     2.015          35.51             1.54148              691.471                     11.8412
6     12     2.015          35.51             1.56163              673.627                     11.6874
6     12     2.015          35.51             1.58178              655.782                     11.5316
6     12     2.015          35.51             1.60193              658.621                     11.5565
6     12     2.015          35.51             1.62208              675.046                     11.6997
6     12     2.015          35.51             1.64223              634.085                     11.3392
6     12     2.015          35.51             1.66238              614.01                     11.1583
6     12     2.015          35.51             1.68253              617.457                     11.1896
6     12     2.015          35.51             1.70268              577.307                     10.8197
6     12     2.015          35.51             1.72283              568.791                     10.7395
6     12     2.015          35.51             1.74298              571.427                     10.7644
6     12     2.015          35.51             1.76313              519.921                     10.2678
6     12     2.015          35.51             1.78328              529.655                     10.3635
6     12     2.015          35.51             1.80343              508.363                     10.1531
6     12     2.015          35.51             1.82358              434.958                     9.39146
6     12     2.015          35.51             1.84373              369.663                     8.65791
6     12     2.015          35.51             1.86388              348.169                     8.40243
6     12     2.015          35.51             1.88403              287.538                     7.63585
6     12     2.015          35.51             1.90418              258.947                     7.24628
6     12     2.015          35.51             1.92433              234.613                     6.89741
6     12     2.015          35.51             1.94448              186.758                     6.15388
6     12     2.015          35.51             1.96463              131.603                     5.16585
6     12     2.015          35.51             1.98478              67.7277                     3.70589
*******************************************************************************************************
 Average angle 35.4333 +- 0.0813019 deg 
 Average E' 0.731308 +- 0.00167799 GeV 
