*******************************************************************************************************
Z     A     E(GeV)     Theta(deg)     Energy Loss(GeV)     Sigma(nb/sr/GeV)     ERROR     Citation     
*******************************************************************************************************
6     12     1.2044          55             0.308333              64.5395                     0.895691
6     12     1.2044          55             0.325              98.2139                     1.10492
6     12     1.2044          55             0.341667              141.932                     1.32827
6     12     1.2044          55             0.358333              191.655                     1.54349
6     12     1.2044          55             0.375              244.273                     1.74254
6     12     1.2044          55             0.391667              296.979                     1.92136
6     12     1.2044          55             0.408333              346.477                     2.07531
6     12     1.2044          55             0.425              378.921                     2.1703
6     12     1.2044          55             0.441667              406.815                     2.24877
6     12     1.2044          55             0.458333              423.746                     2.29508
6     12     1.2044          55             0.475              424.703                     2.29767
6     12     1.2044          55             0.491667              421.222                     2.28824
6     12     1.2044          55             0.508333              405.535                     2.24522
6     12     1.2044          55             0.525              389.325                     2.19989
6     12     1.2044          55             0.541667              381.047                     2.17638
6     12     1.2044          55             0.558333              376.932                     2.1646
6     12     1.2044          55             0.575              379.717                     2.17258
6     12     1.2044          55             0.591667              385.211                     2.18824
6     12     1.2044          55             0.608333              406.616                     2.24822
6     12     1.2044          55             0.625              422.503                     2.29171
6     12     1.2044          55             0.641667              438.389                     2.3344
6     12     1.2044          55             0.658333              455.158                     2.37863
6     12     1.2044          55             0.675              462.84                     2.39862
6     12     1.2044          55             0.691667              473.083                     2.42501
6     12     1.2044          55             0.708333              464.667                     2.40335
6     12     1.2044          55             0.725              459.471                     2.38987
6     12     1.2044          55             0.741667              458.676                     2.3878
6     12     1.2044          55             0.758333              459.247                     2.38929
6     12     1.2044          55             0.775              459.359                     2.38958
*******************************************************************************************************
 Average angle 54.9576 +- 0.0387648 deg 
 Average E' 0.406525 +- 0.000286746 GeV 
