*******************************************************************************************************
Z     A     E(GeV)     Theta(deg)     Energy Loss(GeV)     Sigma(nb/sr/GeV)     ERROR     Citation     
*******************************************************************************************************
6     12     4.6286          25             0.015              0                     0
6     12     4.6286          25             0.045              0                     0
6     12     4.6286          25             0.075              0                     0
6     12     4.6286          25             0.105              0                     0
6     12     4.6286          25             0.135              0                     0
6     12     4.6286          25             0.165              0                     0
6     12     4.6286          25             0.195              0                     0
6     12     4.6286          25             0.225              0                     0
6     12     4.6286          25             0.255              0                     0
6     12     4.6286          25             0.285              0                     0
6     12     4.6286          25             0.315              0                     0
6     12     4.6286          25             0.345              0                     0
6     12     4.6286          25             0.375              0                     0
6     12     4.6286          25             0.405              0                     0
6     12     4.6286          25             0.435              0                     0
6     12     4.6286          25             0.465              0                     0
6     12     4.6286          25             0.495              0                     0
6     12     4.6286          25             0.525              0.000941902                     0.000941902
6     12     4.6286          25             0.555              0                     0
6     12     4.6286          25             0.585              0                     0
6     12     4.6286          25             0.615              0                     0
6     12     4.6286          25             0.645              0                     0
6     12     4.6286          25             0.675              0.0018838                     0.00133205
6     12     4.6286          25             0.705              0.00470951                     0.00210616
6     12     4.6286          25             0.735              0.00470951                     0.00210616
6     12     4.6286          25             0.765              0.00376761                     0.0018838
6     12     4.6286          25             0.795              0.0141285                     0.00364797
6     12     4.6286          25             0.825              0.0141285                     0.00364797
6     12     4.6286          25             0.855              0.0254313                     0.00489426
6     12     4.6286          25             0.885              0.0348504                     0.00572936
6     12     4.6286          25             0.915              0.0348504                     0.00572936
6     12     4.6286          25             0.945              0.0536884                     0.0071112
6     12     4.6286          25             0.975              0.0706426                     0.00815711
6     12     4.6286          25             1.005              0.066875                     0.00793661
6     12     4.6286          25             1.035              0.0706426                     0.00815711
6     12     4.6286          25             1.065              0.0857131                     0.00898517
6     12     4.6286          25             1.095              0.0715845                     0.00821131
6     12     4.6286          25             1.125              0.0536884                     0.0071112
6     12     4.6286          25             1.155              0.00376761                     0.0018838
6     12     4.6286          25             1.185              0                     0
6     12     4.6286          25             1.215              0                     0
6     12     4.6286          25             1.245              0                     0
6     12     4.6286          25             1.275              0                     0
6     12     4.6286          25             1.305              0                     0
6     12     4.6286          25             1.335              0                     0
6     12     4.6286          25             1.365              0                     0
6     12     4.6286          25             1.395              0                     0
6     12     4.6286          25             1.425              0                     0
6     12     4.6286          25             1.455              0                     0
6     12     4.6286          25             1.485              0                     0
6     12     4.6286          25             1.515              0                     0
6     12     4.6286          25             1.545              0                     0
6     12     4.6286          25             1.575              0                     0
6     12     4.6286          25             1.605              0                     0
6     12     4.6286          25             1.635              0                     0
6     12     4.6286          25             1.665              0                     0
6     12     4.6286          25             1.695              0                     0
6     12     4.6286          25             1.725              0                     0
6     12     4.6286          25             1.755              0                     0
6     12     4.6286          25             1.785              0                     0
6     12     4.6286          25             1.815              0                     0
6     12     4.6286          25             1.845              0                     0
6     12     4.6286          25             1.875              0                     0
6     12     4.6286          25             1.905              0                     0
6     12     4.6286          25             1.935              0                     0
6     12     4.6286          25             1.965              0                     0
6     12     4.6286          25             1.995              0                     0
6     12     4.6286          25             2.025              0                     0
6     12     4.6286          25             2.055              0                     0
6     12     4.6286          25             2.085              0                     0
6     12     4.6286          25             2.115              0                     0
6     12     4.6286          25             2.145              0                     0
6     12     4.6286          25             2.175              0                     0
6     12     4.6286          25             2.205              0                     0
6     12     4.6286          25             2.235              0                     0
6     12     4.6286          25             2.265              0                     0
6     12     4.6286          25             2.295              0                     0
6     12     4.6286          25             2.325              0                     0
6     12     4.6286          25             2.355              0                     0
6     12     4.6286          25             2.385              0                     0
6     12     4.6286          25             2.415              0                     0
6     12     4.6286          25             2.445              0                     0
6     12     4.6286          25             2.475              0                     0
6     12     4.6286          25             2.505              0                     0
6     12     4.6286          25             2.535              0                     0
6     12     4.6286          25             2.565              0                     0
6     12     4.6286          25             2.595              0                     0
6     12     4.6286          25             2.625              0                     0
6     12     4.6286          25             2.655              0                     0
6     12     4.6286          25             2.685              0                     0
6     12     4.6286          25             2.715              0                     0
6     12     4.6286          25             2.745              0                     0
6     12     4.6286          25             2.775              0                     0
6     12     4.6286          25             2.805              0                     0
6     12     4.6286          25             2.835              0                     0
6     12     4.6286          25             2.865              0                     0
6     12     4.6286          25             2.895              0                     0
6     12     4.6286          25             2.925              0                     0
6     12     4.6286          25             2.955              0                     0
*******************************************************************************************************
 Average mean_angle 15604.4 +- 610.181 deg 
 Average E' 2376.13 +- 92.914 GeV 
