*******************************************************************************************************
Z     A     E(GeV)     Theta(deg)     Energy Loss(GeV)     Sigma(nb/sr/GeV)     ERROR     Citation     
*******************************************************************************************************
6     12     1.299          37.5             0.006495              0                     0
6     12     1.299          37.5             0.019485              0                     0
6     12     1.299          37.5             0.032475              0                     0
6     12     1.299          37.5             0.045465              0                     0
6     12     1.299          37.5             0.058455              2.36898                     0.657038
6     12     1.299          37.5             0.071445              2.73344                     0.705772
6     12     1.299          37.5             0.084435              5.10242                     0.964268
6     12     1.299          37.5             0.097425              9.65816                     1.32665
6     12     1.299          37.5             0.110415              18.2229                     1.82229
6     12     1.299          37.5             0.123405              39.9083                     2.69675
6     12     1.299          37.5             0.136395              61.958                     3.36015
6     12     1.299          37.5             0.149385              104.6                     4.36591
6     12     1.299          37.5             0.162375              168.927                     5.54828
6     12     1.299          37.5             0.175365              265.873                     6.96059
6     12     1.299          37.5             0.188355              396.714                     8.50252
6     12     1.299          37.5             0.201345              562.36                     10.1232
6     12     1.299          37.5             0.214335              740.581                     11.617
6     12     1.299          37.5             0.227325              969.096                     13.289
6     12     1.299          37.5             0.240315              1124.36                     14.314
6     12     1.299          37.5             0.253305              1329                     15.5622
6     12     1.299          37.5             0.266295              1494.65                     16.5036
6     12     1.299          37.5             0.279285              1593.6                     17.0411
6     12     1.299          37.5             0.292275              1710.22                     17.6537
6     12     1.299          37.5             0.305265              1718.79                     17.6978
6     12     1.299          37.5             0.318255              1738.29                     17.798
6     12     1.299          37.5             0.331245              1674.14                     17.4665
6     12     1.299          37.5             0.344235              1564.62                     16.8855
6     12     1.299          37.5             0.357225              1485.17                     16.4512
6     12     1.299          37.5             0.370215              1386.95                     15.8979
6     12     1.299          37.5             0.383205              1207.82                     14.8358
6     12     1.299          37.5             0.396195              1094.11                     14.1201
6     12     1.299          37.5             0.409185              925.179                     12.9844
6     12     1.299          37.5             0.422175              786.502                     11.9718
6     12     1.299          37.5             0.435165              665.502                     11.0125
6     12     1.299          37.5             0.448155              558.533                     10.0887
6     12     1.299          37.5             0.461145              464.321                     9.19853
6     12     1.299          37.5             0.474135              356.623                     8.06147
6     12     1.299          37.5             0.487125              292.478                     7.30056
6     12     1.299          37.5             0.500115              239.085                     6.60063
6     12     1.299          37.5             0.513105              187.332                     5.84272
6     12     1.299          37.5             0.526095              164.189                     5.46992
6     12     1.299          37.5             0.539085              128.29                     4.83509
6     12     1.299          37.5             0.552075              100.226                     4.27366
6     12     1.299          37.5             0.565065              81.4566                     3.85276
6     12     1.299          37.5             0.578055              67.0604                     3.49577
6     12     1.299          37.5             0.591045              65.2381                     3.44794
6     12     1.299          37.5             0.604035              53.3932                     3.11927
6     12     1.299          37.5             0.617025              47.0152                     2.92704
6     12     1.299          37.5             0.630015              37.9037                     2.62815
6     12     1.299          37.5             0.643005              30.6145                     2.36196
6     12     1.299          37.5             0.655995              27.1522                     2.22439
6     12     1.299          37.5             0.668985              19.3163                     1.87617
6     12     1.299          37.5             0.681975              17.1296                     1.76678
6     12     1.299          37.5             0.694965              16.0362                     1.70946
6     12     1.299          37.5             0.707955              11.8449                     1.46918
6     12     1.299          37.5             0.720945              9.47593                     1.31408
6     12     1.299          37.5             0.733935              7.10695                     1.13802
6     12     1.299          37.5             0.746925              7.47141                     1.16684
6     12     1.299          37.5             0.759915              7.83587                     1.19496
6     12     1.299          37.5             0.772905              3.82682                     0.83508
6     12     1.299          37.5             0.785895              4.19128                     0.873942
6     12     1.299          37.5             0.798885              3.64459                     0.814955
6     12     1.299          37.5             0.811875              2.55121                     0.68184
6     12     1.299          37.5             0.824865              2.55121                     0.68184
6     12     1.299          37.5             0.837855              2.18675                     0.631261
6     12     1.299          37.5             0.850845              0.728918                     0.364459
6     12     1.299          37.5             0.863835              0.911147                     0.407477
6     12     1.299          37.5             0.876825              0.546688                     0.315631
6     12     1.299          37.5             0.889815              0.728918                     0.364459
6     12     1.299          37.5             0.902805              0.546688                     0.315631
6     12     1.299          37.5             0.915795              0.364459                     0.257711
6     12     1.299          37.5             0.928785              0.364459                     0.257711
6     12     1.299          37.5             0.941775              0.182229                     0.182229
6     12     1.299          37.5             0.954765              0.911147                     0.407477
6     12     1.299          37.5             0.967755              0                     0
6     12     1.299          37.5             0.980745              0.182229                     0.182229
6     12     1.299          37.5             0.993735              0                     0
6     12     1.299          37.5             1.00672              0.364459                     0.257711
6     12     1.299          37.5             1.01971              0                     0
6     12     1.299          37.5             1.0327              0.182229                     0.182229
6     12     1.299          37.5             1.04569              0                     0
6     12     1.299          37.5             1.05868              0                     0
6     12     1.299          37.5             1.07167              0                     0
6     12     1.299          37.5             1.08466              0                     0
6     12     1.299          37.5             1.09765              0.182229                     0.182229
6     12     1.299          37.5             1.11064              0                     0
6     12     1.299          37.5             1.12363              0                     0
6     12     1.299          37.5             1.13662              0                     0
6     12     1.299          37.5             1.14961              0.182229                     0.182229
6     12     1.299          37.5             1.1626              0                     0
6     12     1.299          37.5             1.17559              0                     0
6     12     1.299          37.5             1.18859              0                     0
6     12     1.299          37.5             1.20157              0                     0
6     12     1.299          37.5             1.21456              0                     0
6     12     1.299          37.5             1.22755              0                     0
6     12     1.299          37.5             1.24055              0                     0
6     12     1.299          37.5             1.25353              0                     0
6     12     1.299          37.5             1.26652              0                     0
6     12     1.299          37.5             1.27951              0                     0
*******************************************************************************************************
 Average mean_angle 5.71997e+06 +- 14626.5 deg 
 Average E' 147783 +- 377.895 GeV 
