*******************************************************************************************************
Z     A     E(GeV)     Theta(deg)     Energy Loss(GeV)     Sigma(nb/sr/GeV)     ERROR     Citation     
*******************************************************************************************************
6     12     2.13          16             0.01065              0                     0
6     12     2.13          16             0.03195              0                     0
6     12     2.13          16             0.05325              0                     0
6     12     2.13          16             0.07455              0                     0
6     12     2.13          16             0.09585              0                     0
6     12     2.13          16             0.11715              0                     0
6     12     2.13          16             0.13845              0                     0
6     12     2.13          16             0.15975              0                     0
6     12     2.13          16             0.18105              0                     0
6     12     2.13          16             0.20235              0.852406                     0.852406
6     12     2.13          16             0.22365              11.0813                     3.07339
6     12     2.13          16             0.24495              96.3219                     9.0612
6     12     2.13          16             0.26625              264.246                     15.0082
6     12     2.13          16             0.28755              540.426                     21.463
6     12     2.13          16             0.30885              937.647                     28.2711
6     12     2.13          16             0.33015              1430.34                     34.9175
6     12     2.13          16             0.35145              1765.33                     38.7915
6     12     2.13          16             0.37275              2118.23                     42.4923
6     12     2.13          16             0.39405              2538.47                     46.5167
6     12     2.13          16             0.41535              2699.57                     47.9701
6     12     2.13          16             0.43665              2980.01                     50.4002
6     12     2.13          16             0.45795              3144.53                     51.7727
6     12     2.13          16             0.47925              3235.73                     52.5182
6     12     2.13          16             0.50055              3338.88                     53.3487
6     12     2.13          16             0.52185              3531.52                     54.8661
6     12     2.13          16             0.54315              3525.55                     54.8197
6     12     2.13          16             0.56445              3851.17                     57.2954
6     12     2.13          16             0.58575              3897.2                     57.6368
6     12     2.13          16             0.60705              3854.58                     57.3208
6     12     2.13          16             0.62835              4018.24                     58.525
6     12     2.13          16             0.64965              4152.92                     59.4977
6     12     2.13          16             0.67095              4117.12                     59.2407
6     12     2.13          16             0.69225              4282.49                     60.4187
6     12     2.13          16             0.71355              4267.15                     60.3104
6     12     2.13          16             0.73485              4395.86                     61.2132
6     12     2.13          16             0.75615              4435.92                     61.4915
6     12     2.13          16             0.77745              4576.57                     62.4588
6     12     2.13          16             0.79875              4649.88                     62.957
6     12     2.13          16             0.82005              4572.31                     62.4297
6     12     2.13          16             0.84135              4684.83                     63.1932
6     12     2.13          16             0.86265              4626.01                     62.7952
6     12     2.13          16             0.88395              4764.95                     63.7313
6     12     2.13          16             0.90525              4675.45                     63.1299
6     12     2.13          16             0.92655              4706.99                     63.3425
6     12     2.13          16             0.94785              4830.59                     64.1687
6     12     2.13          16             0.96915              4903.89                     64.6538
6     12     2.13          16             0.99045              4844.23                     64.2592
6     12     2.13          16             1.01175              4891.96                     64.5751
6     12     2.13          16             1.03305              4885.14                     64.53
6     12     2.13          16             1.05435              4942.25                     64.9061
6     12     2.13          16             1.07565              5060.74                     65.6796
6     12     2.13          16             1.09695              5080.34                     65.8067
6     12     2.13          16             1.11825              5272.13                     67.0373
6     12     2.13          16             1.13955              4909.01                     64.6875
6     12     2.13          16             1.16085              1452.5                     35.1869
6     12     2.13          16             1.18215              0                     0
6     12     2.13          16             1.20345              0                     0
6     12     2.13          16             1.22475              0                     0
6     12     2.13          16             1.24605              0                     0
6     12     2.13          16             1.26735              0                     0
6     12     2.13          16             1.28865              0                     0
6     12     2.13          16             1.30995              0                     0
6     12     2.13          16             1.33125              0                     0
6     12     2.13          16             1.35255              0                     0
6     12     2.13          16             1.37385              0                     0
6     12     2.13          16             1.39515              0                     0
6     12     2.13          16             1.41645              0                     0
6     12     2.13          16             1.43775              0                     0
6     12     2.13          16             1.45905              0                     0
6     12     2.13          16             1.48035              0                     0
6     12     2.13          16             1.50165              0                     0
6     12     2.13          16             1.52295              0                     0
6     12     2.13          16             1.54425              0                     0
6     12     2.13          16             1.56555              0                     0
6     12     2.13          16             1.58685              0                     0
6     12     2.13          16             1.60815              0                     0
6     12     2.13          16             1.62945              0                     0
6     12     2.13          16             1.65075              0                     0
6     12     2.13          16             1.67205              0                     0
6     12     2.13          16             1.69335              0                     0
6     12     2.13          16             1.71465              0                     0
6     12     2.13          16             1.73595              0                     0
6     12     2.13          16             1.75725              0                     0
6     12     2.13          16             1.77855              0                     0
6     12     2.13          16             1.79985              0                     0
6     12     2.13          16             1.82115              0                     0
6     12     2.13          16             1.84245              0                     0
6     12     2.13          16             1.86375              0                     0
6     12     2.13          16             1.88505              0                     0
6     12     2.13          16             1.90635              0                     0
6     12     2.13          16             1.92765              0                     0
6     12     2.13          16             1.94895              0                     0
6     12     2.13          16             1.97025              0                     0
6     12     2.13          16             1.99155              0                     0
6     12     2.13          16             2.01285              0                     0
6     12     2.13          16             2.03415              0                     0
6     12     2.13          16             2.05545              0                     0
6     12     2.13          16             2.07675              0                     0
6     12     2.13          16             2.09805              0                     0
*******************************************************************************************************
 Average mean_angle 3.01355e+06 +- 6917.75 deg 
 Average E' 255301 +- 586.056 GeV 
