*******************************************************************************************************
Z     A     E(GeV)     Theta(deg)     Energy Loss(GeV)     Sigma(nb/sr/GeV)     ERROR     Citation     
*******************************************************************************************************
6     12     0.48          36             0.0012              0                     0
6     12     0.48          36             0.0036              0                     0
6     12     0.48          36             0.006              0                     0
6     12     0.48          36             0.0084              0                     0
6     12     0.48          36             0.0108              0                     0
6     12     0.48          36             0.0132              0                     0
6     12     0.48          36             0.0156              0                     0
6     12     0.48          36             0.018              0                     0
6     12     0.48          36             0.0204              0                     0
6     12     0.48          36             0.0228              0                     0
6     12     0.48          36             0.0252              0                     0
6     12     0.48          36             0.0276              0                     0
6     12     0.48          36             0.03              0                     0
6     12     0.48          36             0.0324              0                     0
6     12     0.48          36             0.0348              0                     0
6     12     0.48          36             0.0372              0                     0
6     12     0.48          36             0.0396              0                     0
6     12     0.48          36             0.042              0                     0
6     12     0.48          36             0.0444              0                     0
6     12     0.48          36             0.0468              0                     0
6     12     0.48          36             0.0492              0                     0
6     12     0.48          36             0.0516              0                     0
6     12     0.48          36             0.054              0                     0
6     12     0.48          36             0.0564              0                     0
6     12     0.48          36             0.0588              0                     0
6     12     0.48          36             0.0612              0                     0
6     12     0.48          36             0.0636              0                     0
6     12     0.48          36             0.066              0                     0
6     12     0.48          36             0.0684              0                     0
6     12     0.48          36             0.0708              0                     0
6     12     0.48          36             0.0732              0                     0
6     12     0.48          36             0.0756              0                     0
6     12     0.48          36             0.078              0                     0
6     12     0.48          36             0.0804              0                     0
6     12     0.48          36             0.0828              0                     0
6     12     0.48          36             0.0852              0                     0
6     12     0.48          36             0.0876              0                     0
6     12     0.48          36             0.09              0                     0
6     12     0.48          36             0.0924              0                     0
6     12     0.48          36             0.0948              0                     0
6     12     0.48          36             0.0972              0                     0
6     12     0.48          36             0.0996              0                     0
6     12     0.48          36             0.102              0                     0
6     12     0.48          36             0.1044              0                     0
6     12     0.48          36             0.1068              0                     0
6     12     0.48          36             0.1092              0                     0
6     12     0.48          36             0.1116              0                     0
6     12     0.48          36             0.114              0                     0
6     12     0.48          36             0.1164              0                     0
6     12     0.48          36             0.1188              0                     0
6     12     0.48          36             0.1212              0                     0
6     12     0.48          36             0.1236              0                     0
6     12     0.48          36             0.126              0                     0
6     12     0.48          36             0.1284              0                     0
6     12     0.48          36             0.1308              0                     0
6     12     0.48          36             0.1332              0                     0
6     12     0.48          36             0.1356              0                     0
6     12     0.48          36             0.138              0                     0
6     12     0.48          36             0.1404              0                     0
6     12     0.48          36             0.1428              0                     0
6     12     0.48          36             0.1452              0                     0
6     12     0.48          36             0.1476              0                     0
6     12     0.48          36             0.15              0                     0
6     12     0.48          36             0.1524              0                     0
6     12     0.48          36             0.1548              0                     0
6     12     0.48          36             0.1572              0                     0
6     12     0.48          36             0.1596              0                     0
6     12     0.48          36             0.162              0                     0
6     12     0.48          36             0.1644              0.441734                     0.441734
6     12     0.48          36             0.1668              0.883468                     0.624706
6     12     0.48          36             0.1692              1.3252                     0.765106
6     12     0.48          36             0.1716              1.3252                     0.765106
6     12     0.48          36             0.174              3.53387                     1.24941
6     12     0.48          36             0.1764              6.18428                     1.65282
6     12     0.48          36             0.1788              9.27641                     2.02428
6     12     0.48          36             0.1812              14.5772                     2.53757
6     12     0.48          36             0.1836              9.27641                     2.02428
6     12     0.48          36             0.186              15.4607                     2.61333
6     12     0.48          36             0.1884              16.7859                     2.72303
6     12     0.48          36             0.1908              24.7371                     3.30563
6     12     0.48          36             0.1932              34.0135                     3.8762
6     12     0.48          36             0.1956              41.9647                     4.30549
6     12     0.48          36             0.198              44.6151                     4.43937
6     12     0.48          36             0.2004              48.149                     4.61184
6     12     0.48          36             0.2028              56.1002                     4.97809
6     12     0.48          36             0.2052              68.027                     5.48177
6     12     0.48          36             0.2076              87.0216                     6.20003
6     12     0.48          36             0.21              85.6964                     6.15264
6     12     0.48          36             0.2124              106.016                     6.84331
6     12     0.48          36             0.2148              117.501                     7.20446
6     12     0.48          36             0.2172              142.68                     7.93893
6     12     0.48          36             0.2196              144.005                     7.97571
6     12     0.48          36             0.222              181.994                     8.96622
6     12     0.48          36             0.2244              202.314                     9.45352
6     12     0.48          36             0.2268              224.401                     9.95618
6     12     0.48          36             0.2292              258.414                     10.6841
6     12     0.48          36             0.2316              298.17                     11.4766
6     12     0.48          36             0.234              318.932                     11.8694
6     12     0.48          36             0.2364              369.731                     12.7798
6     12     0.48          36             0.2388              390.935                     13.1411
6     12     0.48          36             0.2412              432.899                     13.8285
6     12     0.48          36             0.2436              479.281                     14.5504
6     12     0.48          36             0.246              540.682                     15.4544
6     12     0.48          36             0.2484              572.045                     15.8963
6     12     0.48          36             0.2508              620.636                     16.5577
6     12     0.48          36             0.2532              697.498                     17.553
6     12     0.48          36             0.2556              795.563                     18.7464
6     12     0.48          36             0.258              863.59                     19.5314
6     12     0.48          36             0.2604              971.373                     20.7144
6     12     0.48          36             0.2628              1022.17                     21.2492
6     12     0.48          36             0.2652              1119.8                     22.2408
6     12     0.48          36             0.2676              1229.79                     23.3075
6     12     0.48          36             0.27              1362.75                     24.5351
6     12     0.48          36             0.2724              1468.77                     25.4716
6     12     0.48          36             0.2748              1659.15                     27.0722
6     12     0.48          36             0.2772              1758.98                     27.8748
6     12     0.48          36             0.2796              1909.62                     29.0438
6     12     0.48          36             0.282              2089.4                     30.3803
6     12     0.48          36             0.2844              2264.33                     31.6264
6     12     0.48          36             0.2868              2414.08                     32.6555
6     12     0.48          36             0.2892              2620.37                     34.0221
6     12     0.48          36             0.2916              2916.77                     35.8948
6     12     0.48          36             0.294              3252.93                     37.9068
6     12     0.48          36             0.2964              3332.88                     38.3699
6     12     0.48          36             0.2988              3553.31                     39.6184
6     12     0.48          36             0.3012              3807.75                     41.0123
6     12     0.48          36             0.3036              4071.9                     42.4111
6     12     0.48          36             0.306              4454.89                     44.3607
6     12     0.48          36             0.3084              4685.91                     45.4965
6     12     0.48          36             0.3108              5038.42                     47.1767
6     12     0.48          36             0.3132              5202.3                     47.9378
6     12     0.48          36             0.3156              5514.61                     49.3557
6     12     0.48          36             0.318              5896.26                     51.0351
6     12     0.48          36             0.3204              6026.13                     51.5941
6     12     0.48          36             0.3228              6457.71                     53.4096
6     12     0.48          36             0.3252              6529.71                     53.7066
6     12     0.48          36             0.3276              7062.88                     55.8562
6     12     0.48          36             0.33              7259.46                     56.6282
6     12     0.48          36             0.3324              7519.64                     57.634
6     12     0.48          36             0.3348              7845.2                     58.8684
6     12     0.48          36             0.3372              8055.02                     59.6504
6     12     0.48          36             0.3396              8321.83                     60.6303
6     12     0.48          36             0.342              8622.21                     61.7148
6     12     0.48          36             0.3444              8863.83                     62.5736
6     12     0.48          36             0.3468              9095.3                     63.3854
6     12     0.48          36             0.3492              9246.38                     63.9096
6     12     0.48          36             0.3516              9365.64                     64.3205
6     12     0.48          36             0.354              9583.42                     65.064
6     12     0.48          36             0.3564              9716.38                     65.5138
6     12     0.48          36             0.3588              9904.12                     66.1437
6     12     0.48          36             0.3612              9811.35                     65.8332
6     12     0.48          36             0.3636              9051.13                     63.2312
6     12     0.48          36             0.366              7710.47                     58.3607
6     12     0.48          36             0.3684              6504.53                     53.6029
6     12     0.48          36             0.3708              5164.31                     47.7625
6     12     0.48          36             0.3732              3691.13                     40.3794
6     12     0.48          36             0.3756              2283.76                     31.7619
6     12     0.48          36             0.378              739.021                     18.0679
6     12     0.48          36             0.3804              0                     0
6     12     0.48          36             0.3828              0                     0
6     12     0.48          36             0.3852              0                     0
6     12     0.48          36             0.3876              0                     0
6     12     0.48          36             0.39              0                     0
6     12     0.48          36             0.3924              0                     0
6     12     0.48          36             0.3948              0                     0
6     12     0.48          36             0.3972              0                     0
6     12     0.48          36             0.3996              0                     0
6     12     0.48          36             0.402              0                     0
6     12     0.48          36             0.4044              0                     0
6     12     0.48          36             0.4068              0                     0
6     12     0.48          36             0.4092              0                     0
6     12     0.48          36             0.4116              0                     0
6     12     0.48          36             0.414              0                     0
6     12     0.48          36             0.4164              0                     0
6     12     0.48          36             0.4188              0                     0
6     12     0.48          36             0.4212              0                     0
6     12     0.48          36             0.4236              0                     0
6     12     0.48          36             0.426              0                     0
6     12     0.48          36             0.4284              0                     0
6     12     0.48          36             0.4308              0                     0
6     12     0.48          36             0.4332              0                     0
6     12     0.48          36             0.4356              0                     0
6     12     0.48          36             0.438              0                     0
6     12     0.48          36             0.4404              0                     0
6     12     0.48          36             0.4428              0                     0
6     12     0.48          36             0.4452              0                     0
6     12     0.48          36             0.4476              0                     0
6     12     0.48          36             0.45              0                     0
6     12     0.48          36             0.4524              0                     0
6     12     0.48          36             0.4548              0                     0
6     12     0.48          36             0.4572              0                     0
6     12     0.48          36             0.4596              0                     0
6     12     0.48          36             0.462              0                     0
6     12     0.48          36             0.4644              0                     0
6     12     0.48          36             0.4668              0                     0
6     12     0.48          36             0.4692              0                     0
6     12     0.48          36             0.4716              0                     0
6     12     0.48          36             0.474              0                     0
6     12     0.48          36             0.4764              0                     0
*******************************************************************************************************
 Average angle 2.17309e+07 +- 27984.1 deg 
 Average E' 90190.9 +- 116.144 GeV 
