*******************************************************************************************************
Z     A     E(GeV)     Theta(deg)     Energy Loss(GeV)     Sigma(nb/sr/GeV)     ERROR     Citation     
*******************************************************************************************************
6     12     3.4886          14             0.017443              0                     0
6     12     3.4886          14             0.052329              0                     0
6     12     3.4886          14             0.087215              0                     0
6     12     3.4886          14             0.122101              0                     0
6     12     3.4886          14             0.156987              0                     0
6     12     3.4886          14             0.191873              0                     0
6     12     3.4886          14             0.226759              0                     0
6     12     3.4886          14             0.261645              0                     0
6     12     3.4886          14             0.296531              0                     0
6     12     3.4886          14             0.331417              0                     0
6     12     3.4886          14             0.366303              0                     0
6     12     3.4886          14             0.401189              0                     0
6     12     3.4886          14             0.436075              0                     0
6     12     3.4886          14             0.470961              0                     0
6     12     3.4886          14             0.505847              0                     0
6     12     3.4886          14             0.540733              0                     0
6     12     3.4886          14             0.575619              0                     0
6     12     3.4886          14             0.610505              0                     0
6     12     3.4886          14             0.645391              0                     0
6     12     3.4886          14             0.680277              0                     0
6     12     3.4886          14             0.715163              0                     0
6     12     3.4886          14             0.750049              0                     0
6     12     3.4886          14             0.784935              0                     0
6     12     3.4886          14             0.819821              0                     0
6     12     3.4886          14             0.854707              0                     0
6     12     3.4886          14             0.889593              0                     0
6     12     3.4886          14             0.924479              0                     0
6     12     3.4886          14             0.959365              0                     0
6     12     3.4886          14             0.994251              0                     0
6     12     3.4886          14             1.02914              0                     0
6     12     3.4886          14             1.06402              0                     0
6     12     3.4886          14             1.09891              0                     0
6     12     3.4886          14             1.1338              0                     0
6     12     3.4886          14             1.16868              0                     0
6     12     3.4886          14             1.20357              0                     0
6     12     3.4886          14             1.23845              0                     0
6     12     3.4886          14             1.27334              636.744                     9.6124
6     12     3.4886          14             1.30823              2629.84                     19.535
6     12     3.4886          14             1.34311              4310.5                     25.01
6     12     3.4886          14             1.378              4922.58                     26.7267
6     12     3.4886          14             1.41288              5080.75                     27.1527
6     12     3.4886          14             1.44777              5117.17                     27.2499
6     12     3.4886          14             1.48266              5093.08                     27.1856
6     12     3.4886          14             1.51754              5110.06                     27.2309
6     12     3.4886          14             1.55243              5055.21                     27.0844
6     12     3.4886          14             1.58731              5003.7                     26.946
6     12     3.4886          14             1.6222              4938.98                     26.7712
6     12     3.4886          14             1.65709              4834.21                     26.4857
6     12     3.4886          14             1.69197              4688.08                     26.0824
6     12     3.4886          14             1.72686              4615.67                     25.8801
6     12     3.4886          14             1.76174              4497.55                     25.5468
6     12     3.4886          14             1.79663              4395.83                     25.2563
6     12     3.4886          14             1.83152              4293.53                     24.9607
6     12     3.4886          14             1.8664              4218.5                     24.7416
6     12     3.4886          14             1.90129              4109.24                     24.4191
6     12     3.4886          14             1.93617              3968.48                     23.9972
6     12     3.4886          14             1.97106              3862.4                     23.6743
6     12     3.4886          14             2.00595              3778.09                     23.4145
6     12     3.4886          14             2.04083              3686.24                     23.1282
6     12     3.4886          14             2.07572              3610.78                     22.8902
6     12     3.4886          14             2.1106              3492.37                     22.5118
6     12     3.4886          14             2.14549              3367.87                     22.1068
6     12     3.4886          14             2.18038              3334.93                     21.9985
6     12     3.4886          14             2.21526              3213.47                     21.5942
6     12     3.4886          14             2.25015              3116.97                     21.2675
6     12     3.4886          14             2.28503              3032.23                     20.9764
6     12     3.4886          14             2.31992              2979.84                     20.7944
6     12     3.4886          14             2.35481              2837.78                     20.2926
6     12     3.4886          14             2.38969              2786.7                     20.1092
6     12     3.4886          14             2.42458              2716.18                     19.8531
6     12     3.4886          14             2.45946              2652.91                     19.6205
6     12     3.4886          14             2.49435              2475.87                     18.9545
6     12     3.4886          14             2.52923              2420.44                     18.7412
6     12     3.4886          14             2.56412              2382.28                     18.5928
6     12     3.4886          14             2.59901              2246.74                     18.0562
6     12     3.4886          14             2.63389              2223.53                     17.9626
6     12     3.4886          14             2.66878              2113.68                     17.5133
6     12     3.4886          14             2.70366              2069.27                     17.3284
6     12     3.4886          14             2.73855              1919.67                     16.6902
6     12     3.4886          14             2.77344              1894.85                     16.582
6     12     3.4886          14             2.80832              1803.87                     16.179
6     12     3.4886          14             2.84321              1744.37                     15.9099
6     12     3.4886          14             2.8781              1662.96                     15.5343
6     12     3.4886          14             2.91298              1550.07                     14.9977
6     12     3.4886          14             2.94787              1495.07                     14.7292
6     12     3.4886          14             2.98275              1376.52                     14.1332
6     12     3.4886          14             3.01764              1329.65                     13.8905
6     12     3.4886          14             3.05253              1235.32                     13.3887
6     12     3.4886          14             3.08741              1166.69                     13.0115
6     12     3.4886          14             3.1223              1081.94                     12.53
6     12     3.4886          14             3.15718              965.129                     11.8343
6     12     3.4886          14             3.19207              906.214                     11.4674
6     12     3.4886          14             3.22696              794.189                     10.7352
6     12     3.4886          14             3.26184              698.706                     10.0692
6     12     3.4886          14             3.29673              588.132                     9.23819
6     12     3.4886          14             3.33161              494.536                     8.47127
6     12     3.4886          14             3.3665              355.23                     7.17967
6     12     3.4886          14             3.40139              88.082                     3.57514
6     12     3.4886          14             3.43627              0                     0
*******************************************************************************************************
 Average angle 1.67557e+07 +- 15254.7 deg 
 Average E' 1.7397e+06 +- 1583.86 GeV 
