*******************************************************************************************************
Z     A     E(GeV)     Theta(deg)     Energy Loss(GeV)     Sigma(nb/sr/GeV)     ERROR     Citation     
*******************************************************************************************************
6     12     0.36          145             0.0018              0                     0
6     12     0.36          145             0.0054              0                     0
6     12     0.36          145             0.009              0                     0
6     12     0.36          145             0.0126              0                     0
6     12     0.36          145             0.0162              0                     0
6     12     0.36          145             0.0198              0                     0
6     12     0.36          145             0.0234              0.776486                     0.448304
6     12     0.36          145             0.027              0.517657                     0.366039
6     12     0.36          145             0.0306              1.29414                     0.578758
6     12     0.36          145             0.0342              3.36477                     0.93322
6     12     0.36          145             0.0378              4.14126                     1.03531
6     12     0.36          145             0.0414              6.21189                     1.268
6     12     0.36          145             0.045              8.02369                     1.4411
6     12     0.36          145             0.0486              11.6473                     1.73628
6     12     0.36          145             0.0522              14.4944                     1.9369
6     12     0.36          145             0.0558              17.3415                     2.1186
6     12     0.36          145             0.0594              28.2123                     2.70225
6     12     0.36          145             0.063              39.8596                     3.21198
6     12     0.36          145             0.0666              41.9302                     3.29435
6     12     0.36          145             0.0702              50.7304                     3.6236
6     12     0.36          145             0.0738              62.3777                     4.0181
6     12     0.36          145             0.0774              70.1426                     4.26086
6     12     0.36          145             0.081              92.4018                     4.89042
6     12     0.36          145             0.0846              106.896                     5.26002
6     12     0.36          145             0.0882              117.767                     5.521
6     12     0.36          145             0.0918              168.497                     6.60394
6     12     0.36          145             0.0954              184.027                     6.90156
6     12     0.36          145             0.099              216.898                     7.49263
6     12     0.36          145             0.1026              250.546                     8.05286
6     12     0.36          145             0.1062              290.406                     8.66979
6     12     0.36          145             0.1098              326.383                     9.19115
6     12     0.36          145             0.1134              365.466                     9.7259
6     12     0.36          145             0.117              416.196                     10.379
6     12     0.36          145             0.1206              449.585                     10.7873
6     12     0.36          145             0.1242              499.798                     11.3737
6     12     0.36          145             0.1278              539.14                     11.8129
6     12     0.36          145             0.1314              602.553                     12.4883
6     12     0.36          145             0.135              616.271                     12.6297
6     12     0.36          145             0.1386              631.024                     12.78
6     12     0.36          145             0.1422              707.379                     13.5311
6     12     0.36          145             0.1458              706.861                     13.5261
6     12     0.36          145             0.1494              732.226                     13.7667
6     12     0.36          145             0.153              753.45                     13.9648
6     12     0.36          145             0.1566              750.344                     13.9359
6     12     0.36          145             0.1602              763.544                     14.058
6     12     0.36          145             0.1638              767.427                     14.0937
6     12     0.36          145             0.1674              764.062                     14.0628
6     12     0.36          145             0.171              757.074                     13.9983
6     12     0.36          145             0.1746              733.003                     13.774
6     12     0.36          145             0.1782              716.955                     13.6224
6     12     0.36          145             0.1818              691.072                     13.3742
6     12     0.36          145             0.1854              670.884                     13.1774
6     12     0.36          145             0.189              636.46                     12.8349
6     12     0.36          145             0.1926              623.259                     12.7011
6     12     0.36          145             0.1962              551.564                     11.9482
6     12     0.36          145             0.1998              550.27                     11.9342
6     12     0.36          145             0.2034              500.833                     11.3855
6     12     0.36          145             0.207              431.467                     10.5677
6     12     0.36          145             0.2106              452.432                     10.8214
6     12     0.36          145             0.2142              386.69                     10.0043
6     12     0.36          145             0.2178              335.96                     9.32502
6     12     0.36          145             0.2214              306.712                     8.90987
6     12     0.36          145             0.225              282.382                     8.54918
6     12     0.36          145             0.2286              246.664                     7.99022
6     12     0.36          145             0.2322              202.145                     7.23332
6     12     0.36          145             0.2358              193.863                     7.08359
6     12     0.36          145             0.2394              169.792                     6.62925
6     12     0.36          145             0.243              146.756                     6.16317
6     12     0.36          145             0.2466              125.273                     5.69423
6     12     0.36          145             0.2502              109.743                     5.32961
6     12     0.36          145             0.2538              93.4371                     4.91774
6     12     0.36          145             0.2574              74.8015                     4.40009
6     12     0.36          145             0.261              75.8368                     4.43043
6     12     0.36          145             0.2646              55.907                     3.80399
6     12     0.36          145             0.2682              43.2244                     3.3448
6     12     0.36          145             0.2718              38.5655                     3.15941
6     12     0.36          145             0.2754              31.0594                     2.83533
6     12     0.36          145             0.279              26.4005                     2.61404
6     12     0.36          145             0.2826              24.3299                     2.50944
6     12     0.36          145             0.2862              15.0121                     1.97118
6     12     0.36          145             0.2898              17.8592                     2.14999
6     12     0.36          145             0.2934              6.98837                     1.34491
6     12     0.36          145             0.297              6.21189                     1.268
6     12     0.36          145             0.3006              4.91774                     1.12821
6     12     0.36          145             0.3042              4.91774                     1.12821
6     12     0.36          145             0.3078              1.29414                     0.578758
6     12     0.36          145             0.3114              1.29414                     0.578758
6     12     0.36          145             0.315              0.776486                     0.448304
6     12     0.36          145             0.3186              0.258829                     0.258829
6     12     0.36          145             0.3222              0.258829                     0.258829
6     12     0.36          145             0.3258              0.258829                     0.258829
6     12     0.36          145             0.3294              0.258829                     0.258829
6     12     0.36          145             0.333              0                     0
6     12     0.36          145             0.3366              0                     0
6     12     0.36          145             0.3402              0                     0
6     12     0.36          145             0.3438              0                     0
6     12     0.36          145             0.3474              0                     0
6     12     0.36          145             0.351              0                     0
6     12     0.36          145             0.3546              0                     0
*******************************************************************************************************
 Average mean_angle 1.26166e+07 +- 42767.3 deg 
 Average E' 16895.4 +- 57.2716 GeV 
