*******************************************************************************************************
Z     A     E(GeV)     Theta(deg)     Energy Loss(GeV)     Sigma(nb/sr/GeV)     ERROR     Citation     
*******************************************************************************************************
6     12     0.68          60             0.0034              0                     0
6     12     0.68          60             0.0102              0                     0
6     12     0.68          60             0.017              0                     0
6     12     0.68          60             0.0238              0                     0
6     12     0.68          60             0.0306              0                     0
6     12     0.68          60             0.0374              0                     0
6     12     0.68          60             0.0442              0                     0
6     12     0.68          60             0.051              0                     0
6     12     0.68          60             0.0578              0                     0
6     12     0.68          60             0.0646              0                     0
6     12     0.68          60             0.0714              0                     0
6     12     0.68          60             0.0782              0                     0
6     12     0.68          60             0.085              0                     0
6     12     0.68          60             0.0918              0                     0
6     12     0.68          60             0.0986              0                     0
6     12     0.68          60             0.1054              0                     0
6     12     0.68          60             0.1122              0                     0
6     12     0.68          60             0.119              0                     0
6     12     0.68          60             0.1258              0                     0
6     12     0.68          60             0.1326              0                     0
6     12     0.68          60             0.1394              0                     0
6     12     0.68          60             0.1462              0                     0
6     12     0.68          60             0.153              0                     0
6     12     0.68          60             0.1598              0                     0
6     12     0.68          60             0.1666              0                     0
6     12     0.68          60             0.1734              0                     0
6     12     0.68          60             0.1802              0                     0
6     12     0.68          60             0.187              0                     0
6     12     0.68          60             0.1938              0                     0
6     12     0.68          60             0.2006              0                     0
6     12     0.68          60             0.2074              0                     0
6     12     0.68          60             0.2142              0                     0
6     12     0.68          60             0.221              0                     0
6     12     0.68          60             0.2278              0.239489                     0.169344
6     12     0.68          60             0.2346              0                     0
6     12     0.68          60             0.2414              0.239489                     0.169344
6     12     0.68          60             0.2482              0.598722                     0.267757
6     12     0.68          60             0.255              0.838211                     0.316814
6     12     0.68          60             0.2618              2.03566                     0.493719
6     12     0.68          60             0.2686              3.83182                     0.677377
6     12     0.68          60             0.2754              6.58594                     0.888049
6     12     0.68          60             0.2822              7.42416                     0.942869
6     12     0.68          60             0.289              10.4178                     1.1169
6     12     0.68          60             0.2958              18.2012                     1.47631
6     12     0.68          60             0.3026              27.661                     1.81996
6     12     0.68          60             0.3094              32.4507                     1.97124
6     12     0.68          60             0.3162              47.778                     2.39189
6     12     0.68          60             0.323              70.1702                     2.89871
6     12     0.68          60             0.3298              102.621                     3.50547
6     12     0.68          60             0.3366              138.185                     4.06779
6     12     0.68          60             0.3434              181.173                     4.65774
6     12     0.68          60             0.3502              237.573                     5.33367
6     12     0.68          60             0.357              309.899                     6.09169
6     12     0.68          60             0.3638              388.451                     6.82018
6     12     0.68          60             0.3706              476.822                     7.55624
6     12     0.68          60             0.3774              574.414                     8.29355
6     12     0.68          60             0.3842              682.424                     9.03971
6     12     0.68          60             0.391              795.582                     9.76046
6     12     0.68          60             0.3978              901.676                     10.3909
6     12     0.68          60             0.4046              1002.86                     10.9584
6     12     0.68          60             0.4114              1119.01                     11.5756
6     12     0.68          60             0.4182              1209.42                     12.0342
6     12     0.68          60             0.425              1296.83                     12.4615
6     12     0.68          60             0.4318              1360.66                     12.7644
6     12     0.68          60             0.4386              1437.77                     13.1212
6     12     0.68          60             0.4454              1458.73                     13.2164
6     12     0.68          60             0.4522              1507.94                     13.4375
6     12     0.68          60             0.459              1509.74                     13.4455
6     12     0.68          60             0.4658              1527.1                     13.5226
6     12     0.68          60             0.4726              1515.13                     13.4695
6     12     0.68          60             0.4794              1483.27                     13.3272
6     12     0.68          60             0.4862              1473.46                     13.283
6     12     0.68          60             0.493              1425.8                     13.0664
6     12     0.68          60             0.4998              1364.13                     12.7807
6     12     0.68          60             0.5066              1352.51                     12.7262
6     12     0.68          60             0.5134              1304.02                     12.496
6     12     0.68          60             0.5202              1217.68                     12.0752
6     12     0.68          60             0.527              1232.65                     12.1492
6     12     0.68          60             0.5338              1168.83                     11.8305
6     12     0.68          60             0.5406              1106.2                     11.5092
6     12     0.68          60             0.5474              1075.07                     11.3461
6     12     0.68          60             0.5542              1025.01                     11.0788
6     12     0.68          60             0.561              970.289                     10.779
6     12     0.68          60             0.5678              947.658                     10.6525
6     12     0.68          60             0.5746              925.026                     10.5246
6     12     0.68          60             0.5814              872.698                     10.2226
6     12     0.68          60             0.5882              856.532                     10.1274
6     12     0.68          60             0.595              846.593                     10.0685
6     12     0.68          60             0.6018              840.965                     10.035
6     12     0.68          60             0.6086              823.962                     9.93302
6     12     0.68          60             0.6154              830.188                     9.97048
6     12     0.68          60             0.6222              864.675                     10.1755
6     12     0.68          60             0.629              856.053                     10.1246
6     12     0.68          60             0.6358              884.792                     10.2931
6     12     0.68          60             0.6426              924.906                     10.5239
6     12     0.68          60             0.6494              629.137                     8.67961
6     12     0.68          60             0.6562              0                     0
6     12     0.68          60             0.663              0                     0
6     12     0.68          60             0.6698              0                     0
*******************************************************************************************************
 Average angle 2.3671e+07 +- 37677 deg 
 Average E' 71446.4 +- 113.721 GeV 
