*******************************************************************************************************
Z     A     E(GeV)     Theta(deg)     Energy Loss(GeV)     Sigma(nb/sr/GeV)     ERROR     Citation     
*******************************************************************************************************
6     12     1.204          55             0.00301              0                     0
6     12     1.204          55             0.00903              0                     0
6     12     1.204          55             0.01505              0                     0
6     12     1.204          55             0.02107              0                     0
6     12     1.204          55             0.02709              0                     0
6     12     1.204          55             0.03311              0                     0
6     12     1.204          55             0.03913              0                     0
6     12     1.204          55             0.04515              0                     0
6     12     1.204          55             0.05117              0                     0
6     12     1.204          55             0.05719              0                     0
6     12     1.204          55             0.06321              0                     0
6     12     1.204          55             0.06923              0                     0
6     12     1.204          55             0.07525              0                     0
6     12     1.204          55             0.08127              0                     0
6     12     1.204          55             0.08729              0                     0
6     12     1.204          55             0.09331              0                     0
6     12     1.204          55             0.09933              0                     0
6     12     1.204          55             0.10535              0                     0
6     12     1.204          55             0.11137              0                     0
6     12     1.204          55             0.11739              0                     0
6     12     1.204          55             0.12341              0                     0
6     12     1.204          55             0.12943              0                     0
6     12     1.204          55             0.13545              0                     0
6     12     1.204          55             0.14147              0                     0
6     12     1.204          55             0.14749              0                     0
6     12     1.204          55             0.15351              0                     0
6     12     1.204          55             0.15953              0                     0
6     12     1.204          55             0.16555              0                     0
6     12     1.204          55             0.17157              0                     0
6     12     1.204          55             0.17759              0                     0
6     12     1.204          55             0.18361              0                     0
6     12     1.204          55             0.18963              0                     0
6     12     1.204          55             0.19565              0                     0
6     12     1.204          55             0.20167              0                     0
6     12     1.204          55             0.20769              0                     0
6     12     1.204          55             0.21371              0                     0
6     12     1.204          55             0.21973              0                     0
6     12     1.204          55             0.22575              0                     0
6     12     1.204          55             0.23177              0                     0
6     12     1.204          55             0.23779              0                     0
6     12     1.204          55             0.24381              0                     0
6     12     1.204          55             0.24983              0                     0
6     12     1.204          55             0.25585              0                     0
6     12     1.204          55             0.26187              0                     0
6     12     1.204          55             0.26789              0                     0
6     12     1.204          55             0.27391              0                     0
6     12     1.204          55             0.27993              0                     0
6     12     1.204          55             0.28595              0                     0
6     12     1.204          55             0.29197              0                     0
6     12     1.204          55             0.29799              0                     0
6     12     1.204          55             0.30401              0                     0
6     12     1.204          55             0.31003              0                     0
6     12     1.204          55             0.31605              0                     0
6     12     1.204          55             0.32207              0                     0
6     12     1.204          55             0.32809              0                     0
6     12     1.204          55             0.33411              0                     0
6     12     1.204          55             0.34013              0                     0
6     12     1.204          55             0.34615              0                     0
6     12     1.204          55             0.35217              0                     0
6     12     1.204          55             0.35819              0                     0
6     12     1.204          55             0.36421              0                     0
6     12     1.204          55             0.37023              0                     0
6     12     1.204          55             0.37625              0                     0
6     12     1.204          55             0.38227              0                     0
6     12     1.204          55             0.38829              0                     0
6     12     1.204          55             0.39431              0                     0
6     12     1.204          55             0.40033              0                     0
6     12     1.204          55             0.40635              0                     0
6     12     1.204          55             0.41237              0                     0
6     12     1.204          55             0.41839              0                     0
6     12     1.204          55             0.42441              0                     0
6     12     1.204          55             0.43043              0                     0
6     12     1.204          55             0.43645              0                     0
6     12     1.204          55             0.44247              0                     0
6     12     1.204          55             0.44849              0                     0
6     12     1.204          55             0.45451              0                     0
6     12     1.204          55             0.46053              0                     0
6     12     1.204          55             0.46655              0                     0
6     12     1.204          55             0.47257              0                     0
6     12     1.204          55             0.47859              0                     0
6     12     1.204          55             0.48461              0                     0
6     12     1.204          55             0.49063              0                     0
6     12     1.204          55             0.49665              0                     0
6     12     1.204          55             0.50267              0                     0
6     12     1.204          55             0.50869              0                     0
6     12     1.204          55             0.51471              0                     0
6     12     1.204          55             0.52073              0                     0
6     12     1.204          55             0.52675              0                     0
6     12     1.204          55             0.53277              0                     0
6     12     1.204          55             0.53879              0                     0
6     12     1.204          55             0.54481              0                     0
6     12     1.204          55             0.55083              0                     0
6     12     1.204          55             0.55685              0                     0
6     12     1.204          55             0.56287              0                     0
6     12     1.204          55             0.56889              0                     0
6     12     1.204          55             0.57491              0                     0
6     12     1.204          55             0.58093              0                     0
6     12     1.204          55             0.58695              0                     0
6     12     1.204          55             0.59297              0                     0
6     12     1.204          55             0.59899              0                     0
6     12     1.204          55             0.60501              0                     0
6     12     1.204          55             0.61103              0                     0
6     12     1.204          55             0.61705              0                     0
6     12     1.204          55             0.62307              0                     0
6     12     1.204          55             0.62909              0                     0
6     12     1.204          55             0.63511              0                     0
6     12     1.204          55             0.64113              0                     0
6     12     1.204          55             0.64715              0                     0
6     12     1.204          55             0.65317              0                     0
6     12     1.204          55             0.65919              0                     0
6     12     1.204          55             0.66521              0                     0
6     12     1.204          55             0.67123              0                     0
6     12     1.204          55             0.67725              0                     0
6     12     1.204          55             0.68327              0                     0
6     12     1.204          55             0.68929              0                     0
6     12     1.204          55             0.69531              0                     0
6     12     1.204          55             0.70133              0                     0
6     12     1.204          55             0.70735              0                     0
6     12     1.204          55             0.71337              0                     0
6     12     1.204          55             0.71939              0                     0
6     12     1.204          55             0.72541              0                     0
6     12     1.204          55             0.73143              0                     0
6     12     1.204          55             0.73745              0                     0
6     12     1.204          55             0.74347              0                     0
6     12     1.204          55             0.74949              0                     0
6     12     1.204          55             0.75551              0                     0
6     12     1.204          55             0.76153              0                     0
6     12     1.204          55             0.76755              0                     0
6     12     1.204          55             0.77357              0                     0
6     12     1.204          55             0.77959              0                     0
6     12     1.204          55             0.78561              0                     0
6     12     1.204          55             0.79163              0                     0
6     12     1.204          55             0.79765              0                     0
6     12     1.204          55             0.80367              0                     0
6     12     1.204          55             0.80969              0                     0
6     12     1.204          55             0.81571              0                     0
6     12     1.204          55             0.82173              0                     0
6     12     1.204          55             0.82775              0                     0
6     12     1.204          55             0.83377              0                     0
6     12     1.204          55             0.83979              0                     0
6     12     1.204          55             0.84581              0                     0
6     12     1.204          55             0.85183              0                     0
6     12     1.204          55             0.85785              0                     0
6     12     1.204          55             0.86387              0                     0
6     12     1.204          55             0.86989              0                     0
6     12     1.204          55             0.87591              0                     0
6     12     1.204          55             0.88193              0                     0
6     12     1.204          55             0.88795              0                     0
6     12     1.204          55             0.89397              0                     0
6     12     1.204          55             0.89999              0                     0
6     12     1.204          55             0.90601              0                     0
6     12     1.204          55             0.91203              0                     0
6     12     1.204          55             0.91805              0                     0
6     12     1.204          55             0.92407              0                     0
6     12     1.204          55             0.93009              0                     0
6     12     1.204          55             0.93611              0                     0
6     12     1.204          55             0.94213              0                     0
6     12     1.204          55             0.94815              0                     0
6     12     1.204          55             0.95417              0                     0
6     12     1.204          55             0.96019              0                     0
6     12     1.204          55             0.96621              0                     0
6     12     1.204          55             0.97223              0                     0
6     12     1.204          55             0.97825              0                     0
6     12     1.204          55             0.98427              0                     0
6     12     1.204          55             0.99029              0                     0
6     12     1.204          55             0.99631              0                     0
6     12     1.204          55             1.00233              0                     0
6     12     1.204          55             1.00835              0                     0
6     12     1.204          55             1.01437              0                     0
6     12     1.204          55             1.02039              0                     0
6     12     1.204          55             1.02641              0                     0
6     12     1.204          55             1.03243              0                     0
6     12     1.204          55             1.03845              0                     0
6     12     1.204          55             1.04447              0                     0
6     12     1.204          55             1.05049              0                     0
6     12     1.204          55             1.05651              0                     0
6     12     1.204          55             1.06253              0                     0
6     12     1.204          55             1.06855              0                     0
6     12     1.204          55             1.07457              0                     0
6     12     1.204          55             1.08059              0                     0
6     12     1.204          55             1.08661              0                     0
6     12     1.204          55             1.09263              0                     0
6     12     1.204          55             1.09865              0                     0
6     12     1.204          55             1.10467              0                     0
6     12     1.204          55             1.11069              0                     0
6     12     1.204          55             1.11671              73.7258                     19.0359
6     12     1.204          55             1.12273              191.687                     30.6945
6     12     1.204          55             1.12875              172.027                     29.0778
6     12     1.204          55             1.13477              201.517                     31.4717
6     12     1.204          55             1.14079              142.536                     26.4684
6     12     1.204          55             1.14681              196.602                     31.0855
6     12     1.204          55             1.15283              167.112                     28.6594
6     12     1.204          55             1.15885              137.621                     26.008
6     12     1.204          55             1.16487              122.876                     24.5753
6     12     1.204          55             1.17089              98.301                     21.9808
6     12     1.204          55             1.17691              93.386                     21.4242
6     12     1.204          55             1.18293              49.1505                     15.5428
6     12     1.204          55             1.18895              0                     0
6     12     1.204          55             1.19497              0                     0
*******************************************************************************************************
 Average angle 18428.3 +- 1006.84 deg 
 Average E' 19.4573 +- 1.06306 GeV 
