*******************************************************************************************************
Z     A     E(GeV)     Theta(deg)     Energy Loss(GeV)     Sigma(nb/sr/GeV)     ERROR     Citation     
*******************************************************************************************************
6     12     4.6286          20             0.015              0                     0
6     12     4.6286          20             0.045              0                     0
6     12     4.6286          20             0.075              0                     0
6     12     4.6286          20             0.105              0                     0
6     12     4.6286          20             0.135              0                     0
6     12     4.6286          20             0.165              0                     0
6     12     4.6286          20             0.195              0                     0
6     12     4.6286          20             0.225              0                     0
6     12     4.6286          20             0.255              0                     0
6     12     4.6286          20             0.285              0                     0
6     12     4.6286          20             0.315              0                     0
6     12     4.6286          20             0.345              0.00349159                     0.00201587
6     12     4.6286          20             0.375              0.00465546                     0.00232773
6     12     4.6286          20             0.405              0.0128025                     0.0038601
6     12     4.6286          20             0.435              0.025605                     0.00545901
6     12     4.6286          20             0.465              0.0907814                     0.010279
6     12     4.6286          20             0.495              0.11755                     0.0116967
6     12     4.6286          20             0.525              0.221134                     0.0160428
6     12     4.6286          20             0.555              0.368945                     0.020722
6     12     4.6286          20             0.585              0.615684                     0.0267689
6     12     4.6286          20             0.615              1.11265                     0.0359858
6     12     4.6286          20             0.645              1.83192                     0.0461747
6     12     4.6286          20             0.675              3.12381                     0.0602967
6     12     4.6286          20             0.705              5.35494                     0.0789457
6     12     4.6286          20             0.735              8.59397                     0.100011
6     12     4.6286          20             0.765              12.9201                     0.122626
6     12     4.6286          20             0.795              18.7452                     0.147705
6     12     4.6286          20             0.825              25.6411                     0.17275
6     12     4.6286          20             0.855              34.0709                     0.199133
6     12     4.6286          20             0.885              42.9047                     0.223462
6     12     4.6286          20             0.915              52.1946                     0.24647
6     12     4.6286          20             0.945              62.0642                     0.268764
6     12     4.6286          20             0.975              71.992                     0.289463
6     12     4.6286          20             1.005              81.5228                     0.308028
6     12     4.6286          20             1.035              89.4243                     0.322611
6     12     4.6286          20             1.065              99.7501                     0.340728
6     12     4.6286          20             1.095              106.833                     0.352618
6     12     4.6286          20             1.125              115.165                     0.366111
6     12     4.6286          20             1.155              123.988                     0.379875
6     12     4.6286          20             1.185              133.148                     0.393658
6     12     4.6286          20             1.215              141.334                     0.405578
6     12     4.6286          20             1.245              150.536                     0.418574
6     12     4.6286          20             1.275              160.732                     0.432516
6     12     4.6286          20             1.305              171.414                     0.446657
6     12     4.6286          20             1.335              182.537                     0.460921
6     12     4.6286          20             1.365              195.63                     0.477166
6     12     4.6286          20             1.395              206.389                     0.490111
6     12     4.6286          20             1.425              218.292                     0.504046
6     12     4.6286          20             1.455              229.576                     0.516909
6     12     4.6286          20             1.485              245.813                     0.534876
6     12     4.6286          20             1.515              262.917                     0.553172
6     12     4.6286          20             1.545              282.797                     0.573705
6     12     4.6286          20             1.575              302.506                     0.593359
6     12     4.6286          20             1.605              323.828                     0.613915
6     12     4.6286          20             1.635              346.232                     0.634797
6     12     4.6286          20             1.665              365.868                     0.652549
6     12     4.6286          20             1.695              385.941                     0.670211
6     12     4.6286          20             1.725              404.524                     0.686157
6     12     4.6286          20             1.755              419.678                     0.69889
6     12     4.6286          20             1.785              434.31                     0.710969
6     12     4.6286          20             1.815              444.755                     0.719468
6     12     4.6286          20             1.845              455.517                     0.72812
6     12     4.6286          20             1.875              462.499                     0.733679
6     12     4.6286          20             1.905              469.691                     0.739362
6     12     4.6286          20             1.935              475.011                     0.743538
6     12     4.6286          20             1.965              478.044                     0.745908
6     12     4.6286          20             1.995              483.374                     0.750054
6     12     4.6286          20             2.025              484.517                     0.75094
6     12     4.6286          20             2.055              487.192                     0.753011
6     12     4.6286          20             2.085              490.72                     0.755732
6     12     4.6286          20             2.115              493.682                     0.75801
6     12     4.6286          20             2.145              495.91                     0.759718
6     12     4.6286          20             2.175              497.316                     0.760794
6     12     4.6286          20             2.205              500.233                     0.763023
6     12     4.6286          20             2.235              503.561                     0.765556
6     12     4.6286          20             2.265              505.996                     0.767405
6     12     4.6286          20             2.295              507.406                     0.768474
6     12     4.6286          20             2.325              511.214                     0.771352
6     12     4.6286          20             2.355              513.71                     0.773232
6     12     4.6286          20             2.385              516.699                     0.775478
6     12     4.6286          20             2.415              518.356                     0.776721
6     12     4.6286          20             2.445              522.185                     0.779585
6     12     4.6286          20             2.475              525.835                     0.782304
6     12     4.6286          20             2.505              528.568                     0.784335
6     12     4.6286          20             2.535              531.377                     0.786416
6     12     4.6286          20             2.565              534.073                     0.788408
6     12     4.6286          20             2.595              537.376                     0.790843
6     12     4.6286          20             2.625              540.013                     0.792781
6     12     4.6286          20             2.655              541.201                     0.793653
6     12     4.6286          20             2.685              545.481                     0.796784
6     12     4.6286          20             2.715              545.91                     0.797098
6     12     4.6286          20             2.745              548.345                     0.798874
6     12     4.6286          20             2.775              550.198                     0.800222
6     12     4.6286          20             2.805              550.33                     0.800318
6     12     4.6286          20             2.835              551.799                     0.801386
6     12     4.6286          20             2.865              553.628                     0.802713
6     12     4.6286          20             2.895              551.517                     0.801181
6     12     4.6286          20             2.925              552.671                     0.802019
6     12     4.6286          20             2.955              551.271                     0.801002
*******************************************************************************************************
 Average angle 19.8807 +- 0.00389395 deg 
 Average E' 2.33711 +- 0.000457761 GeV 
