*******************************************************************************************************
Z     A     E(GeV)     Theta(deg)     Energy Loss(GeV)     Sigma(nb/sr/GeV)     ERROR     Citation     
*******************************************************************************************************
6     12     3.595          16.02             0.017975              0                     0
6     12     3.595          16.02             0.053925              0.131963                     0.131963
6     12     3.595          16.02             0.089875              0.791776                     0.323241
6     12     3.595          16.02             0.125825              3.03514                     0.632871
6     12     3.595          16.02             0.161775              18.2109                     1.55021
6     12     3.595          16.02             0.197725              57.1399                     2.74597
6     12     3.595          16.02             0.233675              155.452                     4.52922
6     12     3.595          16.02             0.269625              406.973                     7.32839
6     12     3.595          16.02             0.305575              803.917                     10.2999
6     12     3.595          16.02             0.341525              1325.17                     13.224
6     12     3.595          16.02             0.377475              1900.26                     15.8355
6     12     3.595          16.02             0.413425              2401.46                     17.8018
6     12     3.595          16.02             0.449375              2712.76                     18.9204
6     12     3.595          16.02             0.485325              2889.85                     19.5283
6     12     3.595          16.02             0.521275              2878.63                     19.4903
6     12     3.595          16.02             0.557225              2872.83                     19.4706
6     12     3.595          16.02             0.593175              2770.29                     19.12
6     12     3.595          16.02             0.629125              2738.23                     19.009
6     12     3.595          16.02             0.665075              2794.97                     19.205
6     12     3.595          16.02             0.701025              2863.33                     19.4384
6     12     3.595          16.02             0.736975              2916.24                     19.6172
6     12     3.595          16.02             0.772925              2922.45                     19.6381
6     12     3.595          16.02             0.808875              2875.73                     19.4805
6     12     3.595          16.02             0.844825              2900.94                     19.5657
6     12     3.595          16.02             0.880775              2827.7                     19.3171
6     12     3.595          16.02             0.916725              2856.2                     19.4142
6     12     3.595          16.02             0.952675              2916.24                     19.6172
6     12     3.595          16.02             0.988625              3068.27                     20.122
6     12     3.595          16.02             1.02458              3185.32                     20.5023
6     12     3.595          16.02             1.06053              3384.98                     21.1351
6     12     3.595          16.02             1.09648              3520.24                     21.5532
6     12     3.595          16.02             1.13243              3720.16                     22.1568
6     12     3.595          16.02             1.16838              3866.24                     22.5876
6     12     3.595          16.02             1.20433              4000.58                     22.9767
6     12     3.595          16.02             1.24028              4077.38                     23.1962
6     12     3.595          16.02             1.27623              4130.17                     23.3458
6     12     3.595          16.02             1.31218              4175.04                     23.4723
6     12     3.595          16.02             1.34813              4080.16                     23.2041
6     12     3.595          16.02             1.38408              4064.45                     23.1594
6     12     3.595          16.02             1.42003              3986.73                     22.9369
6     12     3.595          16.02             1.45598              3837.08                     22.5023
6     12     3.595          16.02             1.49193              3751.04                     22.2485
6     12     3.595          16.02             1.52788              3616.57                     21.8461
6     12     3.595          16.02             1.56383              3478.27                     21.4243
6     12     3.595          16.02             1.59978              3347.89                     21.019
6     12     3.595          16.02             1.63573              3293                     20.8459
6     12     3.595          16.02             1.67168              3188.75                     20.5133
6     12     3.595          16.02             1.70763              3110.49                     20.26
6     12     3.595          16.02             1.74358              3017.06                     19.9534
6     12     3.595          16.02             1.77953              2932.61                     19.6722
6     12     3.595          16.02             1.81548              2919.81                     19.6292
6     12     3.595          16.02             1.85143              2839.71                     19.3581
6     12     3.595          16.02             1.88738              2714.74                     18.9273
6     12     3.595          16.02             1.92333              2586.34                     18.4743
6     12     3.595          16.02             1.95928              2566.01                     18.4016
6     12     3.595          16.02             1.99523              2497.13                     18.1529
6     12     3.595          16.02             2.03118              2486.84                     18.1155
6     12     3.595          16.02             2.06712              2431.68                     17.9134
6     12     3.595          16.02             2.10308              2374.27                     17.7007
6     12     3.595          16.02             2.13903              2305.52                     17.4426
6     12     3.595          16.02             2.17497              2293.91                     17.3986
6     12     3.595          16.02             2.21093              2222.65                     17.1262
6     12     3.595          16.02             2.24688              2177.52                     16.9514
6     12     3.595          16.02             2.28282              2116.81                     16.7135
6     12     3.595          16.02             2.31878              2094.64                     16.6257
6     12     3.595          16.02             2.35473              2065.88                     16.5112
6     12     3.595          16.02             2.39067              2020.35                     16.3282
6     12     3.595          16.02             2.42663              1947.11                     16.0295
6     12     3.595          16.02             2.46258              1899.6                     15.8328
6     12     3.595          16.02             2.49852              1869.38                     15.7063
6     12     3.595          16.02             2.53448              1845.37                     15.6051
6     12     3.595          16.02             2.57043              1804.59                     15.4317
6     12     3.595          16.02             2.60637              1747.58                     15.186
6     12     3.595          16.02             2.64233              1681.6                     14.8966
6     12     3.595          16.02             2.67828              1648.21                     14.748
6     12     3.595          16.02             2.71422              1591.73                     14.4931
6     12     3.595          16.02             2.75018              1505.43                     14.0947
6     12     3.595          16.02             2.78613              1480.75                     13.9787
6     12     3.595          16.02             2.82207              1479.57                     13.9731
6     12     3.595          16.02             2.85803              1412.92                     13.6548
6     12     3.595          16.02             2.89398              1335.59                     13.2759
6     12     3.595          16.02             2.92992              1304.19                     13.1188
6     12     3.595          16.02             2.96588              1255.23                     12.8703
6     12     3.595          16.02             3.00183              1214.72                     12.6609
6     12     3.595          16.02             3.03777              1153.62                     12.3383
6     12     3.595          16.02             3.07373              1090.01                     11.9934
6     12     3.595          16.02             3.10968              1034.06                     11.6815
6     12     3.595          16.02             3.14562              979.823                     11.371
6     12     3.595          16.02             3.18158              931.261                     11.0857
6     12     3.595          16.02             3.21753              870.558                     10.7183
6     12     3.595          16.02             3.25347              776.601                     10.1234
6     12     3.595          16.02             3.28943              715.898                     9.71966
6     12     3.595          16.02             3.32538              642.79                     9.21001
6     12     3.595          16.02             3.36132              575.489                     8.71454
6     12     3.595          16.02             3.39728              508.452                     8.19126
6     12     3.595          16.02             3.43323              429.539                     7.52882
6     12     3.595          16.02             3.46917              339.936                     6.69768
6     12     3.595          16.02             3.50513              228.955                     5.49669
6     12     3.595          16.02             3.54108              14.5159                     1.38404
*******************************************************************************************************
 Average angle 15.8539 +- 0.0125476 deg 
 Average E' 1.99483 +- 0.00157881 GeV 
