*******************************************************************************************************
Z     A     E(GeV)     Theta(deg)     Energy Loss(GeV)     Sigma(nb/sr/GeV)     ERROR     Citation     
*******************************************************************************************************
6     12     2.346          45             0.711              0.148401                     0.0162891
6     12     2.346          45             0.733              0.185948                     0.0182337
6     12     2.346          45             0.755              0.266407                     0.0218249
6     12     2.346          45             0.777              0.259255                     0.02153
6     12     2.346          45             0.799              0.42196                     0.0274672
6     12     2.346          45             0.821              0.554269                     0.0314804
6     12     2.346          45             0.843              0.745582                     0.0365113
6     12     2.346          45             0.865              0.972653                     0.0417022
6     12     2.346          45             0.887              1.10317                     0.0444121
6     12     2.346          45             0.909              1.53765                     0.0524334
6     12     2.346          45             0.931              2.01504                     0.0600235
6     12     2.346          45             0.953              2.38336                     0.0652791
6     12     2.346          45             0.975              2.66943                     0.0690858
6     12     2.346          45             0.997              2.95193                     0.0726495
6     12     2.346          45             1.019              3.27198                     0.0764865
6     12     2.346          45             1.041              3.57951                     0.0800002
6     12     2.346          45             1.063              3.744                     0.0818177
6     12     2.346          45             1.085              3.72612                     0.0816221
6     12     2.346          45             1.107              4.03186                     0.0849048
6     12     2.346          45             1.129              4.06405                     0.085243
6     12     2.346          45             1.151              4.14629                     0.0861013
6     12     2.346          45             1.173              4.05689                     0.085168
6     12     2.346          45             1.195              3.65997                     0.0808943
6     12     2.346          45             1.217              3.54554                     0.0796197
6     12     2.346          45             1.239              3.46686                     0.0787314
6     12     2.346          45             1.261              3.30416                     0.0768617
6     12     2.346          45             1.283              3.26482                     0.0764028
6     12     2.346          45             1.305              2.74453                     0.0700508
6     12     2.346          45             1.327              2.43521                     0.0659854
6     12     2.346          45             1.349              2.29396                     0.0640431
6     12     2.346          45             1.371              2.3029                     0.0641678
6     12     2.346          45             1.393              2.32614                     0.0644908
6     12     2.346          45             1.415              2.24032                     0.0632899
6     12     2.346          45             1.437              2.3172                     0.0643668
6     12     2.346          45             1.459              2.35475                     0.0648861
6     12     2.346          45             1.481              2.50494                     0.0669234
6     12     2.346          45             1.503              2.40839                     0.065621
6     12     2.346          45             1.525              2.51209                     0.0670189
6     12     2.346          45             1.547              2.55679                     0.0676125
6     12     2.346          45             1.569              2.68731                     0.0693168
6     12     2.346          45             1.591              2.65334                     0.0688773
6     12     2.346          45             1.613              2.82677                     0.0710927
6     12     2.346          45             1.635              2.99305                     0.0731538
6     12     2.346          45             1.657              3.25052                     0.0762353
6     12     2.346          45             1.679              3.3578                     0.0774831
6     12     2.346          45             1.701              3.46686                     0.0787314
6     12     2.346          45             1.723              3.7136                     0.0814849
6     12     2.346          45             1.745              3.8924                     0.0834235
6     12     2.346          45             1.767              4.26072                     0.0872813
*******************************************************************************************************
 Average mean_angle 3.3175e+06 +- 12201.4 deg 
 Average E' 74346.7 +- 273.439 GeV 
