*******************************************************************************************************
Z     A     E(GeV)     Theta(deg)     Energy Loss(GeV)     Sigma(nb/sr/GeV)     ERROR     Citation     
*******************************************************************************************************
6     12     1.159          37.5             0.009              0                     0
6     12     1.159          37.5             0.027              1.78991                     0.164774
6     12     1.159          37.5             0.045              10.6788                     0.402471
6     12     1.159          37.5             0.063              29.1239                     0.664659
6     12     1.159          37.5             0.081              71.4446                     1.04102
6     12     1.159          37.5             0.099              163.367                     1.57419
6     12     1.159          37.5             0.117              354.083                     2.31754
6     12     1.159          37.5             0.135              684.139                     3.22141
6     12     1.159          37.5             0.153              1167.5                     4.20827
6     12     1.159          37.5             0.171              1775.6                     5.18976
6     12     1.159          37.5             0.189              2428.24                     6.06903
6     12     1.159          37.5             0.207              3022.38                     6.77093
6     12     1.159          37.5             0.225              3484.4                     7.27007
6     12     1.159          37.5             0.243              3714.54                     7.50632
6     12     1.159          37.5             0.261              3736.67                     7.52864
6     12     1.159          37.5             0.279              3567.27                     7.35601
6     12     1.159          37.5             0.297              3220.98                     6.98986
6     12     1.159          37.5             0.315              2775.17                     6.48813
6     12     1.159          37.5             0.333              2303.15                     5.91066
6     12     1.159          37.5             0.351              1833                     5.27297
6     12     1.159          37.5             0.369              1404.09                     4.615
6     12     1.159          37.5             0.387              1050.45                     3.99173
6     12     1.159          37.5             0.405              771.101                     3.42003
6     12     1.159          37.5             0.423              556.813                     2.90622
6     12     1.159          37.5             0.441              403.427                     2.47375
6     12     1.159          37.5             0.459              295.077                     2.11564
6     12     1.159          37.5             0.477              221.979                     1.83497
6     12     1.159          37.5             0.495              166.34                     1.58845
6     12     1.159          37.5             0.513              128.858                     1.39807
6     12     1.159          37.5             0.531              95.6083                     1.20426
6     12     1.159          37.5             0.549              73.8412                     1.05834
6     12     1.159          37.5             0.567              56.3366                     0.92442
6     12     1.159          37.5             0.585              43.4583                     0.811915
6     12     1.159          37.5             0.603              34.2206                     0.720473
6     12     1.159          37.5             0.621              24.3761                     0.608074
6     12     1.159          37.5             0.639              19.6435                     0.545863
6     12     1.159          37.5             0.657              14.1676                     0.463577
6     12     1.159          37.5             0.675              11.331                     0.41458
6     12     1.159          37.5             0.693              7.88772                     0.3459
6     12     1.159          37.5             0.711              6.46187                     0.313078
6     12     1.159          37.5             0.729              5.21803                     0.281337
6     12     1.159          37.5             0.747              3.15509                     0.218766
6     12     1.159          37.5             0.765              2.41182                     0.19127
6     12     1.159          37.5             0.783              1.88092                     0.168912
6     12     1.159          37.5             0.801              1.22866                     0.136518
6     12     1.159          37.5             0.819              0.940459                     0.119438
6     12     1.159          37.5             0.837              0.803941                     0.11043
6     12     1.159          37.5             0.855              0.530905                     0.0897392
6     12     1.159          37.5             0.873              0.242699                     0.0606748
*******************************************************************************************************
 Average mean_angle 9.80357e+07 +- 60563.7 deg 
 Average E' 2.31826e+06 +- 1432.16 GeV 
