*******************************************************************************************************
Z     A     E(GeV)     Theta(deg)     Energy Loss(GeV)     Sigma(nb/sr/GeV)     ERROR     Citation     
*******************************************************************************************************
6     12     0.2801          90             0.0014005              0                     0
6     12     0.2801          90             0.0042015              0.160179                     0.160179
6     12     0.2801          90             0.0070025              0.320358                     0.226527
6     12     0.2801          90             0.0098035              1.44161                     0.480537
6     12     0.2801          90             0.0126045              1.76197                     0.531254
6     12     0.2801          90             0.0154055              4.32484                     0.832315
6     12     0.2801          90             0.0182065              7.04788                     1.06251
6     12     0.2801          90             0.0210075              10.2515                     1.28143
6     12     0.2801          90             0.0238085              15.5374                     1.57758
6     12     0.2801          90             0.0266095              19.0613                     1.74735
6     12     0.2801          90             0.0294105              28.5119                     2.13706
6     12     0.2801          90             0.0322115              38.1226                     2.47112
6     12     0.2801          90             0.0350125              44.69                     2.67552
6     12     0.2801          90             0.0378135              57.3441                     3.03073
6     12     0.2801          90             0.0406145              67.115                     3.27878
6     12     0.2801          90             0.0434155              74.8036                     3.4615
6     12     0.2801          90             0.0462165              97.7092                     3.95613
6     12     0.2801          90             0.0490175              106.839                     4.13684
6     12     0.2801          90             0.0518185              121.896                     4.41874
6     12     0.2801          90             0.0546195              130.546                     4.57283
6     12     0.2801          90             0.0574205              154.092                     4.96813
6     12     0.2801          90             0.0602215              167.067                     5.17307
6     12     0.2801          90             0.0630225              175.716                     5.30529
6     12     0.2801          90             0.0658235              197.02                     5.6177
6     12     0.2801          90             0.0686245              219.766                     5.93312
6     12     0.2801          90             0.0714255              219.926                     5.93528
6     12     0.2801          90             0.0742265              230.177                     6.07203
6     12     0.2801          90             0.0770275              275.989                     6.64888
6     12     0.2801          90             0.0798285              274.066                     6.62569
6     12     0.2801          90             0.0826295              290.244                     6.81844
6     12     0.2801          90             0.0854305              299.535                     6.9267
6     12     0.2801          90             0.0882315              322.44                     7.18667
6     12     0.2801          90             0.0910325              344.225                     7.42547
6     12     0.2801          90             0.0938335              338.619                     7.36475
6     12     0.2801          90             0.0966345              364.247                     7.63838
6     12     0.2801          90             0.0994355              392.118                     7.92522
6     12     0.2801          90             0.102237              397.725                     7.98168
6     12     0.2801          90             0.105038              408.937                     8.0934
6     12     0.2801          90             0.107839              440.012                     8.39528
6     12     0.2801          90             0.11064              452.666                     8.51514
6     12     0.2801          90             0.11344              457.792                     8.56322
6     12     0.2801          90             0.116241              473.97                     8.71321
6     12     0.2801          90             0.119043              478.935                     8.75874
6     12     0.2801          90             0.121844              496.876                     8.92127
6     12     0.2801          90             0.124645              541.085                     9.3097
6     12     0.2801          90             0.127446              540.604                     9.30556
6     12     0.2801          90             0.130247              552.618                     9.40839
6     12     0.2801          90             0.133048              576.805                     9.61208
6     12     0.2801          90             0.135849              580.649                     9.64406
6     12     0.2801          90             0.13865              606.919                     9.8598
6     12     0.2801          90             0.141451              616.049                     9.93369
6     12     0.2801          90             0.144252              641.197                     10.1344
6     12     0.2801          90             0.147053              642.478                     10.1445
6     12     0.2801          90             0.149854              643.76                     10.1546
6     12     0.2801          90             0.152654              674.034                     10.3907
6     12     0.2801          90             0.155455              703.026                     10.6118
6     12     0.2801          90             0.158256              694.697                     10.5487
6     12     0.2801          90             0.161057              724.33                     10.7714
6     12     0.2801          90             0.163859              738.586                     10.8769
6     12     0.2801          90             0.16666              761.652                     11.0454
6     12     0.2801          90             0.169461              783.916                     11.2057
6     12     0.2801          90             0.172262              814.831                     11.4245
6     12     0.2801          90             0.175063              819.797                     11.4592
6     12     0.2801          90             0.177864              831.97                     11.544
6     12     0.2801          90             0.180665              850.871                     11.6744
6     12     0.2801          90             0.183466              884.509                     11.9029
6     12     0.2801          90             0.186267              899.566                     12.0038
6     12     0.2801          90             0.189067              942.974                     12.29
6     12     0.2801          90             0.191868              979.976                     12.5288
6     12     0.2801          90             0.194669              991.028                     12.5993
6     12     0.2801          90             0.19747              975.33                     12.4991
6     12     0.2801          90             0.200272              1011.69                     12.73
6     12     0.2801          90             0.203073              1042.29                     12.921
6     12     0.2801          90             0.205874              1076.4                     13.1308
6     12     0.2801          90             0.208675              1066.79                     13.072
6     12     0.2801          90             0.211476              1093.54                     13.2349
6     12     0.2801          90             0.214277              1125.74                     13.4283
6     12     0.2801          90             0.217078              1114.05                     13.3584
6     12     0.2801          90             0.219879              1148.64                     13.5642
6     12     0.2801          90             0.22268              1146.08                     13.5491
6     12     0.2801          90             0.225481              1160.5                     13.6341
6     12     0.2801          90             0.228281              1162.1                     13.6435
6     12     0.2801          90             0.231082              1180.04                     13.7484
6     12     0.2801          90             0.233883              1188.53                     13.7977
6     12     0.2801          90             0.236685              1177.48                     13.7334
6     12     0.2801          90             0.239486              1149.77                     13.5709
6     12     0.2801          90             0.242287              878.582                     11.863
6     12     0.2801          90             0.245088              176.838                     5.32219
6     12     0.2801          90             0.247889              0                     0
6     12     0.2801          90             0.25069              0                     0
6     12     0.2801          90             0.253491              0                     0
6     12     0.2801          90             0.256292              0                     0
6     12     0.2801          90             0.259093              0                     0
6     12     0.2801          90             0.261894              0                     0
6     12     0.2801          90             0.264695              0                     0
6     12     0.2801          90             0.267496              0                     0
6     12     0.2801          90             0.270297              0                     0
6     12     0.2801          90             0.273098              0                     0
6     12     0.2801          90             0.275899              0                     0
*******************************************************************************************************
 Average mean_angle 2.61838e+07 +- 48538.5 deg 
 Average E' 31157.3 +- 57.7583 GeV 
