*******************************************************************************************************
Z     A     E(GeV)     Theta(deg)     Energy Loss(GeV)     Sigma(nb/sr/GeV)     ERROR     Citation     
*******************************************************************************************************
6     12     1.5          13.54             0.0075              0                     0
6     12     1.5          13.54             0.0225              0                     0
6     12     1.5          13.54             0.0375              0                     0
6     12     1.5          13.54             0.0525              0                     0
6     12     1.5          13.54             0.0675              0                     0
6     12     1.5          13.54             0.0825              0                     0
6     12     1.5          13.54             0.0975              0                     0
6     12     1.5          13.54             0.1125              0                     0
6     12     1.5          13.54             0.1275              0                     0
6     12     1.5          13.54             0.1425              0                     0
6     12     1.5          13.54             0.1575              0                     0
6     12     1.5          13.54             0.1725              78.2955                     6.47978
6     12     1.5          13.54             0.1875              627.973                     18.3511
6     12     1.5          13.54             0.2025              1859.79                     31.5808
6     12     1.5          13.54             0.2175              3477.72                     43.1856
6     12     1.5          13.54             0.2325              5230.25                     52.9606
6     12     1.5          13.54             0.2475              6735.56                     60.1006
6     12     1.5          13.54             0.2625              8011.35                     65.5458
6     12     1.5          13.54             0.2775              8823.26                     68.787
6     12     1.5          13.54             0.2925              9427.64                     71.1039
6     12     1.5          13.54             0.3075              9888.83                     72.8223
6     12     1.5          13.54             0.3225              10048.1                     73.4064
6     12     1.5          13.54             0.3375              10101.7                     73.6021
6     12     1.5          13.54             0.3525              10220.8                     74.0345
6     12     1.5          13.54             0.3675              10010.6                     73.2692
6     12     1.5          13.54             0.3825              10034.2                     73.3555
6     12     1.5          13.54             0.3975              9886.69                     72.8144
6     12     1.5          13.54             0.4125              9777.29                     72.4105
6     12     1.5          13.54             0.4275              9769.24                     72.3807
6     12     1.5          13.54             0.4425              9720.44                     72.1997
6     12     1.5          13.54             0.4575              9644.29                     71.9163
6     12     1.5          13.54             0.4725              9557.95                     71.5937
6     12     1.5          13.54             0.4875              9459.28                     71.2231
6     12     1.5          13.54             0.5025              9380.98                     70.9278
6     12     1.5          13.54             0.5175              9326.29                     70.7207
6     12     1.5          13.54             0.5325              9354.71                     70.8284
6     12     1.5          13.54             0.5475              9062.98                     69.7152
6     12     1.5          13.54             0.5625              9224.39                     70.3333
6     12     1.5          13.54             0.5775              9103.73                     69.8718
6     12     1.5          13.54             0.5925              9021.15                     69.5541
6     12     1.5          13.54             0.6075              8893.51                     69.0604
6     12     1.5          13.54             0.6225              8809.86                     68.7348
6     12     1.5          13.54             0.6375              8749.26                     68.498
6     12     1.5          13.54             0.6525              8649.51                     68.1064
6     12     1.5          13.54             0.6675              8523.49                     67.6084
6     12     1.5          13.54             0.6825              8331.5                     66.8427
6     12     1.5          13.54             0.6975              8318.63                     66.791
6     12     1.5          13.54             0.7125              8221.03                     66.398
6     12     1.5          13.54             0.7275              8115.39                     65.97
6     12     1.5          13.54             0.7425              8010.28                     65.5414
6     12     1.5          13.54             0.7575              7804.88                     64.6957
6     12     1.5          13.54             0.7725              7699.24                     64.2563
6     12     1.5          13.54             0.7875              7542.65                     63.5995
6     12     1.5          13.54             0.8025              7425.21                     63.1025
6     12     1.5          13.54             0.8175              7360.85                     62.8284
6     12     1.5          13.54             0.8325              7175.3                     62.0315
6     12     1.5          13.54             0.8475              7020.86                     61.3603
6     12     1.5          13.54             0.8625              7030.51                     61.4024
6     12     1.5          13.54             0.8775              6757.55                     60.1986
6     12     1.5          13.54             0.8925              6693.2                     59.9113
6     12     1.5          13.54             0.9075              6624.55                     59.6033
6     12     1.5          13.54             0.9225              6375.72                     58.4732
6     12     1.5          13.54             0.9375              6441.68                     58.7749
6     12     1.5          13.54             0.9525              6319.95                     58.2169
6     12     1.5          13.54             0.9675              6070.59                     57.0568
6     12     1.5          13.54             0.9825              6045.38                     56.9382
6     12     1.5          13.54             0.9975              6043.77                     56.9306
6     12     1.5          13.54             1.0125              5903.27                     56.265
6     12     1.5          13.54             1.0275              5757.4                     55.5655
6     12     1.5          13.54             1.0425              5703.78                     55.3061
6     12     1.5          13.54             1.0575              5708.6                     55.3295
6     12     1.5          13.54             1.0725              5612.07                     54.8597
6     12     1.5          13.54             1.0875              2928.57                     39.6296
6     12     1.5          13.54             1.1025              0                     0
6     12     1.5          13.54             1.1175              0                     0
6     12     1.5          13.54             1.1325              0                     0
6     12     1.5          13.54             1.1475              0                     0
6     12     1.5          13.54             1.1625              0                     0
6     12     1.5          13.54             1.1775              0                     0
6     12     1.5          13.54             1.1925              0                     0
6     12     1.5          13.54             1.2075              0                     0
6     12     1.5          13.54             1.2225              0                     0
6     12     1.5          13.54             1.2375              0                     0
6     12     1.5          13.54             1.2525              0                     0
6     12     1.5          13.54             1.2675              0                     0
6     12     1.5          13.54             1.2825              0                     0
6     12     1.5          13.54             1.2975              0                     0
6     12     1.5          13.54             1.3125              0                     0
6     12     1.5          13.54             1.3275              0                     0
6     12     1.5          13.54             1.3425              0                     0
6     12     1.5          13.54             1.3575              0                     0
6     12     1.5          13.54             1.3725              0                     0
6     12     1.5          13.54             1.3875              0                     0
6     12     1.5          13.54             1.4025              0                     0
6     12     1.5          13.54             1.4175              0                     0
6     12     1.5          13.54             1.4325              0                     0
6     12     1.5          13.54             1.4475              0                     0
6     12     1.5          13.54             1.4625              0                     0
6     12     1.5          13.54             1.4775              0                     0
*******************************************************************************************************
 Average mean_angle 1.17785e+07 +- 12587.8 deg 
 Average E' 774323 +- 827.525 GeV 
