*******************************************************************************************************
Z     A     E(GeV)     Theta(deg)     Energy Loss(GeV)     Sigma(nb/sr/GeV)     ERROR     Citation     
*******************************************************************************************************
6     12     1.2044          45             0.113333              2.60105                     0.153003
6     12     1.2044          45             0.14              10.3592                     0.305343
6     12     1.2044          45             0.166667              31.8606                     0.535491
6     12     1.2044          45             0.193333              91.6307                     0.908125
6     12     1.2044          45             0.22              216.652                     1.39639
6     12     1.2044          45             0.246667              423.665                     1.9527
6     12     1.2044          45             0.273333              670.935                     2.45734
6     12     1.2044          45             0.3              914.246                     2.86851
6     12     1.2044          45             0.326667              1075.35                     3.111
6     12     1.2044          45             0.353333              1125.09                     3.18214
6     12     1.2044          45             0.38              1066.92                     3.09879
6     12     1.2044          45             0.406667              928.871                     2.89137
6     12     1.2044          45             0.433333              735.926                     2.57361
6     12     1.2044          45             0.46              545.851                     2.21647
6     12     1.2044          45             0.486667              379.465                     1.84804
6     12     1.2044          45             0.513333              253.58                     1.51072
6     12     1.2044          45             0.54              166.044                     1.22247
6     12     1.2044          45             0.566667              113.024                     1.00858
6     12     1.2044          45             0.593333              77.7794                     0.836677
6     12     1.2044          45             0.62              54.55                     0.700685
6     12     1.2044          45             0.646667              37.0177                     0.577205
6     12     1.2044          45             0.673333              26.9825                     0.492795
6     12     1.2044          45             0.7              18.8104                     0.411456
6     12     1.2044          45             0.726667              13.2392                     0.345189
6     12     1.2044          45             0.753333              9.01817                     0.284895
6     12     1.2044          45             0.78              6.03011                     0.232964
6     12     1.2044          45             0.806667              4.07708                     0.191558
6     12     1.2044          45             0.833333              2.52005                     0.150602
6     12     1.2044          45             0.86              1.80903                     0.127599
*******************************************************************************************************
 Average mean_angle 4.49604e+07 +- 44942.6 deg 
 Average E' 830826 +- 830.498 GeV 
