*******************************************************************************************************
Z     A     E(GeV)     Theta(deg)     Energy Loss(GeV)     Sigma(nb/sr/GeV)     ERROR     Citation     
*******************************************************************************************************
6     12     0.32          90             0.0016              0                     0
6     12     0.32          90             0.0048              3.11668                     0.696911
6     12     0.32          90             0.008              42.231                     2.56535
6     12     0.32          90             0.0112              106.435                     4.07261
6     12     0.32          90             0.0144              218.168                     5.83078
6     12     0.32          90             0.0176              328.498                     7.15481
6     12     0.32          90             0.0208              442.101                     8.30027
6     12     0.32          90             0.024              574.716                     9.46364
6     12     0.32          90             0.0272              718.24                     10.5795
6     12     0.32          90             0.0304              907.578                     11.8925
6     12     0.32          90             0.0336              1140.24                     13.33
6     12     0.32          90             0.0368              1407.96                     14.8124
6     12     0.32          90             0.04              1641.87                     15.9956
6     12     0.32          90             0.0432              1933.75                     17.3593
6     12     0.32          90             0.0464              2206.46                     18.543
6     12     0.32          90             0.0496              2464.83                     19.5986
6     12     0.32          90             0.0528              2733.02                     20.6373
6     12     0.32          90             0.056              3062.45                     21.8457
6     12     0.32          90             0.0592              3321.29                     22.7502
6     12     0.32          90             0.0624              3537.75                     23.4798
6     12     0.32          90             0.0656              3785.21                     24.2871
6     12     0.32          90             0.0688              3967.07                     24.8637
6     12     0.32          90             0.072              4140.82                     25.4024
6     12     0.32          90             0.0752              4364.29                     26.0788
6     12     0.32          90             0.0784              4488.02                     26.4459
6     12     0.32          90             0.0816              4571.08                     26.6895
6     12     0.32          90             0.0848              4595.24                     26.7599
6     12     0.32          90             0.088              4667.23                     26.9688
6     12     0.32          90             0.0912              4630.61                     26.8627
6     12     0.32          90             0.0944              4701.36                     27.0672
6     12     0.32          90             0.0976              4564.07                     26.669
6     12     0.32          90             0.1008              4536.8                     26.5892
6     12     0.32          90             0.104              4428.49                     26.27
6     12     0.32          90             0.1072              4292.61                     25.8638
6     12     0.32          90             0.1104              4201.6                     25.5881
6     12     0.32          90             0.1136              4018.96                     25.0258
6     12     0.32          90             0.1168              3844.12                     24.4754
6     12     0.32          90             0.12              3648.54                     23.8447
6     12     0.32          90             0.1232              3436.14                     23.1402
6     12     0.32          90             0.1264              3231.53                     22.4407
6     12     0.32          90             0.1296              3027.08                     21.7192
6     12     0.32          90             0.1328              2829.32                     20.9977
6     12     0.32          90             0.136              2624.87                     20.2248
6     12     0.32          90             0.1392              2392.99                     19.3109
6     12     0.32          90             0.1424              2242.3                     18.693
6     12     0.32          90             0.1456              2014                     17.7158
6     12     0.32          90             0.1488              1796.61                     16.7324
6     12     0.32          90             0.152              1618.34                     15.8806
6     12     0.32          90             0.1552              1452.37                     15.0442
6     12     0.32          90             0.1584              1285.01                     14.1509
6     12     0.32          90             0.1616              1147.25                     13.3709
6     12     0.32          90             0.1648              1019.16                     12.6023
6     12     0.32          90             0.168              909.292                     11.9037
6     12     0.32          90             0.1712              768.574                     10.944
6     12     0.32          90             0.1744              656.062                     10.1112
6     12     0.32          90             0.1776              602.922                     9.69308
6     12     0.32          90             0.1808              510.513                     8.91938
6     12     0.32          90             0.184              427.609                     8.16309
6     12     0.32          90             0.1872              364.652                     7.53825
6     12     0.32          90             0.1904              307.149                     6.9184
6     12     0.32          90             0.1936              262.892                     6.40059
6     12     0.32          90             0.1968              226.271                     5.93808
6     12     0.32          90             0.2              187.157                     5.4005
6     12     0.32          90             0.2032              152.406                     4.8734
6     12     0.32          90             0.2064              135.887                     4.60173
6     12     0.32          90             0.2096              108.616                     4.11414
6     12     0.32          90             0.2128              80.7221                     3.54672
6     12     0.32          90             0.216              73.3979                     3.382
6     12     0.32          90             0.2192              59.9961                     3.05769
6     12     0.32          90             0.2224              44.5686                     2.63539
6     12     0.32          90             0.2256              29.4527                     2.14237
6     12     0.32          90             0.2288              26.9593                     2.04968
6     12     0.32          90             0.232              22.1284                     1.85698
6     12     0.32          90             0.2352              16.6743                     1.61196
6     12     0.32          90             0.2384              12.9342                     1.41972
6     12     0.32          90             0.2416              7.3242                     1.06834
6     12     0.32          90             0.2448              7.63587                     1.09084
6     12     0.32          90             0.248              5.45419                     0.921927
6     12     0.32          90             0.2512              3.89585                     0.779171
6     12     0.32          90             0.2544              2.80501                     0.661148
6     12     0.32          90             0.2576              2.80501                     0.661148
6     12     0.32          90             0.2608              2.18168                     0.583078
6     12     0.32          90             0.264              0.779171                     0.348456
6     12     0.32          90             0.2672              0.935005                     0.381714
6     12     0.32          90             0.2704              0.467502                     0.269913
6     12     0.32          90             0.2736              0.467502                     0.269913
6     12     0.32          90             0.2768              0.623337                     0.311668
6     12     0.32          90             0.28              0                     0
6     12     0.32          90             0.2832              0.467502                     0.269913
6     12     0.32          90             0.2864              0                     0
6     12     0.32          90             0.2896              0                     0
6     12     0.32          90             0.2928              0                     0
6     12     0.32          90             0.296              0                     0
6     12     0.32          90             0.2992              0                     0
6     12     0.32          90             0.3024              0                     0
6     12     0.32          90             0.3056              0                     0
6     12     0.32          90             0.3088              0                     0
6     12     0.32          90             0.312              0                     0
6     12     0.32          90             0.3152              0                     0
*******************************************************************************************************
 Average mean_angle 8.10436e+07 +- 85389.2 deg 
 Average E' 200000 +- 210.724 GeV 
