*******************************************************************************************************
Z     A     E(GeV)     Theta(deg)     Energy Loss(GeV)     Sigma(nb/sr/GeV)     ERROR     Citation     
*******************************************************************************************************
6     12     2.02          20.01             0.0101              0.302797                     0.302797
6     12     2.02          20.01             0.0303              3.02797                     0.957528
6     12     2.02          20.01             0.0505              6.35874                     1.38759
6     12     2.02          20.01             0.0707              29.6741                     2.99754
6     12     2.02          20.01             0.0909              71.7629                     4.6615
6     12     2.02          20.01             0.1111              125.661                     6.16844
6     12     2.02          20.01             0.1313              183.798                     7.46012
6     12     2.02          20.01             0.1515              274.334                     9.11414
6     12     2.02          20.01             0.1717              359.117                     10.4278
6     12     2.02          20.01             0.1919              501.735                     12.3257
6     12     2.02          20.01             0.2121              602.263                     13.5042
6     12     2.02          20.01             0.2323              779.097                     15.3593
6     12     2.02          20.01             0.2525              968.95                     17.1288
6     12     2.02          20.01             0.2727              1201.8                     19.0762
6     12     2.02          20.01             0.2929              1496.12                     21.2843
6     12     2.02          20.01             0.3131              1744.41                     22.9827
6     12     2.02          20.01             0.3333              2072.95                     25.0536
6     12     2.02          20.01             0.3535              2313.97                     26.4701
6     12     2.02          20.01             0.3737              2368.48                     26.78
6     12     2.02          20.01             0.3939              2424.8                     27.0965
6     12     2.02          20.01             0.4141              2380.29                     26.8467
6     12     2.02          20.01             0.4343              2264.62                     26.1863
6     12     2.02          20.01             0.4545              2090.51                     25.1595
6     12     2.02          20.01             0.4747              1885.21                     23.8922
6     12     2.02          20.01             0.4949              1667.81                     22.4724
6     12     2.02          20.01             0.5151              1420.72                     20.741
6     12     2.02          20.01             0.5353              1192.72                     19.004
6     12     2.02          20.01             0.5555              1021.94                     17.5909
6     12     2.02          20.01             0.5757              886.892                     16.3874
6     12     2.02          20.01             0.5959              709.151                     14.6536
6     12     2.02          20.01             0.6161              626.184                     13.7698
6     12     2.02          20.01             0.6363              580.159                     13.2541
6     12     2.02          20.01             0.6565              555.633                     12.9709
6     12     2.02          20.01             0.6767              521.719                     12.5688
6     12     2.02          20.01             0.6969              539.584                     12.7822
6     12     2.02          20.01             0.7171              516.572                     12.5067
6     12     2.02          20.01             0.7373              511.424                     12.4442
6     12     2.02          20.01             0.7575              461.463                     11.8207
6     12     2.02          20.01             0.7777              477.814                     12.0283
6     12     2.02          20.01             0.7979              439.056                     11.5302
6     12     2.02          20.01             0.8181              429.366                     11.4022
6     12     2.02          20.01             0.8383              413.015                     11.183
6     12     2.02          20.01             0.8585              416.951                     11.2362
6     12     2.02          20.01             0.8787              394.242                     10.9259
6     12     2.02          20.01             0.8989              377.285                     10.6883
6     12     2.02          20.01             0.9191              383.341                     10.7738
6     12     2.02          20.01             0.9393              369.11                     10.5719
6     12     2.02          20.01             0.9595              348.822                     10.2773
6     12     2.02          20.01             0.9797              364.265                     10.5023
6     12     2.02          20.01             0.9999              324.598                     9.914
6     12     2.02          20.01             1.0201              332.168                     10.0289
6     12     2.02          20.01             1.0403              341.252                     10.1651
6     12     2.02          20.01             1.0605              323.387                     9.89549
6     12     2.02          20.01             1.0807              310.973                     9.70369
6     12     2.02          20.01             1.1009              303.403                     9.58485
6     12     2.02          20.01             1.1211              317.028                     9.79772
6     12     2.02          20.01             1.1413              314.303                     9.75552
6     12     2.02          20.01             1.1615              319.148                     9.83042
6     12     2.02          20.01             1.1817              301.586                     9.55611
6     12     2.02          20.01             1.2019              301.889                     9.56091
6     12     2.02          20.01             1.2221              310.67                     9.69896
6     12     2.02          20.01             1.2423              307.036                     9.64208
6     12     2.02          20.01             1.2625              311.881                     9.71785
6     12     2.02          20.01             1.2827              312.789                     9.73199
6     12     2.02          20.01             1.3029              310.064                     9.6895
6     12     2.02          20.01             1.3231              311.275                     9.70841
6     12     2.02          20.01             1.3433              334.288                     10.0609
6     12     2.02          20.01             1.3635              313.395                     9.74141
6     12     2.02          20.01             1.3837              319.148                     9.83042
6     12     2.02          20.01             1.4039              323.69                     9.90012
6     12     2.02          20.01             1.4241              338.83                     10.129
6     12     2.02          20.01             1.4443              327.626                     9.96013
6     12     2.02          20.01             1.4645              343.977                     10.2057
6     12     2.02          20.01             1.4847              320.965                     9.85836
6     12     2.02          20.01             1.5049              273.123                     9.094
6     12     2.02          20.01             1.5251              201.966                     7.82014
6     12     2.02          20.01             1.5453              138.378                     6.47306
6     12     2.02          20.01             1.5655              89.3251                     5.20071
6     12     2.02          20.01             1.5857              39.0608                     3.43911
6     12     2.02          20.01             1.6059              13.6259                     2.03122
6     12     2.02          20.01             1.6261              3.93636                     1.09175
6     12     2.02          20.01             1.6463              0                     0
6     12     2.02          20.01             1.6665              0                     0
6     12     2.02          20.01             1.6867              0                     0
6     12     2.02          20.01             1.7069              0                     0
6     12     2.02          20.01             1.7271              0                     0
6     12     2.02          20.01             1.7473              0                     0
6     12     2.02          20.01             1.7675              0                     0
6     12     2.02          20.01             1.7877              0                     0
6     12     2.02          20.01             1.8079              0                     0
6     12     2.02          20.01             1.8281              0                     0
6     12     2.02          20.01             1.8483              0                     0
6     12     2.02          20.01             1.8685              0                     0
6     12     2.02          20.01             1.8887              0                     0
6     12     2.02          20.01             1.9089              0                     0
6     12     2.02          20.01             1.9291              0                     0
6     12     2.02          20.01             1.9493              0                     0
6     12     2.02          20.01             1.9695              0                     0
6     12     2.02          20.01             1.9897              0                     0
*******************************************************************************************************
 Average mean_angle 3.31391e+06 +- 8113.93 deg 
 Average E' 235072 +- 575.56 GeV 
