*******************************************************************************************************
Z     A     E(GeV)     Theta(deg)     Energy Loss(GeV)     Sigma(nb/sr/GeV)     ERROR     Citation     
*******************************************************************************************************
6     12     0.2801          90             0.0014005              0                     0
6     12     0.2801          90             0.0042015              0                     0
6     12     0.2801          90             0.0070025              0                     0
6     12     0.2801          90             0.0098035              0                     0
6     12     0.2801          90             0.0126045              0                     0
6     12     0.2801          90             0.0154055              0                     0
6     12     0.2801          90             0.0182065              0                     0
6     12     0.2801          90             0.0210075              0                     0
6     12     0.2801          90             0.0238085              0                     0
6     12     0.2801          90             0.0266095              0                     0
6     12     0.2801          90             0.0294105              0                     0
6     12     0.2801          90             0.0322115              0                     0
6     12     0.2801          90             0.0350125              0                     0
6     12     0.2801          90             0.0378135              0                     0
6     12     0.2801          90             0.0406145              0                     0
6     12     0.2801          90             0.0434155              0                     0
6     12     0.2801          90             0.0462165              0                     0
6     12     0.2801          90             0.0490175              0                     0
6     12     0.2801          90             0.0518185              0                     0
6     12     0.2801          90             0.0546195              0                     0
6     12     0.2801          90             0.0574205              0                     0
6     12     0.2801          90             0.0602215              0                     0
6     12     0.2801          90             0.0630225              0                     0
6     12     0.2801          90             0.0658235              0                     0
6     12     0.2801          90             0.0686245              0                     0
6     12     0.2801          90             0.0714255              0                     0
6     12     0.2801          90             0.0742265              0                     0
6     12     0.2801          90             0.0770275              0                     0
6     12     0.2801          90             0.0798285              0                     0
6     12     0.2801          90             0.0826295              0                     0
6     12     0.2801          90             0.0854305              0                     0
6     12     0.2801          90             0.0882315              0                     0
6     12     0.2801          90             0.0910325              0                     0
6     12     0.2801          90             0.0938335              0                     0
6     12     0.2801          90             0.0966345              0                     0
6     12     0.2801          90             0.0994355              0                     0
6     12     0.2801          90             0.102237              0                     0
6     12     0.2801          90             0.105038              0                     0
6     12     0.2801          90             0.107839              0                     0
6     12     0.2801          90             0.11064              0                     0
6     12     0.2801          90             0.11344              0                     0
6     12     0.2801          90             0.116241              0                     0
6     12     0.2801          90             0.119043              0                     0
6     12     0.2801          90             0.121844              0                     0
6     12     0.2801          90             0.124645              0                     0
6     12     0.2801          90             0.127446              0                     0
6     12     0.2801          90             0.130247              0                     0
6     12     0.2801          90             0.133048              0                     0
6     12     0.2801          90             0.135849              0                     0
6     12     0.2801          90             0.13865              0                     0
6     12     0.2801          90             0.141451              0                     0
6     12     0.2801          90             0.144252              0                     0
6     12     0.2801          90             0.147053              0                     0
6     12     0.2801          90             0.149854              0                     0
6     12     0.2801          90             0.152654              0                     0
6     12     0.2801          90             0.155455              0                     0
6     12     0.2801          90             0.158256              0                     0
6     12     0.2801          90             0.161057              0                     0
6     12     0.2801          90             0.163859              0                     0
6     12     0.2801          90             0.16666              0                     0
6     12     0.2801          90             0.169461              0.160179                     0.160179
6     12     0.2801          90             0.172262              0                     0
6     12     0.2801          90             0.175063              0.320358                     0.226527
6     12     0.2801          90             0.177864              0.320358                     0.226527
6     12     0.2801          90             0.180665              0.320358                     0.226527
6     12     0.2801          90             0.183466              1.60179                     0.506531
6     12     0.2801          90             0.186267              2.40269                     0.620371
6     12     0.2801          90             0.189067              3.68412                     0.768192
6     12     0.2801          90             0.191868              3.8443                     0.784714
6     12     0.2801          90             0.194669              4.96555                     0.891839
6     12     0.2801          90             0.19747              6.56734                     1.02565
6     12     0.2801          90             0.200272              10.732                     1.31112
6     12     0.2801          90             0.203073              12.9745                     1.44161
6     12     0.2801          90             0.205874              19.8622                     1.78368
6     12     0.2801          90             0.208675              25.949                     2.03875
6     12     0.2801          90             0.211476              34.1181                     2.33774
6     12     0.2801          90             0.214277              37.8023                     2.46072
6     12     0.2801          90             0.217078              48.8546                     2.79741
6     12     0.2801          90             0.219879              65.6734                     3.24338
6     12     0.2801          90             0.22268              83.7737                     3.66317
6     12     0.2801          90             0.225481              93.2242                     3.86427
6     12     0.2801          90             0.228281              116.13                     4.31295
6     12     0.2801          90             0.231082              152.17                     4.93705
6     12     0.2801          90             0.233883              189.652                     5.51165
6     12     0.2801          90             0.236685              230.978                     6.08259
6     12     0.2801          90             0.239486              290.244                     6.81844
6     12     0.2801          90             0.242287              339.58                     7.3752
6     12     0.2801          90             0.245088              102.675                     4.05541
6     12     0.2801          90             0.247889              0                     0
6     12     0.2801          90             0.25069              0                     0
6     12     0.2801          90             0.253491              0                     0
6     12     0.2801          90             0.256292              0                     0
6     12     0.2801          90             0.259093              0                     0
6     12     0.2801          90             0.261894              0                     0
6     12     0.2801          90             0.264695              0                     0
6     12     0.2801          90             0.267496              0                     0
6     12     0.2801          90             0.270297              0                     0
6     12     0.2801          90             0.273098              0                     0
6     12     0.2801          90             0.275899              0                     0
*******************************************************************************************************
 Average angle 1.05574e+06 +- 9748.62 deg 
 Average E' 559.137 +- 5.16305 GeV 
