*******************************************************************************************************
Z     A     E(GeV)     Theta(deg)     Energy Loss(GeV)     Sigma(nb/sr/GeV)     ERROR     Citation     
*******************************************************************************************************
6     12     2.13          16             0.01065              0                     0
6     12     2.13          16             0.03195              0                     0
6     12     2.13          16             0.05325              0                     0
6     12     2.13          16             0.07455              0                     0
6     12     2.13          16             0.09585              0                     0
6     12     2.13          16             0.11715              0                     0
6     12     2.13          16             0.13845              0                     0
6     12     2.13          16             0.15975              0                     0
6     12     2.13          16             0.18105              0                     0
6     12     2.13          16             0.20235              0                     0
6     12     2.13          16             0.22365              2.55722                     1.47641
6     12     2.13          16             0.24495              5.11444                     2.08796
6     12     2.13          16             0.26625              30.6866                     5.11444
6     12     2.13          16             0.28755              81.831                     8.35184
6     12     2.13          16             0.30885              254.869                     14.7395
6     12     2.13          16             0.33015              663.172                     23.7759
6     12     2.13          16             0.35145              1443.98                     35.0835
6     12     2.13          16             0.37275              2730.26                     48.242
6     12     2.13          16             0.39405              4495.59                     61.9037
6     12     2.13          16             0.41535              6855.05                     76.4414
6     12     2.13          16             0.43665              8975.84                     87.4703
6     12     2.13          16             0.45795              10691.7                     95.4657
6     12     2.13          16             0.47925              11894.5                     100.692
6     12     2.13          16             0.50055              12541.5                     103.394
6     12     2.13          16             0.52185              12496.3                     103.208
6     12     2.13          16             0.54315              11971.2                     101.016
6     12     2.13          16             0.56445              11247.5                     97.9155
6     12     2.13          16             0.58575              10158.1                     93.0529
6     12     2.13          16             0.60705              9153.99                     88.3341
6     12     2.13          16             0.62835              8542.82                     85.3343
6     12     2.13          16             0.64965              7581.3                     80.3887
6     12     2.13          16             0.67095              7063.04                     77.5924
6     12     2.13          16             0.69225              6659                     75.3404
6     12     2.13          16             0.71355              6326.56                     73.4357
6     12     2.13          16             0.73485              6334.23                     73.4802
6     12     2.13          16             0.75615              6530.29                     74.6087
6     12     2.13          16             0.77745              6901.08                     76.6976
6     12     2.13          16             0.79875              7053.66                     77.5409
6     12     2.13          16             0.82005              7509.7                     80.0082
6     12     2.13          16             0.84135              8017.73                     82.6702
6     12     2.13          16             0.86265              8236.8                     83.792
6     12     2.13          16             0.88395              8408.99                     84.6633
6     12     2.13          16             0.90525              8726.94                     86.249
6     12     2.13          16             0.92655              8600.78                     85.6234
6     12     2.13          16             0.94785              8403.87                     84.6376
6     12     2.13          16             0.96915              8501.9                     85.1297
6     12     2.13          16             0.99045              8395.35                     84.5946
6     12     2.13          16             1.01175              8345.06                     84.3409
6     12     2.13          16             1.03305              8050.13                     82.8371
6     12     2.13          16             1.05435              7551.47                     80.2304
6     12     2.13          16             1.07565              7231.82                     78.514
6     12     2.13          16             1.09695              6879.77                     76.5791
6     12     2.13          16             1.11825              6365.77                     73.6629
6     12     2.13          16             1.13955              5622.47                     69.2288
6     12     2.13          16             1.16085              5013                     65.3691
6     12     2.13          16             1.18215              4432.51                     61.4679
6     12     2.13          16             1.20345              3785.54                     56.8051
6     12     2.13          16             1.22475              3332.91                     53.301
6     12     2.13          16             1.24605              2768.62                     48.5797
6     12     2.13          16             1.26735              2304.91                     44.3251
6     12     2.13          16             1.28865              1929                     40.5498
6     12     2.13          16             1.30995              1597.41                     36.9004
6     12     2.13          16             1.33125              1319.53                     33.5376
6     12     2.13          16             1.35255              1109.83                     30.7576
6     12     2.13          16             1.37385              871.159                     27.2504
6     12     2.13          16             1.39515              714.317                     24.6757
6     12     2.13          16             1.41645              522.525                     21.1046
6     12     2.13          16             1.43775              410.007                     18.6947
6     12     2.13          16             1.45905              330.734                     16.7905
6     12     2.13          16             1.48035              233.559                     14.1098
6     12     2.13          16             1.50165              169.629                     12.0247
6     12     2.13          16             1.52295              106.551                     9.53019
6     12     2.13          16             1.54425              98.0267                     9.14104
6     12     2.13          16             1.56555              57.1112                     6.97725
6     12     2.13          16             1.58685              32.3914                     5.25459
6     12     2.13          16             1.60815              12.7861                     3.30136
6     12     2.13          16             1.62945              4.26203                     1.90604
6     12     2.13          16             1.65075              0                     0
6     12     2.13          16             1.67205              0.852406                     0.852406
6     12     2.13          16             1.69335              0                     0
6     12     2.13          16             1.71465              0                     0
6     12     2.13          16             1.73595              0                     0
6     12     2.13          16             1.75725              0                     0
6     12     2.13          16             1.77855              0                     0
6     12     2.13          16             1.79985              0                     0
6     12     2.13          16             1.82115              0                     0
6     12     2.13          16             1.84245              0                     0
6     12     2.13          16             1.86375              0                     0
6     12     2.13          16             1.88505              0                     0
6     12     2.13          16             1.90635              0                     0
6     12     2.13          16             1.92765              0                     0
6     12     2.13          16             1.94895              0                     0
6     12     2.13          16             1.97025              0                     0
6     12     2.13          16             1.99155              0                     0
6     12     2.13          16             2.01285              0                     0
6     12     2.13          16             2.03415              0                     0
6     12     2.13          16             2.05545              0                     0
6     12     2.13          16             2.07675              0                     0
6     12     2.13          16             2.09805              0                     0
*******************************************************************************************************
 Average angle 6.22905e+06 +- 9940.83 deg 
 Average E' 527447 +- 841.744 GeV 
