*******************************************************************************************************
Z     A     E(GeV)     Theta(deg)     Energy Loss(GeV)     Sigma(nb/sr/GeV)     ERROR     Citation     
*******************************************************************************************************
6     12     0.5          60             0.00125              0                     0
6     12     0.5          60             0.00375              0                     0
6     12     0.5          60             0.00625              0                     0
6     12     0.5          60             0.00875              0                     0
6     12     0.5          60             0.01125              0                     0
6     12     0.5          60             0.01375              0                     0
6     12     0.5          60             0.01625              0                     0
6     12     0.5          60             0.01875              0                     0
6     12     0.5          60             0.02125              0                     0
6     12     0.5          60             0.02375              0                     0
6     12     0.5          60             0.02625              0                     0
6     12     0.5          60             0.02875              0                     0
6     12     0.5          60             0.03125              0                     0
6     12     0.5          60             0.03375              0                     0
6     12     0.5          60             0.03625              0                     0
6     12     0.5          60             0.03875              0                     0
6     12     0.5          60             0.04125              0                     0
6     12     0.5          60             0.04375              0                     0
6     12     0.5          60             0.04625              0                     0
6     12     0.5          60             0.04875              0                     0
6     12     0.5          60             0.05125              0                     0
6     12     0.5          60             0.05375              0                     0
6     12     0.5          60             0.05625              0                     0
6     12     0.5          60             0.05875              0                     0
6     12     0.5          60             0.06125              0                     0
6     12     0.5          60             0.06375              0                     0
6     12     0.5          60             0.06625              0                     0
6     12     0.5          60             0.06875              0                     0
6     12     0.5          60             0.07125              0                     0
6     12     0.5          60             0.07375              0                     0
6     12     0.5          60             0.07625              0                     0
6     12     0.5          60             0.07875              0                     0
6     12     0.5          60             0.08125              0                     0
6     12     0.5          60             0.08375              0                     0
6     12     0.5          60             0.08625              0                     0
6     12     0.5          60             0.08875              0                     0
6     12     0.5          60             0.09125              0                     0
6     12     0.5          60             0.09375              0                     0
6     12     0.5          60             0.09625              0                     0
6     12     0.5          60             0.09875              0                     0
6     12     0.5          60             0.10125              0                     0
6     12     0.5          60             0.10375              0                     0
6     12     0.5          60             0.10625              0                     0
6     12     0.5          60             0.10875              0                     0
6     12     0.5          60             0.11125              0                     0
6     12     0.5          60             0.11375              0                     0
6     12     0.5          60             0.11625              0                     0
6     12     0.5          60             0.11875              0                     0
6     12     0.5          60             0.12125              0                     0
6     12     0.5          60             0.12375              0                     0
6     12     0.5          60             0.12625              0                     0
6     12     0.5          60             0.12875              0                     0
6     12     0.5          60             0.13125              0                     0
6     12     0.5          60             0.13375              0                     0
6     12     0.5          60             0.13625              0                     0
6     12     0.5          60             0.13875              0                     0
6     12     0.5          60             0.14125              0                     0
6     12     0.5          60             0.14375              0                     0
6     12     0.5          60             0.14625              0                     0
6     12     0.5          60             0.14875              0                     0
6     12     0.5          60             0.15125              0                     0
6     12     0.5          60             0.15375              0                     0
6     12     0.5          60             0.15625              0                     0
6     12     0.5          60             0.15875              0                     0
6     12     0.5          60             0.16125              0                     0
6     12     0.5          60             0.16375              0                     0
6     12     0.5          60             0.16625              0                     0
6     12     0.5          60             0.16875              0                     0
6     12     0.5          60             0.17125              0                     0
6     12     0.5          60             0.17375              0                     0
6     12     0.5          60             0.17625              0                     0
6     12     0.5          60             0.17875              0                     0
6     12     0.5          60             0.18125              0.960032                     0.554275
6     12     0.5          60             0.18375              2.56008                     0.905127
6     12     0.5          60             0.18625              1.60005                     0.715565
6     12     0.5          60             0.18875              5.44018                     1.31944
6     12     0.5          60             0.19125              4.80016                     1.2394
6     12     0.5          60             0.19375              9.60032                     1.75277
6     12     0.5          60             0.19625              14.0805                     2.12271
6     12     0.5          60             0.19875              15.0405                     2.19388
6     12     0.5          60             0.20125              23.0408                     2.71538
6     12     0.5          60             0.20375              24.0008                     2.77137
6     12     0.5          60             0.20625              28.1609                     3.00197
6     12     0.5          60             0.20875              33.9211                     3.29471
6     12     0.5          60             0.21125              39.0413                     3.53463
6     12     0.5          60             0.21375              41.2814                     3.63462
6     12     0.5          60             0.21625              56.6419                     4.25746
6     12     0.5          60             0.21875              63.0421                     4.49156
6     12     0.5          60             0.22125              69.4423                     4.71405
6     12     0.5          60             0.22375              85.7628                     5.2388
6     12     0.5          60             0.22625              89.283                     5.34523
6     12     0.5          60             0.22875              89.603                     5.3548
6     12     0.5          60             0.23125              104.963                     5.79564
6     12     0.5          60             0.23375              118.724                     6.16384
6     12     0.5          60             0.23625              121.284                     6.22994
6     12     0.5          60             0.23875              138.245                     6.6513
6     12     0.5          60             0.24125              145.925                     6.83356
6     12     0.5          60             0.24375              173.126                     7.44326
6     12     0.5          60             0.24625              174.726                     7.47757
6     12     0.5          60             0.24875              191.366                     7.82555
6     12     0.5          60             0.25125              196.167                     7.92309
6     12     0.5          60             0.25375              219.527                     8.38159
6     12     0.5          60             0.25625              219.847                     8.3877
6     12     0.5          60             0.25875              224.327                     8.47273
6     12     0.5          60             0.26125              250.568                     8.95458
6     12     0.5          60             0.26375              255.048                     9.03428
6     12     0.5          60             0.26625              264.009                     9.19161
6     12     0.5          60             0.26875              281.289                     9.48765
6     12     0.5          60             0.27125              279.369                     9.45522
6     12     0.5          60             0.27375              290.25                     9.63758
6     12     0.5          60             0.27625              311.05                     9.97694
6     12     0.5          60             0.27875              310.73                     9.97181
6     12     0.5          60             0.28125              311.69                     9.9872
6     12     0.5          60             0.28375              319.691                     10.1146
6     12     0.5          60             0.28625              336.331                     10.3745
6     12     0.5          60             0.28875              328.651                     10.2553
6     12     0.5          60             0.29125              333.771                     10.3349
6     12     0.5          60             0.29375              355.532                     10.6665
6     12     0.5          60             0.29625              330.891                     10.2902
6     12     0.5          60             0.29875              345.931                     10.5215
6     12     0.5          60             0.30125              369.292                     10.8709
6     12     0.5          60             0.30375              377.933                     10.9974
6     12     0.5          60             0.30625              361.612                     10.7573
6     12     0.5          60             0.30875              357.452                     10.6953
6     12     0.5          60             0.31125              383.373                     11.0763
6     12     0.5          60             0.31375              369.292                     10.8709
6     12     0.5          60             0.31625              373.772                     10.9367
6     12     0.5          60             0.31875              399.693                     11.3096
6     12     0.5          60             0.32125              389.453                     11.1637
6     12     0.5          60             0.32375              380.813                     11.0392
6     12     0.5          60             0.32625              351.692                     10.6087
6     12     0.5          60             0.32875              357.132                     10.6905
6     12     0.5          60             0.33125              398.413                     11.2914
6     12     0.5          60             0.33375              379.213                     11.016
6     12     0.5          60             0.33625              371.532                     10.9039
6     12     0.5          60             0.33875              385.613                     11.1086
6     12     0.5          60             0.34125              381.773                     11.0531
6     12     0.5          60             0.34375              383.053                     11.0716
6     12     0.5          60             0.34625              369.292                     10.8709
6     12     0.5          60             0.34875              367.692                     10.8474
6     12     0.5          60             0.35125              349.452                     10.5749
6     12     0.5          60             0.35375              350.092                     10.5846
6     12     0.5          60             0.35625              375.692                     10.9647
6     12     0.5          60             0.35875              354.252                     10.6473
6     12     0.5          60             0.36125              362.252                     10.7668
6     12     0.5          60             0.36375              350.412                     10.5894
6     12     0.5          60             0.36625              352.332                     10.6184
6     12     0.5          60             0.36875              351.372                     10.6039
6     12     0.5          60             0.37125              352.972                     10.628
6     12     0.5          60             0.37375              322.891                     10.1651
6     12     0.5          60             0.37625              348.172                     10.5555
6     12     0.5          60             0.37875              332.171                     10.3101
6     12     0.5          60             0.38125              323.531                     10.1751
6     12     0.5          60             0.38375              316.49                     10.0638
6     12     0.5          60             0.38625              328.971                     10.2603
6     12     0.5          60             0.38875              309.45                     9.95125
6     12     0.5          60             0.39125              292.17                     9.66941
6     12     0.5          60             0.39375              299.21                     9.78521
6     12     0.5          60             0.39625              304.01                     9.86339
6     12     0.5          60             0.39875              273.609                     9.35723
6     12     0.5          60             0.40125              266.889                     9.24161
6     12     0.5          60             0.40375              262.729                     9.1693
6     12     0.5          60             0.40625              276.169                     9.40091
6     12     0.5          60             0.40875              280.649                     9.47685
6     12     0.5          60             0.41125              270.409                     9.30235
6     12     0.5          60             0.41375              265.289                     9.21386
6     12     0.5          60             0.41625              255.368                     9.03995
6     12     0.5          60             0.41875              256.008                     9.05127
6     12     0.5          60             0.42125              247.048                     8.89146
6     12     0.5          60             0.42375              238.728                     8.74045
6     12     0.5          60             0.42625              227.528                     8.53295
6     12     0.5          60             0.42875              223.367                     8.45458
6     12     0.5          60             0.43125              210.887                     8.21499
6     12     0.5          60             0.43375              218.247                     8.35712
6     12     0.5          60             0.43625              199.687                     7.99386
6     12     0.5          60             0.43875              191.366                     7.82555
6     12     0.5          60             0.44125              187.206                     7.74002
6     12     0.5          60             0.44375              183.366                     7.66023
6     12     0.5          60             0.44625              173.126                     7.44326
6     12     0.5          60             0.44875              163.845                     7.24101
6     12     0.5          60             0.45125              149.125                     6.90808
6     12     0.5          60             0.45375              149.765                     6.92289
6     12     0.5          60             0.45625              137.605                     6.63588
6     12     0.5          60             0.45875              108.164                     5.88332
6     12     0.5          60             0.46125              18.5606                     2.43713
6     12     0.5          60             0.46375              0                     0
6     12     0.5          60             0.46625              0                     0
6     12     0.5          60             0.46875              0                     0
6     12     0.5          60             0.47125              0                     0
6     12     0.5          60             0.47375              0                     0
6     12     0.5          60             0.47625              0                     0
6     12     0.5          60             0.47875              0                     0
6     12     0.5          60             0.48125              0                     0
6     12     0.5          60             0.48375              0                     0
6     12     0.5          60             0.48625              0                     0
6     12     0.5          60             0.48875              0                     0
6     12     0.5          60             0.49125              0                     0
6     12     0.5          60             0.49375              0                     0
6     12     0.5          60             0.49625              0                     0
*******************************************************************************************************
 Average mean_angle 5.05025e+06 +- 17403 deg 
 Average E' 13485.8 +- 46.4717 GeV 
