*******************************************************************************************************
Z     A     E(GeV)     Theta(deg)     Energy Loss(GeV)     Sigma(nb/sr/GeV)     ERROR     Citation     
*******************************************************************************************************
6     12     5.011          29             0.0125275              0                     0
6     12     5.011          29             0.0375825              0                     0
6     12     5.011          29             0.0626375              0                     0
6     12     5.011          29             0.0876925              0                     0
6     12     5.011          29             0.112748              0                     0
6     12     5.011          29             0.137802              0                     0
6     12     5.011          29             0.162858              0                     0
6     12     5.011          29             0.187913              0                     0
6     12     5.011          29             0.212968              0                     0
6     12     5.011          29             0.238022              0                     0
6     12     5.011          29             0.263078              0                     0
6     12     5.011          29             0.288133              0                     0
6     12     5.011          29             0.313188              0                     0
6     12     5.011          29             0.338243              0                     0
6     12     5.011          29             0.363298              0                     0
6     12     5.011          29             0.388353              0                     0
6     12     5.011          29             0.413408              0                     0
6     12     5.011          29             0.438463              0                     0
6     12     5.011          29             0.463518              0                     0
6     12     5.011          29             0.488573              0                     0
6     12     5.011          29             0.513628              0                     0
6     12     5.011          29             0.538683              0                     0
6     12     5.011          29             0.563738              0                     0
6     12     5.011          29             0.588793              0                     0
6     12     5.011          29             0.613848              0                     0
6     12     5.011          29             0.638903              0                     0
6     12     5.011          29             0.663958              0                     0
6     12     5.011          29             0.689013              0                     0
6     12     5.011          29             0.714068              0                     0
6     12     5.011          29             0.739123              0                     0
6     12     5.011          29             0.764178              0                     0
6     12     5.011          29             0.789233              0                     0
6     12     5.011          29             0.814288              0                     0
6     12     5.011          29             0.839343              0                     0
6     12     5.011          29             0.864398              0                     0
6     12     5.011          29             0.889453              0                     0
6     12     5.011          29             0.914508              0                     0
6     12     5.011          29             0.939563              0                     0
6     12     5.011          29             0.964618              0                     0
6     12     5.011          29             0.989673              0                     0
6     12     5.011          29             1.01473              0                     0
6     12     5.011          29             1.03978              0                     0
6     12     5.011          29             1.06484              0                     0
6     12     5.011          29             1.08989              0                     0
6     12     5.011          29             1.11495              0                     0
6     12     5.011          29             1.14              0                     0
6     12     5.011          29             1.16506              0                     0
6     12     5.011          29             1.19011              0                     0
6     12     5.011          29             1.21517              0                     0
6     12     5.011          29             1.24022              0                     0
6     12     5.011          29             1.26528              0                     0
6     12     5.011          29             1.29033              0                     0
6     12     5.011          29             1.31539              0                     0
6     12     5.011          29             1.34044              0                     0
6     12     5.011          29             1.3655              0                     0
6     12     5.011          29             1.39055              0                     0
6     12     5.011          29             1.41561              0                     0
6     12     5.011          29             1.44066              0                     0
6     12     5.011          29             1.46572              0                     0
6     12     5.011          29             1.49077              0                     0
6     12     5.011          29             1.51583              0                     0
6     12     5.011          29             1.54088              0                     0
6     12     5.011          29             1.56594              0                     0
6     12     5.011          29             1.59099              0                     0
6     12     5.011          29             1.61605              0                     0
6     12     5.011          29             1.6411              0                     0
6     12     5.011          29             1.66616              0                     0
6     12     5.011          29             1.69121              0                     0
6     12     5.011          29             1.71627              0                     0
6     12     5.011          29             1.74132              0                     0
6     12     5.011          29             1.76638              0                     0
6     12     5.011          29             1.79143              0                     0
6     12     5.011          29             1.81649              0                     0
6     12     5.011          29             1.84154              0                     0
6     12     5.011          29             1.8666              0.775647                     0.548466
6     12     5.011          29             1.89165              0.387824                     0.387824
6     12     5.011          29             1.91671              0                     0
6     12     5.011          29             1.94176              1.16347                     0.67173
6     12     5.011          29             1.96682              0.775647                     0.548466
6     12     5.011          29             1.99187              3.49041                     1.16347
6     12     5.011          29             2.01693              1.16347                     0.67173
6     12     5.011          29             2.04198              1.16347                     0.67173
6     12     5.011          29             2.06704              4.26606                     1.28627
6     12     5.011          29             2.09209              1.55129                     0.775647
6     12     5.011          29             2.11715              5.04171                     1.39832
6     12     5.011          29             2.1422              3.87824                     1.22641
6     12     5.011          29             2.16726              5.81736                     1.50203
6     12     5.011          29             2.19231              6.98083                     1.6454
6     12     5.011          29             2.21737              11.2469                     2.08849
6     12     5.011          29             2.24242              12.4104                     2.19386
6     12     5.011          29             2.26748              15.5129                     2.45281
6     12     5.011          29             2.29253              12.7982                     2.22788
6     12     5.011          29             2.31759              13.186                     2.26138
6     12     5.011          29             2.34264              17.8399                     2.63035
6     12     5.011          29             2.3677              15.1251                     2.42196
6     12     5.011          29             2.39275              27.5355                     3.26786
6     12     5.011          29             2.41781              21.3303                     2.87618
6     12     5.011          29             2.44286              24.8207                     3.10259
6     12     5.011          29             2.46792              22.106                     2.928
6     12     5.011          29             2.49297              25.5964                     3.15069
6     12     5.011          29             2.51803              34.9041                     3.67922
6     12     5.011          29             2.54308              36.4554                     3.76009
6     12     5.011          29             2.56814              30.2502                     3.42517
6     12     5.011          29             2.59319              34.5163                     3.65872
6     12     5.011          29             2.61825              32.965                     3.57556
6     12     5.011          29             2.6433              37.6189                     3.81962
6     12     5.011          29             2.66836              39.9458                     3.93598
6     12     5.011          29             2.69341              38.7824                     3.87824
6     12     5.011          29             2.71847              35.6798                     3.71987
6     12     5.011          29             2.74352              43.4363                     4.10434
6     12     5.011          29             2.76858              44.9875                     4.17699
6     12     5.011          29             2.79363              50.0293                     4.40483
6     12     5.011          29             2.81869              51.1927                     4.45575
6     12     5.011          29             2.84374              50.0293                     4.40483
6     12     5.011          29             2.8688              48.8658                     4.35331
6     12     5.011          29             2.89385              47.7023                     4.30117
6     12     5.011          29             2.91891              52.744                     4.52276
6     12     5.011          29             2.94396              55.071                     4.62145
6     12     5.011          29             2.96902              58.5614                     4.76566
6     12     5.011          29             2.99407              62.8274                     4.93619
6     12     5.011          29             3.01913              58.1736                     4.74985
6     12     5.011          29             3.04418              54.2953                     4.58879
6     12     5.011          29             3.06924              58.5614                     4.76566
6     12     5.011          29             3.09429              63.9909                     4.98169
6     12     5.011          29             3.11935              73.2987                     5.33169
6     12     5.011          29             3.1444              70.9717                     5.24638
6     12     5.011          29             3.16946              62.8274                     4.93619
6     12     5.011          29             3.19451              76.0134                     5.42953
6     12     5.011          29             3.21957              71.3596                     5.2607
6     12     5.011          29             3.24462              70.5839                     5.23203
6     12     5.011          29             3.26968              79.116                     5.53923
6     12     5.011          29             3.29473              78.7282                     5.52564
6     12     5.011          29             3.31979              83.7699                     5.69982
6     12     5.011          29             3.34484              83.7699                     5.69982
6     12     5.011          29             3.3699              82.9943                     5.67337
6     12     5.011          29             3.39495              85.709                     5.76541
6     12     5.011          29             3.42001              83.7699                     5.69982
6     12     5.011          29             3.44506              83.3821                     5.68661
6     12     5.011          29             3.47012              95.0168                     6.0704
6     12     5.011          29             3.49517              91.9142                     5.97047
6     12     5.011          29             3.52023              82.9943                     5.67337
6     12     5.011          29             3.54528              98.1194                     6.16871
6     12     5.011          29             3.57034              93.0777                     6.00814
6     12     5.011          29             3.59539              93.8533                     6.03312
6     12     5.011          29             3.62045              89.9751                     5.90715
6     12     5.011          29             3.6455              102.385                     6.30139
6     12     5.011          29             3.67056              101.222                     6.26548
6     12     5.011          29             3.69561              110.918                     6.55869
6     12     5.011          29             3.72067              101.61                     6.27747
6     12     5.011          29             3.74572              110.142                     6.53572
6     12     5.011          29             3.77078              104.325                     6.36078
6     12     5.011          29             3.79583              102.773                     6.31331
6     12     5.011          29             3.82089              115.959                     6.7061
6     12     5.011          29             3.84594              109.754                     6.5242
6     12     5.011          29             3.871              104.712                     6.37259
6     12     5.011          29             3.89605              121.001                     6.85033
6     12     5.011          29             3.92111              121.389                     6.8613
6     12     5.011          29             3.94616              124.879                     6.95925
6     12     5.011          29             3.97122              136.902                     7.28655
6     12     5.011          29             3.99627              124.879                     6.95925
6     12     5.011          29             4.02133              125.655                     6.98083
6     12     5.011          29             4.04638              143.107                     7.44985
6     12     5.011          29             4.07144              114.02                     6.64979
6     12     5.011          29             4.09649              134.575                     7.22435
6     12     5.011          29             4.12155              136.126                     7.26587
6     12     5.011          29             4.1466              136.514                     7.27622
6     12     5.011          29             4.17166              140.004                     7.36865
6     12     5.011          29             4.19671              133.024                     7.1826
6     12     5.011          29             4.22177              128.757                     7.06648
6     12     5.011          29             4.24682              157.844                     7.82405
6     12     5.011          29             4.27188              144.658                     7.49012
6     12     5.011          29             4.29693              150.476                     7.63924
6     12     5.011          29             4.32199              138.065                     7.31744
6     12     5.011          29             4.34704              136.902                     7.28655
6     12     5.011          29             4.3721              157.844                     7.82405
6     12     5.011          29             4.39715              150.476                     7.63924
6     12     5.011          29             4.42221              153.578                     7.71759
6     12     5.011          29             4.44726              144.658                     7.49012
6     12     5.011          29             4.47232              146.985                     7.55012
6     12     5.011          29             4.49737              148.536                     7.58986
6     12     5.011          29             4.52243              160.171                     7.88151
6     12     5.011          29             4.54748              150.863                     7.64908
6     12     5.011          29             4.57254              162.886                     7.94802
6     12     5.011          29             4.59759              151.639                     7.66872
6     12     5.011          29             4.62265              165.213                     8.00459
6     12     5.011          29             4.6477              166.376                     8.03273
6     12     5.011          29             4.67276              161.722                     7.91958
6     12     5.011          29             4.69781              162.11                     7.92907
6     12     5.011          29             4.72287              169.091                     8.098
6     12     5.011          29             4.74792              171.418                     8.15353
6     12     5.011          29             4.77298              160.559                     7.89104
6     12     5.011          29             4.79803              131.472                     7.14059
6     12     5.011          29             4.82309              153.19                     7.70784
6     12     5.011          29             4.84814              131.472                     7.14059
6     12     5.011          29             4.8732              150.863                     7.64908
6     12     5.011          29             4.89825              125.267                     6.97005
6     12     5.011          29             4.92331              126.431                     7.00234
6     12     5.011          29             4.94836              84.1577                     5.713
6     12     5.011          29             4.97342              59.337                     4.79711
*******************************************************************************************************
 Average angle 28.9111 +- 0.176731 deg 
 Average E' 1.04161 +- 0.00636731 GeV 
