*******************************************************************************************************
Z     A     E(GeV)     Theta(deg)     Energy Loss(GeV)     Sigma(nb/sr/GeV)     ERROR     Citation     
*******************************************************************************************************
6     12     0.5188          60             0.002594              0                     0
6     12     0.5188          60             0.007782              0                     0
6     12     0.5188          60             0.01297              0                     0
6     12     0.5188          60             0.018158              0                     0
6     12     0.5188          60             0.023346              0                     0
6     12     0.5188          60             0.028534              0                     0
6     12     0.5188          60             0.033722              0                     0
6     12     0.5188          60             0.03891              0                     0
6     12     0.5188          60             0.044098              0                     0
6     12     0.5188          60             0.049286              0                     0
6     12     0.5188          60             0.054474              0                     0
6     12     0.5188          60             0.059662              0                     0
6     12     0.5188          60             0.06485              0                     0
6     12     0.5188          60             0.070038              0                     0
6     12     0.5188          60             0.075226              0                     0
6     12     0.5188          60             0.080414              0                     0
6     12     0.5188          60             0.085602              0                     0
6     12     0.5188          60             0.09079              0                     0
6     12     0.5188          60             0.095978              0                     0
6     12     0.5188          60             0.101166              0                     0
6     12     0.5188          60             0.106354              0                     0
6     12     0.5188          60             0.111542              0                     0
6     12     0.5188          60             0.11673              0                     0
6     12     0.5188          60             0.121918              0                     0
6     12     0.5188          60             0.127106              0                     0
6     12     0.5188          60             0.132294              0                     0
6     12     0.5188          60             0.137482              0                     0
6     12     0.5188          60             0.14267              0                     0
6     12     0.5188          60             0.147858              0                     0
6     12     0.5188          60             0.153046              0                     0
6     12     0.5188          60             0.158234              0                     0
6     12     0.5188          60             0.163422              0                     0
6     12     0.5188          60             0.16861              0                     0
6     12     0.5188          60             0.173798              0                     0
6     12     0.5188          60             0.178986              0                     0
6     12     0.5188          60             0.184174              0                     0
6     12     0.5188          60             0.189362              0.143694                     0.143694
6     12     0.5188          60             0.19455              0.287389                     0.203214
6     12     0.5188          60             0.199738              0.431083                     0.248886
6     12     0.5188          60             0.204926              1.00586                     0.380179
6     12     0.5188          60             0.210114              1.58064                     0.47658
6     12     0.5188          60             0.215302              2.29911                     0.574777
6     12     0.5188          60             0.22049              3.59236                     0.718471
6     12     0.5188          60             0.225678              6.60994                     0.974582
6     12     0.5188          60             0.230866              7.18471                     1.01607
6     12     0.5188          60             0.236054              13.5073                     1.39317
6     12     0.5188          60             0.241242              21.4104                     1.75401
6     12     0.5188          60             0.24643              22.2726                     1.78898
6     12     0.5188          60             0.251618              34.3429                     2.22146
6     12     0.5188          60             0.256806              46.4133                     2.5825
6     12     0.5188          60             0.261994              63.5129                     3.021
6     12     0.5188          60             0.267182              77.7386                     3.34224
6     12     0.5188          60             0.27237              95.8441                     3.7111
6     12     0.5188          60             0.277558              126.164                     4.25781
6     12     0.5188          60             0.282746              155.908                     4.73319
6     12     0.5188          60             0.287934              218.846                     5.60776
6     12     0.5188          60             0.293122              263.392                     6.15206
6     12     0.5188          60             0.29831              323.168                     6.8145
6     12     0.5188          60             0.303498              406.511                     7.64286
6     12     0.5188          60             0.308686              504.511                     8.51442
6     12     0.5188          60             0.313874              608.976                     9.35449
6     12     0.5188          60             0.319062              727.524                     10.2245
6     12     0.5188          60             0.32425              876.823                     11.2247
6     12     0.5188          60             0.329438              1036.61                     12.2047
6     12     0.5188          60             0.334626              1186.77                     13.0588
6     12     0.5188          60             0.339814              1342.39                     13.8886
6     12     0.5188          60             0.345002              1521.44                     14.7859
6     12     0.5188          60             0.35019              1686.4                     15.5668
6     12     0.5188          60             0.355378              1894.75                     16.5005
6     12     0.5188          60             0.360566              1997.21                     16.9407
6     12     0.5188          60             0.365754              2231.86                     17.9083
6     12     0.5188          60             0.370942              2326.84                     18.2853
6     12     0.5188          60             0.37613              2488.5                     18.9099
6     12     0.5188          60             0.381318              2603.6                     19.3422
6     12     0.5188          60             0.386506              2693.41                     19.673
6     12     0.5188          60             0.391694              2818.13                     20.1234
6     12     0.5188          60             0.396882              2838.25                     20.1951
6     12     0.5188          60             0.40207              2893.43                     20.3904
6     12     0.5188          60             0.407258              2928.06                     20.5121
6     12     0.5188          60             0.412446              2933.81                     20.5322
6     12     0.5188          60             0.417634              2955.65                     20.6085
6     12     0.5188          60             0.422822              2935.53                     20.5382
6     12     0.5188          60             0.42801              2875.61                     20.3275
6     12     0.5188          60             0.433198              2863.11                     20.2833
6     12     0.5188          60             0.438386              2844.43                     20.217
6     12     0.5188          60             0.443574              2831.64                     20.1715
6     12     0.5188          60             0.448762              2731.34                     19.8111
6     12     0.5188          60             0.45395              2678.32                     19.6178
6     12     0.5188          60             0.459138              2585.2                     19.2738
6     12     0.5188          60             0.464326              2551.44                     19.1475
6     12     0.5188          60             0.469514              2484.62                     18.8951
6     12     0.5188          60             0.474702              2412.05                     18.6171
6     12     0.5188          60             0.47989              1340.67                     13.8797
6     12     0.5188          60             0.485078              0                     0
6     12     0.5188          60             0.490266              0                     0
6     12     0.5188          60             0.495454              0                     0
6     12     0.5188          60             0.500642              0                     0
6     12     0.5188          60             0.50583              0                     0
6     12     0.5188          60             0.511018              0                     0
*******************************************************************************************************
 Average angle 3.17725e+07 +- 43653.4 deg 
 Average E' 60681 +- 83.372 GeV 
