*******************************************************************************************************
Z     A     E(GeV)     Theta(deg)     Energy Loss(GeV)     Sigma(nb/sr/GeV)     ERROR     Citation     
*******************************************************************************************************
6     12     5.15          32.98             2.515              2.63863                     0.0400068
6     12     5.15          32.98             2.545              3.32285                     0.0448952
6     12     5.15          32.98             2.575              3.95794                     0.0489981
6     12     5.15          32.98             2.605              4.72102                     0.0535134
6     12     5.15          32.98             2.635              5.75281                     0.0590724
6     12     5.15          32.98             2.665              6.62204                     0.0633783
6     12     5.15          32.98             2.695              7.70843                     0.0683797
6     12     5.15          32.98             2.725              8.63043                     0.0723537
6     12     5.15          32.98             2.755              9.71075                     0.0767487
6     12     5.15          32.98             2.785              10.6746                     0.0804675
6     12     5.15          32.98             2.815              11.6282                     0.0839846
6     12     5.15          32.98             2.845              12.7631                     0.0879877
6     12     5.15          32.98             2.875              13.6626                     0.0910356
6     12     5.15          32.98             2.905              14.6101                     0.0941393
6     12     5.15          32.98             2.935              15.3143                     0.0963815
6     12     5.15          32.98             2.965              16.1678                     0.0990307
6     12     5.15          32.98             2.995              16.9194                     0.101306
6     12     5.15          32.98             3.025              17.6194                     0.103381
6     12     5.15          32.98             3.055              18.3667                     0.10555
6     12     5.15          32.98             3.085              19.2256                     0.10799
6     12     5.15          32.98             3.115              19.9231                     0.109932
6     12     5.15          32.98             3.145              20.6116                     0.111815
6     12     5.15          32.98             3.175              21.362                     0.113832
6     12     5.15          32.98             3.205              22.3665                     0.116478
6     12     5.15          32.98             3.235              23.2229                     0.118687
6     12     5.15          32.98             3.265              24.3142                     0.121443
6     12     5.15          32.98             3.295              25.4661                     0.124287
6     12     5.15          32.98             3.325              26.5003                     0.126786
6     12     5.15          32.98             3.355              27.415                     0.128955
6     12     5.15          32.98             3.385              29.0922                     0.132841
6     12     5.15          32.98             3.415              30.0118                     0.134924
6     12     5.15          32.98             3.445              31.2225                     0.137619
6     12     5.15          32.98             3.475              33.1502                     0.141804
6     12     5.15          32.98             3.505              34.2991                     0.14424
6     12     5.15          32.98             3.535              35.8714                     0.147509
6     12     5.15          32.98             3.565              37.3848                     0.150588
6     12     5.15          32.98             3.595              38.9752                     0.153758
6     12     5.15          32.98             3.625              40.3279                     0.156404
6     12     5.15          32.98             3.655              42.104                     0.159811
6     12     5.15          32.98             3.685              43.7527                     0.16291
6     12     5.15          32.98             3.715              45.4038                     0.165955
6     12     5.15          32.98             3.745              47.2981                     0.169382
6     12     5.15          32.98             3.775              48.3105                     0.171185
6     12     5.15          32.98             3.805              50.5646                     0.175133
6     12     5.15          32.98             3.835              51.7887                     0.17724
6     12     5.15          32.98             3.865              53.999                     0.180983
6     12     5.15          32.98             3.895              55.2607                     0.183085
6     12     5.15          32.98             3.925              57.3073                     0.186444
6     12     5.15          32.98             3.955              59.528                     0.190023
*******************************************************************************************************
 Average angle 32.8501 +- 0.0143764 deg 
 Average E' 1.15802 +- 0.000506792 GeV 
