*******************************************************************************************************
Z     A     E(GeV)     Theta(deg)     Energy Loss(GeV)     Sigma(nb/sr/GeV)     ERROR     Citation     
*******************************************************************************************************
6     12     1.3          11.95             0.0065              408783                     437.748
6     12     1.3          11.95             0.0195              869724                     638.511
6     12     1.3          11.95             0.0325              1.08999e+06                     714.806
6     12     1.3          11.95             0.0455              1.14602e+06                     732.95
6     12     1.3          11.95             0.0585              1.04145e+06                     698.709
6     12     1.3          11.95             0.0715              850266                     631.328
6     12     1.3          11.95             0.0845              639832                     547.66
6     12     1.3          11.95             0.0975              451389                     459.995
6     12     1.3          11.95             0.1105              302888                     376.807
6     12     1.3          11.95             0.1235              193847                     301.444
6     12     1.3          11.95             0.1365              120272                     237.443
6     12     1.3          11.95             0.1495              73008.8                     184.997
6     12     1.3          11.95             0.1625              43925.7                     143.495
6     12     1.3          11.95             0.1755              26769.8                     112.021
6     12     1.3          11.95             0.1885              16285.8                     87.3741
6     12     1.3          11.95             0.2015              10076.6                     68.7281
6     12     1.3          11.95             0.2145              6157.23                     53.7243
6     12     1.3          11.95             0.2275              3931.53                     42.9298
6     12     1.3          11.95             0.2405              2462.42                     33.975
6     12     1.3          11.95             0.2535              1526.3                     26.7484
6     12     1.3          11.95             0.2665              1036.44                     22.0419
6     12     1.3          11.95             0.2795              645.959                     17.4012
6     12     1.3          11.95             0.2925              424.233                     14.102
6     12     1.3          11.95             0.3055              264.384                     11.1326
6     12     1.3          11.95             0.3185              196.413                     9.59539
6     12     1.3          11.95             0.3315              128.442                     7.75945
6     12     1.3          11.95             0.3445              89.5342                     6.47847
6     12     1.3          11.95             0.3575              56.7206                     5.15642
6     12     1.3          11.95             0.3705              43.1264                     4.49624
6     12     1.3          11.95             0.3835              32.3448                     3.89386
6     12     1.3          11.95             0.3965              15.0005                     2.65174
6     12     1.3          11.95             0.4095              17.3443                     2.85139
6     12     1.3          11.95             0.4225              9.37531                     2.09638
6     12     1.3          11.95             0.4355              9.37531                     2.09638
6     12     1.3          11.95             0.4485              3.75012                     1.32587
6     12     1.3          11.95             0.4615              3.28136                     1.24024
6     12     1.3          11.95             0.4745              0.937531                     0.662934
6     12     1.3          11.95             0.4875              3.28136                     1.24024
6     12     1.3          11.95             0.5005              2.34383                     1.04819
6     12     1.3          11.95             0.5135              1.87506                     0.937531
6     12     1.3          11.95             0.5265              0.937531                     0.662934
6     12     1.3          11.95             0.5395              0.468765                     0.468765
6     12     1.3          11.95             0.5525              0                     0
6     12     1.3          11.95             0.5655              0                     0
6     12     1.3          11.95             0.5785              0                     0
6     12     1.3          11.95             0.5915              0.468765                     0.468765
6     12     1.3          11.95             0.6045              0.468765                     0.468765
6     12     1.3          11.95             0.6175              0.468765                     0.468765
6     12     1.3          11.95             0.6305              0                     0
6     12     1.3          11.95             0.6435              0                     0
6     12     1.3          11.95             0.6565              0                     0
6     12     1.3          11.95             0.6695              0                     0
6     12     1.3          11.95             0.6825              0                     0
6     12     1.3          11.95             0.6955              0                     0
6     12     1.3          11.95             0.7085              0                     0
6     12     1.3          11.95             0.7215              0                     0
6     12     1.3          11.95             0.7345              0                     0
6     12     1.3          11.95             0.7475              0                     0
6     12     1.3          11.95             0.7605              0                     0
6     12     1.3          11.95             0.7735              0                     0
6     12     1.3          11.95             0.7865              0                     0
6     12     1.3          11.95             0.7995              0                     0
6     12     1.3          11.95             0.8125              0                     0
6     12     1.3          11.95             0.8255              0                     0
6     12     1.3          11.95             0.8385              0                     0
6     12     1.3          11.95             0.8515              0                     0
6     12     1.3          11.95             0.8645              0                     0
6     12     1.3          11.95             0.8775              0                     0
6     12     1.3          11.95             0.8905              0                     0
6     12     1.3          11.95             0.9035              0                     0
6     12     1.3          11.95             0.9165              0                     0
6     12     1.3          11.95             0.9295              0                     0
6     12     1.3          11.95             0.9425              0                     0
6     12     1.3          11.95             0.9555              0                     0
6     12     1.3          11.95             0.9685              0                     0
6     12     1.3          11.95             0.9815              0                     0
6     12     1.3          11.95             0.9945              0                     0
6     12     1.3          11.95             1.0075              0                     0
6     12     1.3          11.95             1.0205              0                     0
6     12     1.3          11.95             1.0335              0                     0
6     12     1.3          11.95             1.0465              0                     0
6     12     1.3          11.95             1.0595              0                     0
6     12     1.3          11.95             1.0725              0                     0
6     12     1.3          11.95             1.0855              0                     0
6     12     1.3          11.95             1.0985              0                     0
6     12     1.3          11.95             1.1115              0                     0
6     12     1.3          11.95             1.1245              0                     0
6     12     1.3          11.95             1.1375              0                     0
6     12     1.3          11.95             1.1505              0                     0
6     12     1.3          11.95             1.1635              0                     0
6     12     1.3          11.95             1.1765              0                     0
6     12     1.3          11.95             1.1895              0                     0
6     12     1.3          11.95             1.2025              0                     0
6     12     1.3          11.95             1.2155              0                     0
6     12     1.3          11.95             1.2285              0                     0
6     12     1.3          11.95             1.2415              0                     0
6     12     1.3          11.95             1.2545              0                     0
6     12     1.3          11.95             1.2675              0                     0
6     12     1.3          11.95             1.2805              0                     0
*******************************************************************************************************
 Average mean_angle 1.8331e+08 +- 46446.8 deg 
 Average E' 1.93262e+07 +- 4896.83 GeV 
