*******************************************************************************************************
Z     A     E(GeV)     Theta(deg)     Energy Loss(GeV)     Sigma(nb/sr/GeV)     ERROR     Citation     
*******************************************************************************************************
6     12     3.595          25.016             0.017975              0                     0
6     12     3.595          25.016             0.053925              0                     0
6     12     3.595          25.016             0.089875              0                     0
6     12     3.595          25.016             0.125825              0                     0
6     12     3.595          25.016             0.161775              0                     0
6     12     3.595          25.016             0.197725              0                     0
6     12     3.595          25.016             0.233675              0                     0
6     12     3.595          25.016             0.269625              0                     0
6     12     3.595          25.016             0.305575              0                     0
6     12     3.595          25.016             0.341525              0                     0
6     12     3.595          25.016             0.377475              0                     0
6     12     3.595          25.016             0.413425              0                     0
6     12     3.595          25.016             0.449375              0                     0
6     12     3.595          25.016             0.485325              0                     0
6     12     3.595          25.016             0.521275              0.344484                     0.172242
6     12     3.595          25.016             0.557225              0.258363                     0.149166
6     12     3.595          25.016             0.593175              0.947332                     0.285631
6     12     3.595          25.016             0.629125              3.2726                     0.530886
6     12     3.595          25.016             0.665075              5.33951                     0.678118
6     12     3.595          25.016             0.701025              10.3345                     0.943409
6     12     3.595          25.016             0.736975              17.5687                     1.23005
6     12     3.595          25.016             0.772925              27.042                     1.52607
6     12     3.595          25.016             0.808875              36.9459                     1.78377
6     12     3.595          25.016             0.844825              46.5054                     2.00127
6     12     3.595          25.016             0.880775              57.7011                     2.22919
6     12     3.595          25.016             0.916725              63.3851                     2.33641
6     12     3.595          25.016             0.952675              68.4662                     2.42825
6     12     3.595          25.016             0.988625              66.7438                     2.39751
6     12     3.595          25.016             1.02458              62.0933                     2.31247
6     12     3.595          25.016             1.06053              58.9929                     2.254
6     12     3.595          25.016             1.09648              62.61                     2.32208
6     12     3.595          25.016             1.13243              53.0506                     2.13747
6     12     3.595          25.016             1.16838              40.563                     1.86905
6     12     3.595          25.016             1.20433              36.5153                     1.77334
6     12     3.595          25.016             1.24028              28.2477                     1.55972
6     12     3.595          25.016             1.27623              23.9417                     1.43593
6     12     3.595          25.016             1.31218              14.6406                     1.12288
6     12     3.595          25.016             1.34813              15.9324                     1.17137
6     12     3.595          25.016             1.38408              11.5402                     0.996923
6     12     3.595          25.016             1.42003              8.43986                     0.852555
6     12     3.595          25.016             1.45598              8.52599                     0.856894
6     12     3.595          25.016             1.49193              6.97581                     0.77509
6     12     3.595          25.016             1.52788              5.16726                     0.667091
6     12     3.595          25.016             1.56383              4.30605                     0.608968
6     12     3.595          25.016             1.59978              3.70321                     0.564734
6     12     3.595          25.016             1.63573              1.98078                     0.413022
6     12     3.595          25.016             1.67168              0.516726                     0.210953
6     12     3.595          25.016             1.70763              0                     0
6     12     3.595          25.016             1.74358              0                     0
6     12     3.595          25.016             1.77953              0                     0
6     12     3.595          25.016             1.81548              0                     0
6     12     3.595          25.016             1.85143              0                     0
6     12     3.595          25.016             1.88738              0                     0
6     12     3.595          25.016             1.92333              0                     0
6     12     3.595          25.016             1.95928              0                     0
6     12     3.595          25.016             1.99523              0                     0
6     12     3.595          25.016             2.03118              0                     0
6     12     3.595          25.016             2.06712              0                     0
6     12     3.595          25.016             2.10308              0                     0
6     12     3.595          25.016             2.13903              0                     0
6     12     3.595          25.016             2.17497              0                     0
6     12     3.595          25.016             2.21093              0                     0
6     12     3.595          25.016             2.24688              0                     0
6     12     3.595          25.016             2.28282              0                     0
6     12     3.595          25.016             2.31878              0                     0
6     12     3.595          25.016             2.35473              0                     0
6     12     3.595          25.016             2.39067              0                     0
6     12     3.595          25.016             2.42663              0                     0
6     12     3.595          25.016             2.46258              0                     0
6     12     3.595          25.016             2.49852              0                     0
6     12     3.595          25.016             2.53448              0                     0
6     12     3.595          25.016             2.57043              0                     0
6     12     3.595          25.016             2.60637              0                     0
6     12     3.595          25.016             2.64233              0                     0
6     12     3.595          25.016             2.67828              0                     0
6     12     3.595          25.016             2.71422              0                     0
6     12     3.595          25.016             2.75018              0                     0
6     12     3.595          25.016             2.78613              0                     0
6     12     3.595          25.016             2.82207              0                     0
6     12     3.595          25.016             2.85803              0                     0
6     12     3.595          25.016             2.89398              0                     0
6     12     3.595          25.016             2.92992              0                     0
6     12     3.595          25.016             2.96588              0                     0
6     12     3.595          25.016             3.00183              0                     0
6     12     3.595          25.016             3.03777              0                     0
6     12     3.595          25.016             3.07373              0                     0
6     12     3.595          25.016             3.10968              0                     0
6     12     3.595          25.016             3.14562              0                     0
6     12     3.595          25.016             3.18158              0                     0
6     12     3.595          25.016             3.21753              0                     0
6     12     3.595          25.016             3.25347              0                     0
6     12     3.595          25.016             3.28943              0                     0
6     12     3.595          25.016             3.32538              0                     0
6     12     3.595          25.016             3.36132              0                     0
6     12     3.595          25.016             3.39728              0                     0
6     12     3.595          25.016             3.43323              0                     0
6     12     3.595          25.016             3.46917              0                     0
6     12     3.595          25.016             3.50513              0                     0
6     12     3.595          25.016             3.54108              0                     0
*******************************************************************************************************
 Average mean_angle 245663 +- 2469.01 deg 
 Average E' 25313.9 +- 254.414 GeV 
