*******************************************************************************************************
Z     A     E(GeV)     Theta(deg)     Energy Loss(GeV)     Sigma(nb/sr/GeV)     ERROR     Citation     
*******************************************************************************************************
6     12     1.93          18             0.00965              0                     0
6     12     1.93          18             0.02895              0                     0
6     12     1.93          18             0.04825              0                     0
6     12     1.93          18             0.06755              0                     0
6     12     1.93          18             0.08685              0                     0
6     12     1.93          18             0.10615              0                     0
6     12     1.93          18             0.12545              0                     0
6     12     1.93          18             0.14475              0                     0
6     12     1.93          18             0.16405              0                     0
6     12     1.93          18             0.18335              0                     0
6     12     1.93          18             0.20265              0                     0
6     12     1.93          18             0.22195              0                     0
6     12     1.93          18             0.24125              0                     0
6     12     1.93          18             0.26055              8.43086                     3.18657
6     12     1.93          18             0.27985              36.1323                     6.59682
6     12     1.93          18             0.29915              97.5571                     10.8397
6     12     1.93          18             0.31845              284.241                     18.5025
6     12     1.93          18             0.33775              558.846                     25.9438
6     12     1.93          18             0.35705              1180.32                     37.704
6     12     1.93          18             0.37635              2087.24                     50.1387
6     12     1.93          18             0.39565              3484.36                     64.7811
6     12     1.93          18             0.41495              4965.78                     77.3358
6     12     1.93          18             0.43425              6560.42                     88.89
6     12     1.93          18             0.45355              8059.91                     98.5263
6     12     1.93          18             0.47285              9019.82                     104.228
6     12     1.93          18             0.49215              9673.81                     107.941
6     12     1.93          18             0.51145              10005                     109.773
6     12     1.93          18             0.53075              9347.42                     106.104
6     12     1.93          18             0.55005              9146.28                     104.957
6     12     1.93          18             0.56935              8476.63                     101.041
6     12     1.93          18             0.58865              7805.78                     96.9606
6     12     1.93          18             0.60795              7015.68                     91.9225
6     12     1.93          18             0.62725              6432.75                     88.0208
6     12     1.93          18             0.64655              5970.26                     84.7976
6     12     1.93          18             0.66585              5604.12                     82.1562
6     12     1.93          18             0.68515              5309.04                     79.9641
6     12     1.93          18             0.70445              4957.35                     77.2702
6     12     1.93          18             0.72375              4936.87                     77.1104
6     12     1.93          18             0.74305              5000.71                     77.6073
6     12     1.93          18             0.76235              5021.18                     77.766
6     12     1.93          18             0.78165              5419.84                     80.7942
6     12     1.93          18             0.80095              5778.76                     83.4265
6     12     1.93          18             0.82025              5689.63                     82.7807
6     12     1.93          18             0.83955              6196.69                     86.3907
6     12     1.93          18             0.85885              6430.34                     88.0043
6     12     1.93          18             0.87815              6508.63                     88.5384
6     12     1.93          18             0.89745              6538.74                     88.743
6     12     1.93          18             0.91675              6659.18                     89.5566
6     12     1.93          18             0.93605              6725.42                     90.0009
6     12     1.93          18             0.95535              6883.2                     91.0505
6     12     1.93          18             0.97465              6545.96                     88.792
6     12     1.93          18             0.99395              6438.77                     88.062
6     12     1.93          18             1.01325              6308.7                     87.1679
6     12     1.93          18             1.03255              6202.71                     86.4326
6     12     1.93          18             1.05185              6168.98                     86.1973
6     12     1.93          18             1.07115              5583.64                     82.006
6     12     1.93          18             1.09045              5449.95                     81.0183
6     12     1.93          18             1.10975              4976.62                     77.4202
6     12     1.93          18             1.12905              4550.26                     74.0295
6     12     1.93          18             1.14835              4191.34                     71.0499
6     12     1.93          18             1.16765              3667.43                     66.4611
6     12     1.93          18             1.18695              3114.6                     61.2475
6     12     1.93          18             1.20625              2876.13                     58.8561
6     12     1.93          18             1.22555              2490.72                     54.7708
6     12     1.93          18             1.24485              2073.99                     49.9794
6     12     1.93          18             1.26415              1675.33                     44.9198
6     12     1.93          18             1.28345              1466.97                     42.0337
6     12     1.93          18             1.30275              1199.59                     38.0105
6     12     1.93          18             1.32205              1126.12                     36.8281
6     12     1.93          18             1.34135              947.87                     33.7879
6     12     1.93          18             1.36065              763.595                     30.3262
6     12     1.93          18             1.37995              603.409                     26.9583
6     12     1.93          18             1.39925              468.515                     23.7547
6     12     1.93          18             1.41855              407.09                     22.1428
6     12     1.93          18             1.43785              295.08                     18.852
6     12     1.93          18             1.45715              240.882                     17.0329
6     12     1.93          18             1.47645              155.369                     13.6795
6     12     1.93          18             1.49575              121.645                     12.1042
6     12     1.93          18             1.51505              75.8778                     9.5597
6     12     1.93          18             1.53435              57.8116                     8.34439
6     12     1.93          18             1.55365              36.1323                     6.59682
6     12     1.93          18             1.57295              19.2705                     4.81764
6     12     1.93          18             1.59225              15.6573                     4.34256
6     12     1.93          18             1.61155              3.61323                     2.0861
6     12     1.93          18             1.63085              3.61323                     2.0861
6     12     1.93          18             1.65015              1.20441                     1.20441
6     12     1.93          18             1.66945              0                     0
6     12     1.93          18             1.68875              0                     0
6     12     1.93          18             1.70805              0                     0
6     12     1.93          18             1.72735              0                     0
6     12     1.93          18             1.74665              0                     0
6     12     1.93          18             1.76595              0                     0
6     12     1.93          18             1.78525              0                     0
6     12     1.93          18             1.80455              0                     0
6     12     1.93          18             1.82385              0                     0
6     12     1.93          18             1.84315              0                     0
6     12     1.93          18             1.86245              0                     0
6     12     1.93          18             1.88175              0                     0
6     12     1.93          18             1.90105              0                     0
*******************************************************************************************************
 Average angle 4.21876e+06 +- 8684.79 deg 
 Average E' 269871 +- 555.56 GeV 
