*******************************************************************************************************
Z     A     E(GeV)     Theta(deg)     Energy Loss(GeV)     Sigma(nb/sr/GeV)     ERROR     Citation     
*******************************************************************************************************
6     12     2.346          60             1.107              0.0722699                     0.0111515
6     12     2.346          60             1.121              0.0808734                     0.0117966
6     12     2.346          60             1.135              0.137657                     0.0153905
6     12     2.346          60             1.149              0.130774                     0.0150008
6     12     2.346          60             1.163              0.158305                     0.0165045
6     12     2.346          60             1.177              0.215089                     0.0192381
6     12     2.346          60             1.191              0.175513                     0.0173783
6     12     2.346          60             1.205              0.223692                     0.0196191
6     12     2.346          60             1.219              0.223692                     0.0196191
6     12     2.346          60             1.233              0.206485                     0.0188494
6     12     2.346          60             1.247              0.21681                     0.0193149
6     12     2.346          60             1.261              0.220251                     0.0194676
6     12     2.346          60             1.275              0.151423                     0.0161417
6     12     2.346          60             1.289              0.0825941                     0.0119214
6     12     2.346          60             1.303              0.0137657                     0.00486691
6     12     2.346          60             1.317              0                     0
6     12     2.346          60             1.331              0                     0
6     12     2.346          60             1.345              0                     0
6     12     2.346          60             1.359              0                     0
6     12     2.346          60             1.373              0                     0
6     12     2.346          60             1.387              0                     0
6     12     2.346          60             1.401              0                     0
6     12     2.346          60             1.415              0                     0
6     12     2.346          60             1.429              0                     0
6     12     2.346          60             1.443              0                     0
6     12     2.346          60             1.457              0                     0
6     12     2.346          60             1.471              0                     0
6     12     2.346          60             1.485              0                     0
6     12     2.346          60             1.499              0                     0
6     12     2.346          60             1.513              0                     0
6     12     2.346          60             1.527              0                     0
6     12     2.346          60             1.541              0                     0
6     12     2.346          60             1.555              0                     0
6     12     2.346          60             1.569              0                     0
6     12     2.346          60             1.583              0                     0
6     12     2.346          60             1.597              0                     0
6     12     2.346          60             1.611              0                     0
6     12     2.346          60             1.625              0                     0
6     12     2.346          60             1.639              0                     0
6     12     2.346          60             1.653              0                     0
6     12     2.346          60             1.667              0                     0
6     12     2.346          60             1.681              0                     0
6     12     2.346          60             1.695              0                     0
6     12     2.346          60             1.709              0                     0
6     12     2.346          60             1.723              0                     0
6     12     2.346          60             1.737              0                     0
6     12     2.346          60             1.751              0                     0
6     12     2.346          60             1.765              0                     0
6     12     2.346          60             1.779              0                     0
*******************************************************************************************************
 Average mean_angle 82429.3 +- 2189.76 deg 
 Average E' 1624.64 +- 43.1591 GeV 
