*******************************************************************************************************
Z     A     E(GeV)     Theta(deg)     Energy Loss(GeV)     Sigma(nb/sr/GeV)     ERROR     Citation     
*******************************************************************************************************
6     12     2.222          15.54             0.01111              47.1371                     4.05692
6     12     2.222          15.54             0.03333              882.686                     17.5557
6     12     2.222          15.54             0.05555              3391.08                     34.4099
6     12     2.222          15.54             0.07777              8113.17                     53.2243
6     12     2.222          15.54             0.09999              15505.3                     73.5792
6     12     2.222          15.54             0.12221              24552.2                     92.589
6     12     2.222          15.54             0.14443              32411.8                     106.382
6     12     2.222          15.54             0.16665              37633.2                     114.631
6     12     2.222          15.54             0.18887              39656.3                     117.671
6     12     2.222          15.54             0.21109              38442.6                     115.857
6     12     2.222          15.54             0.23331              34786.5                     110.21
6     12     2.222          15.54             0.25553              30630.1                     103.416
6     12     2.222          15.54             0.27775              26245.6                     95.7289
6     12     2.222          15.54             0.29997              22359.1                     88.3571
6     12     2.222          15.54             0.32219              19161.1                     81.7946
6     12     2.222          15.54             0.34441              17111.8                     77.297
6     12     2.222          15.54             0.36663              16051.4                     74.8637
6     12     2.222          15.54             0.38885              15864.6                     74.4268
6     12     2.222          15.54             0.41107              16641.5                     76.2274
6     12     2.222          15.54             0.43329              17771.4                     78.7727
6     12     2.222          15.54             0.45551              18640.1                     80.675
6     12     2.222          15.54             0.47773              19297.6                     82.0855
6     12     2.222          15.54             0.49995              19313.7                     82.1196
6     12     2.222          15.54             0.52217              18888.4                     81.2105
6     12     2.222          15.54             0.54439              18031.5                     79.3471
6     12     2.222          15.54             0.56661              17038.9                     77.132
6     12     2.222          15.54             0.58883              16065.7                     74.8971
6     12     2.222          15.54             0.61105              14966.9                     72.2904
6     12     2.222          15.54             0.63327              14120.2                     70.2158
6     12     2.222          15.54             0.65549              13518.9                     68.7046
6     12     2.222          15.54             0.67771              12696.3                     66.5815
6     12     2.222          15.54             0.69993              12481.6                     66.016
6     12     2.222          15.54             0.72215              12204.3                     65.2787
6     12     2.222          15.54             0.74437              12379.6                     65.7458
6     12     2.222          15.54             0.76659              12706.8                     66.6089
6     12     2.222          15.54             0.78881              12942.5                     67.2238
6     12     2.222          15.54             0.81103              13284.6                     68.1067
6     12     2.222          15.54             0.83325              13638                     69.0065
6     12     2.222          15.54             0.85547              14001.8                     69.9209
6     12     2.222          15.54             0.87769              14197.7                     70.4083
6     12     2.222          15.54             0.89991              14485.1                     71.1172
6     12     2.222          15.54             0.92213              14666.3                     71.5607
6     12     2.222          15.54             0.94435              14515.4                     71.1918
6     12     2.222          15.54             0.96657              14567.5                     71.3192
6     12     2.222          15.54             0.98879              14509.2                     71.1764
6     12     2.222          15.54             1.01101              14485.8                     71.119
6     12     2.222          15.54             1.03323              14157.9                     70.3095
6     12     2.222          15.54             1.05545              13972.5                     69.8476
6     12     2.222          15.54             1.07767              13646.7                     69.0286
6     12     2.222          15.54             1.09989              13111.1                     67.6604
6     12     2.222          15.54             1.12211              12738.5                     66.6921
6     12     2.222          15.54             1.14433              12261.6                     65.4317
6     12     2.222          15.54             1.16655              11618.1                     63.6916
6     12     2.222          15.54             1.18877              10987.8                     61.9399
6     12     2.222          15.54             1.21099              10417                     60.3094
6     12     2.222          15.54             1.23321              9821.98                     58.5618
6     12     2.222          15.54             1.25543              9211.64                     56.7131
6     12     2.222          15.54             1.27765              8745.86                     55.2606
6     12     2.222          15.54             1.29987              8049.97                     53.0166
6     12     2.222          15.54             1.32209              7689.99                     51.8176
6     12     2.222          15.54             1.34431              7318.13                     50.5492
6     12     2.222          15.54             1.36653              6879.23                     49.01
6     12     2.222          15.54             1.38875              6496.54                     47.6273
6     12     2.222          15.54             1.41097              6194.17                     46.5057
6     12     2.222          15.54             1.43319              5888.65                     45.3443
6     12     2.222          15.54             1.45541              5506.32                     43.8475
6     12     2.222          15.54             1.47763              5195.56                     42.5923
6     12     2.222          15.54             1.49985              4893.88                     41.3372
6     12     2.222          15.54             1.52207              4528.66                     39.7649
6     12     2.222          15.54             1.54429              4282.5                     38.669
6     12     2.222          15.54             1.56651              4121.88                     37.9369
6     12     2.222          15.54             1.58873              3842.9                     36.6306
6     12     2.222          15.54             1.61095              3609.31                     35.4999
6     12     2.222          15.54             1.63317              3308.33                     33.9875
6     12     2.222          15.54             1.65539              3259.1                     33.7336
6     12     2.222          15.54             1.67761              3071.6                     32.7489
6     12     2.222          15.54             1.69983              2923.55                     31.9499
6     12     2.222          15.54             1.72205              2800.29                     31.2692
6     12     2.222          15.54             1.74427              2700.08                     30.7046
6     12     2.222          15.54             1.76649              2563.91                     29.9203
6     12     2.222          15.54             1.78871              2422.5                     29.0835
6     12     2.222          15.54             1.81093              2284.93                     28.2456
6     12     2.222          15.54             1.83315              2146.31                     27.3754
6     12     2.222          15.54             1.85537              2037.37                     26.6716
6     12     2.222          15.54             1.87759              1899.1                     25.7507
6     12     2.222          15.54             1.89981              1770.26                     24.8618
6     12     2.222          15.54             1.92203              1662.72                     24.0948
6     12     2.222          15.54             1.94425              1519.56                     23.0342
6     12     2.222          15.54             1.96647              1417.95                     22.2508
6     12     2.222          15.54             1.98869              1276.19                     21.1093
6     12     2.222          15.54             2.01091              1134.08                     19.8993
6     12     2.222          15.54             2.03313              1048.19                     19.1309
6     12     2.222          15.54             2.05535              914.809                     17.8723
6     12     2.222          15.54             2.07757              684.012                     15.4542
6     12     2.222          15.54             2.09979              329.262                     10.7222
6     12     2.222          15.54             2.12201              23.0448                     2.83662
6     12     2.222          15.54             2.14423              0                     0
6     12     2.222          15.54             2.16645              0                     0
6     12     2.222          15.54             2.18867              0                     0
*******************************************************************************************************
 Average angle 15.3867 +- 0.00877609 deg 
 Average E' 1.53363 +- 0.000874738 GeV 
