*******************************************************************************************************
Z     A     E(GeV)     Theta(deg)     Energy Loss(GeV)     Sigma(nb/sr/GeV)     ERROR     Citation     
*******************************************************************************************************
6     12     3.605          16.02             0.018025              0                     0
6     12     3.605          16.02             0.054075              0                     0
6     12     3.605          16.02             0.090125              0.573654                     0.405634
6     12     3.605          16.02             0.126175              4.58923                     1.14731
6     12     3.605          16.02             0.162225              15.2018                     2.08813
6     12     3.605          16.02             0.198275              47.6132                     3.6955
6     12     3.605          16.02             0.234325              152.305                     6.60948
6     12     3.605          16.02             0.270375              386.643                     10.5309
6     12     3.605          16.02             0.306425              770.99                     14.8708
6     12     3.605          16.02             0.342475              1305.64                     19.3518
6     12     3.605          16.02             0.378525              1852.33                     23.0499
6     12     3.605          16.02             0.414575              2332.19                     25.8638
6     12     3.605          16.02             0.450625              2654.3                     27.5921
6     12     3.605          16.02             0.486675              2835.57                     28.5187
6     12     3.605          16.02             0.522725              2865.4                     28.6683
6     12     3.605          16.02             0.558775              2844.46                     28.5634
6     12     3.605          16.02             0.594825              2755.55                     28.1134
6     12     3.605          16.02             0.630875              2716.25                     27.9122
6     12     3.605          16.02             0.666925              2730.3                     27.9844
6     12     3.605          16.02             0.702975              2854.5                     28.6138
6     12     3.605          16.02             0.739025              2784.23                     28.2594
6     12     3.605          16.02             0.775075              2927.07                     28.9752
6     12     3.605          16.02             0.811125              2874.58                     28.7142
6     12     3.605          16.02             0.847175              2838.72                     28.5346
6     12     3.605          16.02             0.883225              2797.42                     28.3262
6     12     3.605          16.02             0.919275              2826.96                     28.4754
6     12     3.605          16.02             0.955325              2912.15                     28.9013
6     12     3.605          16.02             0.991375              3036.06                     29.5097
6     12     3.605          16.02             1.02742              3143.62                     30.0279
6     12     3.605          16.02             1.06347              3391.15                     31.1877
6     12     3.605          16.02             1.09952              3511.91                     31.7381
6     12     3.605          16.02             1.13558              3635.24                     32.2906
6     12     3.605          16.02             1.17162              3850.36                     33.2323
6     12     3.605          16.02             1.20767              3976.28                     33.7713
6     12     3.605          16.02             1.24372              4090.44                     34.2527
6     12     3.605          16.02             1.27977              4094.17                     34.2683
6     12     3.605          16.02             1.31583              4157.27                     34.5314
6     12     3.605          16.02             1.35187              4097.32                     34.2815
6     12     3.605          16.02             1.38792              4070.07                     34.1673
6     12     3.605          16.02             1.42397              3957.92                     33.6933
6     12     3.605          16.02             1.46002              3874.17                     33.3349
6     12     3.605          16.02             1.49607              3697.77                     32.5672
6     12     3.605          16.02             1.53212              3575.3                     32.0233
6     12     3.605          16.02             1.56817              3476.05                     31.5757
6     12     3.605          16.02             1.60422              3372.22                     31.1005
6     12     3.605          16.02             1.64027              3277.28                     30.6596
6     12     3.605          16.02             1.67632              3157.1                     30.0922
6     12     3.605          16.02             1.71237              3090.85                     29.7748
6     12     3.605          16.02             1.74842              2961.77                     29.1465
6     12     3.605          16.02             1.78447              2935.39                     29.0163
6     12     3.605          16.02             1.82052              2867.12                     28.6769
6     12     3.605          16.02             1.85657              2845.9                     28.5706
6     12     3.605          16.02             1.89263              2699.04                     27.8237
6     12     3.605          16.02             1.92867              2550.46                     27.047
6     12     3.605          16.02             1.96472              2536.98                     26.9754
6     12     3.605          16.02             2.00077              2466.71                     26.5992
6     12     3.605          16.02             2.03682              2487.08                     26.7088
6     12     3.605          16.02             2.07288              2371.2                     26.0792
6     12     3.605          16.02             2.10893              2329.89                     25.851
6     12     3.605          16.02             2.14498              2268.8                     25.5099
6     12     3.605          16.02             2.18102              2234.38                     25.3156
6     12     3.605          16.02             2.21707              2239.83                     25.3465
6     12     3.605          16.02             2.25313              2196.81                     25.1019
6     12     3.605          16.02             2.28918              2140.3                     24.7769
6     12     3.605          16.02             2.32523              2075.19                     24.3971
6     12     3.605          16.02             2.36128              2095.27                     24.5149
6     12     3.605          16.02             2.39732              1991.73                     23.9015
6     12     3.605          16.02             2.43338              1952.43                     23.6645
6     12     3.605          16.02             2.46943              1907.4                     23.39
6     12     3.605          16.02             2.50548              1901.95                     23.3566
6     12     3.605          16.02             2.54153              1819.92                     22.8473
6     12     3.605          16.02             2.57757              1806.72                     22.7644
6     12     3.605          16.02             2.61363              1736.16                     22.3154
6     12     3.605          16.02             2.64968              1670.19                     21.8873
6     12     3.605          16.02             2.68573              1622.29                     21.5712
6     12     3.605          16.02             2.72178              1554.31                     21.1144
6     12     3.605          16.02             2.75782              1539.4                     21.0129
6     12     3.605          16.02             2.79387              1496.95                     20.7211
6     12     3.605          16.02             2.82993              1451.34                     20.403
6     12     3.605          16.02             2.86598              1373.9                     19.8512
6     12     3.605          16.02             2.90203              1350.67                     19.6827
6     12     3.605          16.02             2.93807              1267.49                     19.067
6     12     3.605          16.02             2.97412              1242.25                     18.8762
6     12     3.605          16.02             3.01018              1194.06                     18.5064
6     12     3.605          16.02             3.04623              1100.27                     17.7647
6     12     3.605          16.02             3.08228              1056.1                     17.4045
6     12     3.605          16.02             3.11833              1046.92                     17.3287
6     12     3.605          16.02             3.15437              977.219                     16.7419
6     12     3.605          16.02             3.19042              903.791                     16.1007
6     12     3.605          16.02             3.22648              873.961                     15.8327
6     12     3.605          16.02             3.26253              817.17                     15.3097
6     12     3.605          16.02             3.29858              733.129                     14.5011
6     12     3.605          16.02             3.33462              619.546                     13.3305
6     12     3.605          16.02             3.37067              572.219                     12.8112
6     12     3.605          16.02             3.40673              495.35                     11.9197
6     12     3.605          16.02             3.44278              417.046                     10.9371
6     12     3.605          16.02             3.47883              341.898                     9.9028
6     12     3.605          16.02             3.51487              232.33                     8.16323
6     12     3.605          16.02             3.55092              15.2018                     2.08813
*******************************************************************************************************
 Average angle 15.8535 +- 0.0185721 deg 
 Average E' 1.99847 +- 0.00234117 GeV 
