*******************************************************************************************************
Z     A     E(GeV)     Theta(deg)     Energy Loss(GeV)     Sigma(nb/sr/GeV)     ERROR     Citation     
*******************************************************************************************************
6     12     0.537          37.1             0.002685              0                     0
6     12     0.537          37.1             0.008055              0                     0
6     12     0.537          37.1             0.013425              0                     0
6     12     0.537          37.1             0.018795              0                     0
6     12     0.537          37.1             0.024165              0                     0
6     12     0.537          37.1             0.029535              0                     0
6     12     0.537          37.1             0.034905              0                     0
6     12     0.537          37.1             0.040275              0                     0
6     12     0.537          37.1             0.045645              0                     0
6     12     0.537          37.1             0.051015              0                     0
6     12     0.537          37.1             0.056385              0                     0
6     12     0.537          37.1             0.061755              0                     0
6     12     0.537          37.1             0.067125              0                     0
6     12     0.537          37.1             0.072495              0                     0
6     12     0.537          37.1             0.077865              0                     0
6     12     0.537          37.1             0.083235              0                     0
6     12     0.537          37.1             0.088605              0                     0
6     12     0.537          37.1             0.093975              0                     0
6     12     0.537          37.1             0.099345              0                     0
6     12     0.537          37.1             0.104715              0                     0
6     12     0.537          37.1             0.110085              0                     0
6     12     0.537          37.1             0.115455              0                     0
6     12     0.537          37.1             0.120825              0                     0
6     12     0.537          37.1             0.126195              0                     0
6     12     0.537          37.1             0.131565              0                     0
6     12     0.537          37.1             0.136935              0                     0
6     12     0.537          37.1             0.142305              0                     0
6     12     0.537          37.1             0.147675              0                     0
6     12     0.537          37.1             0.153045              0                     0
6     12     0.537          37.1             0.158415              0                     0
6     12     0.537          37.1             0.163785              0.604744                     0.349149
6     12     0.537          37.1             0.169155              11.087                     1.49497
6     12     0.537          37.1             0.174525              41.1226                     2.87916
6     12     0.537          37.1             0.179895              88.4942                     4.2236
6     12     0.537          37.1             0.185265              142.72                     5.36373
6     12     0.537          37.1             0.190635              222.949                     6.7039
6     12     0.537          37.1             0.196005              311.645                     7.92602
6     12     0.537          37.1             0.201375              418.483                     9.18468
6     12     0.537          37.1             0.206745              543.463                     10.4667
6     12     0.537          37.1             0.212115              626.112                     11.2344
6     12     0.537          37.1             0.217485              739.199                     12.2069
6     12     0.537          37.1             0.222855              822.452                     12.876
6     12     0.537          37.1             0.228225              938.361                     13.7534
6     12     0.537          37.1             0.233595              1008.11                     14.2554
6     12     0.537          37.1             0.238965              1081.08                     14.7623
6     12     0.537          37.1             0.244335              1137.12                     15.1401
6     12     0.537          37.1             0.249705              1176.23                     15.3982
6     12     0.537          37.1             0.255075              1207.67                     15.6027
6     12     0.537          37.1             0.260445              1228.03                     15.7337
6     12     0.537          37.1             0.265815              1250.61                     15.8776
6     12     0.537          37.1             0.271185              1294.35                     16.1529
6     12     0.537          37.1             0.276555              1267.34                     15.9835
6     12     0.537          37.1             0.281925              1322.17                     16.3256
6     12     0.537          37.1             0.287295              1304.84                     16.2182
6     12     0.537          37.1             0.292665              1290.52                     16.129
6     12     0.537          37.1             0.298035              1270.97                     16.0064
6     12     0.537          37.1             0.303405              1252.02                     15.8866
6     12     0.537          37.1             0.308775              1273.39                     16.0216
6     12     0.537          37.1             0.314145              1222.79                     15.7001
6     12     0.537          37.1             0.319515              1194.57                     15.5178
6     12     0.537          37.1             0.324885              1167.96                     15.344
6     12     0.537          37.1             0.330255              1139.74                     15.1575
6     12     0.537          37.1             0.335625              1133.89                     15.1186
6     12     0.537          37.1             0.340995              1089.14                     14.8173
6     12     0.537          37.1             0.346365              1064.75                     14.6504
6     12     0.537          37.1             0.351735              1052.86                     14.5683
6     12     0.537          37.1             0.357105              1035.93                     14.4507
6     12     0.537          37.1             0.362475              985.128                     14.092
6     12     0.537          37.1             0.367845              975.25                     14.0211
6     12     0.537          37.1             0.373215              932.314                     13.709
6     12     0.537          37.1             0.378585              900.665                     13.4743
6     12     0.537          37.1             0.383955              878.088                     13.3044
6     12     0.537          37.1             0.389325              844.424                     13.0468
6     12     0.537          37.1             0.394695              814.187                     12.8111
6     12     0.537          37.1             0.400065              801.084                     12.7076
6     12     0.537          37.1             0.405435              759.155                     12.3706
6     12     0.537          37.1             0.410805              731.539                     12.1435
6     12     0.537          37.1             0.416175              709.969                     11.9631
6     12     0.537          37.1             0.421545              683.562                     11.7385
6     12     0.537          37.1             0.426915              650.503                     11.4512
6     12     0.537          37.1             0.432285              596.076                     10.9616
6     12     0.537          37.1             0.437655              558.38                     10.6094
6     12     0.537          37.1             0.443025              356.597                     8.47841
6     12     0.537          37.1             0.448395              135.261                     5.2217
6     12     0.537          37.1             0.453765              1.61265                     0.570158
6     12     0.537          37.1             0.459135              0                     0
6     12     0.537          37.1             0.464505              0                     0
6     12     0.537          37.1             0.469875              0                     0
6     12     0.537          37.1             0.475245              0                     0
6     12     0.537          37.1             0.480615              0                     0
6     12     0.537          37.1             0.485985              0                     0
6     12     0.537          37.1             0.491355              0                     0
6     12     0.537          37.1             0.496725              0                     0
6     12     0.537          37.1             0.502095              0                     0
6     12     0.537          37.1             0.507465              0                     0
6     12     0.537          37.1             0.512835              0                     0
6     12     0.537          37.1             0.518205              0                     0
6     12     0.537          37.1             0.523575              0                     0
6     12     0.537          37.1             0.528945              0                     0
*******************************************************************************************************
 Average mean_angle 8.40188e+06 +- 17648.5 deg 
 Average E' 50601.4 +- 106.29 GeV 
