*******************************************************************************************************
Z     A     E(GeV)     Theta(deg)     Energy Loss(GeV)     Sigma(nb/sr/GeV)     ERROR     Citation     
*******************************************************************************************************
6     12     3.188          47.68             0.01594              0                     0
6     12     3.188          47.68             0.04782              0                     0
6     12     3.188          47.68             0.0797              0                     0
6     12     3.188          47.68             0.11158              0                     0
6     12     3.188          47.68             0.14346              0                     0
6     12     3.188          47.68             0.17534              0                     0
6     12     3.188          47.68             0.20722              0                     0
6     12     3.188          47.68             0.2391              0                     0
6     12     3.188          47.68             0.27098              0                     0
6     12     3.188          47.68             0.30286              0                     0
6     12     3.188          47.68             0.33474              0                     0
6     12     3.188          47.68             0.36662              0                     0
6     12     3.188          47.68             0.3985              0                     0
6     12     3.188          47.68             0.43038              0                     0
6     12     3.188          47.68             0.46226              0                     0
6     12     3.188          47.68             0.49414              0                     0
6     12     3.188          47.68             0.52602              0                     0
6     12     3.188          47.68             0.5579              0                     0
6     12     3.188          47.68             0.58978              0                     0
6     12     3.188          47.68             0.62166              0                     0
6     12     3.188          47.68             0.65354              0                     0
6     12     3.188          47.68             0.68542              0                     0
6     12     3.188          47.68             0.7173              0                     0
6     12     3.188          47.68             0.74918              0                     0
6     12     3.188          47.68             0.78106              0                     0
6     12     3.188          47.68             0.81294              0                     0
6     12     3.188          47.68             0.84482              0                     0
6     12     3.188          47.68             0.8767              0                     0
6     12     3.188          47.68             0.90858              0                     0
6     12     3.188          47.68             0.94046              0                     0
6     12     3.188          47.68             0.97234              0                     0
6     12     3.188          47.68             1.00422              0                     0
6     12     3.188          47.68             1.0361              0                     0
6     12     3.188          47.68             1.06798              0                     0
6     12     3.188          47.68             1.09986              0                     0
6     12     3.188          47.68             1.13174              0                     0
6     12     3.188          47.68             1.16362              0                     0
6     12     3.188          47.68             1.1955              0                     0
6     12     3.188          47.68             1.22738              0                     0
6     12     3.188          47.68             1.25926              0                     0
6     12     3.188          47.68             1.29114              0                     0
6     12     3.188          47.68             1.32302              0                     0
6     12     3.188          47.68             1.3549              0                     0
6     12     3.188          47.68             1.38678              0                     0
6     12     3.188          47.68             1.41866              0                     0
6     12     3.188          47.68             1.45054              0                     0
6     12     3.188          47.68             1.48242              0                     0
6     12     3.188          47.68             1.5143              0                     0
6     12     3.188          47.68             1.54618              0.0568063                     0.0568063
6     12     3.188          47.68             1.57806              0                     0
6     12     3.188          47.68             1.60994              0.397644                     0.150295
6     12     3.188          47.68             1.64182              0.624869                     0.188405
6     12     3.188          47.68             1.6737              0.45445                     0.160672
6     12     3.188          47.68             1.70558              1.13613                     0.254045
6     12     3.188          47.68             1.73746              1.42016                     0.284031
6     12     3.188          47.68             1.76934              3.12435                     0.421287
6     12     3.188          47.68             1.80122              3.46518                     0.443671
6     12     3.188          47.68             1.8331              6.53272                     0.60918
6     12     3.188          47.68             1.86498              6.70314                     0.617074
6     12     3.188          47.68             1.89686              9.08901                     0.718549
6     12     3.188          47.68             1.92874              12.5542                     0.844486
6     12     3.188          47.68             1.96062              13.1223                     0.863381
6     12     3.188          47.68             1.9925              18.5188                     1.02566
6     12     3.188          47.68             2.02438              18.4052                     1.02251
6     12     3.188          47.68             2.05626              20.3366                     1.07483
6     12     3.188          47.68             2.08814              23.4042                     1.15304
6     12     3.188          47.68             2.12002              28.0055                     1.2613
6     12     3.188          47.68             2.1519              29.8233                     1.3016
6     12     3.188          47.68             2.18378              35.2767                     1.41561
6     12     3.188          47.68             2.21566              34.4246                     1.3984
6     12     3.188          47.68             2.24754              42.4911                     1.55363
6     12     3.188          47.68             2.27942              40.7869                     1.52215
6     12     3.188          47.68             2.3113              40.2757                     1.51258
6     12     3.188          47.68             2.34318              46.4107                     1.62371
6     12     3.188          47.68             2.37506              49.9327                     1.68419
6     12     3.188          47.68             2.40694              49.9895                     1.68515
6     12     3.188          47.68             2.43882              54.7045                     1.76283
6     12     3.188          47.68             2.4707              55.6134                     1.77741
6     12     3.188          47.68             2.50258              60.7259                     1.85731
6     12     3.188          47.68             2.53446              65.9521                     1.93559
6     12     3.188          47.68             2.56634              64.3615                     1.9121
6     12     3.188          47.68             2.59822              71.5191                     2.01562
6     12     3.188          47.68             2.6301              76.2908                     2.08178
6     12     3.188          47.68             2.66198              80.7785                     2.14213
6     12     3.188          47.68             2.69386              84.1301                     2.18612
6     12     3.188          47.68             2.72574              87.1408                     2.22489
6     12     3.188          47.68             2.75762              90.5492                     2.26799
6     12     3.188          47.68             2.7895              96.7411                     2.34425
6     12     3.188          47.68             2.82138              95.0369                     2.32351
6     12     3.188          47.68             2.85326              96.9115                     2.34631
6     12     3.188          47.68             2.88514              99.6382                     2.37909
6     12     3.188          47.68             2.91702              105.035                     2.44267
6     12     3.188          47.68             2.9489              112.59                     2.529
6     12     3.188          47.68             2.98078              112.59                     2.529
6     12     3.188          47.68             3.01266              116.964                     2.57765
6     12     3.188          47.68             3.04454              115.09                     2.55691
6     12     3.188          47.68             3.07642              105.376                     2.44663
6     12     3.188          47.68             3.1083              90.2084                     2.26371
6     12     3.188          47.68             3.14018              70.383                     1.99955
*******************************************************************************************************
 Average angle 47.6321 +- 0.223894 deg 
 Average E' 0.489246 +- 0.00229969 GeV 
