*******************************************************************************************************
Z     A     E(GeV)     Theta(deg)     Energy Loss(GeV)     Sigma(nb/sr/GeV)     ERROR     Citation     
*******************************************************************************************************
6     12     2.095          44.98             1.30667              6.5352                     1.36268
6     12     2.095          44.98             1.32              5.68278                     1.27071
6     12     2.095          44.98             1.33333              5.68278                     1.27071
6     12     2.095          44.98             1.34667              5.39864                     1.23853
6     12     2.095          44.98             1.36              5.11451                     1.2055
6     12     2.095          44.98             1.37333              5.68278                     1.27071
6     12     2.095          44.98             1.38667              5.96692                     1.30209
6     12     2.095          44.98             1.4              7.38762                     1.44883
6     12     2.095          44.98             1.41333              6.5352                     1.36268
6     12     2.095          44.98             1.42667              6.5352                     1.36268
6     12     2.095          44.98             1.44              5.68278                     1.27071
6     12     2.095          44.98             1.45333              6.5352                     1.36268
6     12     2.095          44.98             1.46667              4.83037                     1.17154
6     12     2.095          44.98             1.48              4.26209                     1.10047
6     12     2.095          44.98             1.49333              5.11451                     1.2055
6     12     2.095          44.98             1.50667              9.09245                     1.60733
6     12     2.095          44.98             1.52              4.83037                     1.17154
6     12     2.095          44.98             1.53333              6.81934                     1.39199
6     12     2.095          44.98             1.54667              8.24004                     1.53014
6     12     2.095          44.98             1.56              9.09245                     1.60733
6     12     2.095          44.98             1.57333              7.67176                     1.47643
6     12     2.095          44.98             1.58667              6.81934                     1.39199
6     12     2.095          44.98             1.6              9.09245                     1.60733
6     12     2.095          44.98             1.61333              8.24004                     1.53014
6     12     2.095          44.98             1.62667              8.24004                     1.53014
6     12     2.095          44.98             1.64              12.218                     1.86323
6     12     2.095          44.98             1.65333              12.218                     1.86323
6     12     2.095          44.98             1.66667              8.52418                     1.55629
6     12     2.095          44.98             1.68              12.218                     1.86323
*******************************************************************************************************
 Average mean_angle 154197 +- 2630.57 deg 
 Average E' 1951.83 +- 33.2978 GeV 
