*******************************************************************************************************
Z     A     E(GeV)     Theta(deg)     Energy Loss(GeV)     Sigma(nb/sr/GeV)     ERROR     Citation     
*******************************************************************************************************
6     12     1.204          22.01             0.00602              0                     0
6     12     1.204          22.01             0.01806              0                     0
6     12     1.204          22.01             0.0301              0                     0
6     12     1.204          22.01             0.04214              0                     0
6     12     1.204          22.01             0.05418              0                     0
6     12     1.204          22.01             0.06622              0                     0
6     12     1.204          22.01             0.07826              0                     0
6     12     1.204          22.01             0.0903              0                     0
6     12     1.204          22.01             0.10234              0                     0
6     12     1.204          22.01             0.11438              0                     0
6     12     1.204          22.01             0.12642              0                     0
6     12     1.204          22.01             0.13846              0                     0
6     12     1.204          22.01             0.1505              0                     0
6     12     1.204          22.01             0.16254              0                     0
6     12     1.204          22.01             0.17458              0                     0
6     12     1.204          22.01             0.18662              0                     0
6     12     1.204          22.01             0.19866              0                     0
6     12     1.204          22.01             0.2107              10.7431                     7.59652
6     12     1.204          22.01             0.22274              0                     0
6     12     1.204          22.01             0.23478              42.9724                     15.193
6     12     1.204          22.01             0.24682              139.66                     27.3896
6     12     1.204          22.01             0.25886              198.747                     32.6739
6     12     1.204          22.01             0.2709              429.724                     48.0446
6     12     1.204          22.01             0.28294              709.044                     61.7144
6     12     1.204          22.01             0.29498              982.993                     72.665
6     12     1.204          22.01             0.30702              1659.81                     94.4232
6     12     1.204          22.01             0.31906              2411.83                     113.821
6     12     1.204          22.01             0.3311              3733.23                     141.609
6     12     1.204          22.01             0.34314              5301.72                     168.756
6     12     1.204          22.01             0.35518              6435.12                     185.921
6     12     1.204          22.01             0.36722              8256.07                     210.589
6     12     1.204          22.01             0.37926              9491.53                     225.797
6     12     1.204          22.01             0.3913              10630.3                     238.958
6     12     1.204          22.01             0.40334              11833.5                     252.12
6     12     1.204          22.01             0.41538              12757.4                     261.777
6     12     1.204          22.01             0.42742              13079.7                     265.063
6     12     1.204          22.01             0.43946              12875.6                     262.987
6     12     1.204          22.01             0.4515              12660.7                     260.783
6     12     1.204          22.01             0.46354              11967.8                     253.546
6     12     1.204          22.01             0.47558              12032.3                     254.228
6     12     1.204          22.01             0.48762              10404.7                     236.409
6     12     1.204          22.01             0.49966              10146.9                     233.462
6     12     1.204          22.01             0.5117              9539.87                     226.371
6     12     1.204          22.01             0.52374              9142.38                     221.605
6     12     1.204          22.01             0.53578              8105.67                     208.662
6     12     1.204          22.01             0.54782              7509.43                     200.841
6     12     1.204          22.01             0.55986              7160.27                     196.117
6     12     1.204          22.01             0.5719              6300.83                     183.971
6     12     1.204          22.01             0.58394              5994.65                     179.445
6     12     1.204          22.01             0.59598              5516.58                     172.141
6     12     1.204          22.01             0.60802              5317.83                     169.012
6     12     1.204          22.01             0.62006              5242.63                     167.813
6     12     1.204          22.01             0.6321              5070.74                     165.039
6     12     1.204          22.01             0.64414              4920.34                     162.573
6     12     1.204          22.01             0.65618              5022.4                     164.25
6     12     1.204          22.01             0.66822              4710.85                     159.074
6     12     1.204          22.01             0.68026              5221.15                     167.468
6     12     1.204          22.01             0.6923              5205.03                     167.21
6     12     1.204          22.01             0.70434              5258.75                     168.07
6     12     1.204          22.01             0.71638              5248                     167.898
6     12     1.204          22.01             0.72842              5376.92                     169.948
6     12     1.204          22.01             0.74046              5613.27                     173.643
6     12     1.204          22.01             0.7525              5838.87                     177.098
6     12     1.204          22.01             0.76454              5994.65                     179.445
6     12     1.204          22.01             0.77658              6542.55                     187.466
6     12     1.204          22.01             0.78862              6392.14                     185.299
6     12     1.204          22.01             0.80066              6537.17                     187.389
6     12     1.204          22.01             0.8127              6424.37                     185.766
6     12     1.204          22.01             0.82474              6671.46                     189.304
6     12     1.204          22.01             0.83678              6692.95                     189.609
6     12     1.204          22.01             0.84882              6279.34                     183.657
6     12     1.204          22.01             0.86086              6886.33                     192.328
6     12     1.204          22.01             0.8729              6617.75                     188.541
6     12     1.204          22.01             0.88494              6709.06                     189.837
6     12     1.204          22.01             0.89698              6633.86                     188.77
6     12     1.204          22.01             0.90902              6467.34                     186.386
6     12     1.204          22.01             0.92106              6655.35                     189.075
6     12     1.204          22.01             0.9331              6386.77                     185.221
6     12     1.204          22.01             0.94514              6461.97                     186.308
6     12     1.204          22.01             0.95718              6451.23                     186.153
6     12     1.204          22.01             0.96922              5640.13                     174.058
6     12     1.204          22.01             0.98126              5833.5                     177.017
6     12     1.204          22.01             0.9933              5973.16                     179.123
6     12     1.204          22.01             1.00534              5720.7                     175.297
6     12     1.204          22.01             1.01738              5624.01                     173.809
6     12     1.204          22.01             1.02942              5366.18                     169.778
6     12     1.204          22.01             1.04146              5344.69                     169.438
6     12     1.204          22.01             1.0535              5000.91                     163.898
6     12     1.204          22.01             1.06554              4914.97                     162.484
6     12     1.204          22.01             1.07758              4340.21                     152.688
6     12     1.204          22.01             1.08962              2132.5                     107.027
6     12     1.204          22.01             1.10166              397.495                     46.2078
6     12     1.204          22.01             1.1137              0                     0
6     12     1.204          22.01             1.12574              0                     0
6     12     1.204          22.01             1.13778              0                     0
6     12     1.204          22.01             1.14982              0                     0
6     12     1.204          22.01             1.16186              0                     0
6     12     1.204          22.01             1.1739              0                     0
6     12     1.204          22.01             1.18594              0                     0
*******************************************************************************************************
 Average angle 1.84932e+06 +- 6370.94 deg 
 Average E' 45870.2 +- 158.024 GeV 
