*******************************************************************************************************
Z     A     E(GeV)     Theta(deg)     Energy Loss(GeV)     Sigma(nb/sr/GeV)     ERROR     Citation     
*******************************************************************************************************
6     12     3.116          24.98             1.41333              728.594                     9.26961
6     12     3.116          24.98             1.44              753.596                     9.42732
6     12     3.116          24.98             1.46667              775.767                     9.56499
6     12     3.116          24.98             1.49333              800.062                     9.71361
6     12     3.116          24.98             1.52              798.528                     9.7043
6     12     3.116          24.98             1.54667              818.695                     9.82607
6     12     3.116          24.98             1.57333              800.887                     9.71862
6     12     3.116          24.98             1.6              802.774                     9.73006
6     12     3.116          24.98             1.62667              817.28                     9.81757
6     12     3.116          24.98             1.65333              801.005                     9.71933
6     12     3.116          24.98             1.68              774.116                     9.55481
6     12     3.116          24.98             1.70667              795.344                     9.68493
6     12     3.116          24.98             1.73333              792.632                     9.6684
6     12     3.116          24.98             1.76              785.674                     9.62587
6     12     3.116          24.98             1.78667              777.536                     9.57589
6     12     3.116          24.98             1.81333              763.03                     9.48614
6     12     3.116          24.98             1.84              734.491                     9.30705
6     12     3.116          24.98             1.86667              754.421                     9.43248
6     12     3.116          24.98             1.89333              729.773                     9.27711
6     12     3.116          24.98             1.92              741.331                     9.35028
6     12     3.116          24.98             1.94667              738.618                     9.33316
6     12     3.116          24.98             1.97333              725.646                     9.25084
6     12     3.116          24.98             2              727.532                     9.26286
6     12     3.116          24.98             2.02667              728.24                     9.26736
6     12     3.116          24.98             2.05333              707.838                     9.13662
6     12     3.116          24.98             2.08              714.678                     9.18066
6     12     3.116          24.98             2.10667              706.422                     9.12748
6     12     3.116          24.98             2.13333              716.093                     9.18975
6     12     3.116          24.98             2.16              690.265                     9.0225
*******************************************************************************************************
 Average angle 24.8731 +- 0.0376795 deg 
 Average E' 1.22478 +- 0.00185538 GeV 
