*******************************************************************************************************
Z     A     E(GeV)     Theta(deg)     Energy Loss(GeV)     Sigma(nb/sr/GeV)     ERROR     Citation     
*******************************************************************************************************
6     12     0.36          90             0.0018              0                     0
6     12     0.36          90             0.0054              0                     0
6     12     0.36          90             0.009              0                     0
6     12     0.36          90             0.0126              0                     0
6     12     0.36          90             0.0162              0                     0
6     12     0.36          90             0.0198              0                     0
6     12     0.36          90             0.0234              0                     0
6     12     0.36          90             0.027              0                     0
6     12     0.36          90             0.0306              0                     0
6     12     0.36          90             0.0342              0                     0
6     12     0.36          90             0.0378              0                     0
6     12     0.36          90             0.0414              0                     0
6     12     0.36          90             0.045              0                     0
6     12     0.36          90             0.0486              0                     0
6     12     0.36          90             0.0522              0                     0
6     12     0.36          90             0.0558              0                     0
6     12     0.36          90             0.0594              0                     0
6     12     0.36          90             0.063              0                     0
6     12     0.36          90             0.0666              0                     0
6     12     0.36          90             0.0702              0                     0
6     12     0.36          90             0.0738              0                     0
6     12     0.36          90             0.0774              0                     0
6     12     0.36          90             0.081              0                     0
6     12     0.36          90             0.0846              0                     0
6     12     0.36          90             0.0882              0                     0
6     12     0.36          90             0.0918              0                     0
6     12     0.36          90             0.0954              0                     0
6     12     0.36          90             0.099              0                     0
6     12     0.36          90             0.1026              0                     0
6     12     0.36          90             0.1062              0                     0
6     12     0.36          90             0.1098              0                     0
6     12     0.36          90             0.1134              0                     0
6     12     0.36          90             0.117              0                     0
6     12     0.36          90             0.1206              0                     0
6     12     0.36          90             0.1242              0                     0
6     12     0.36          90             0.1278              0                     0
6     12     0.36          90             0.1314              0                     0
6     12     0.36          90             0.135              0                     0
6     12     0.36          90             0.1386              0                     0
6     12     0.36          90             0.1422              0                     0
6     12     0.36          90             0.1458              0                     0
6     12     0.36          90             0.1494              0                     0
6     12     0.36          90             0.153              0                     0
6     12     0.36          90             0.1566              0                     0
6     12     0.36          90             0.1602              0                     0
6     12     0.36          90             0.1638              0                     0
6     12     0.36          90             0.1674              0                     0
6     12     0.36          90             0.171              0                     0
6     12     0.36          90             0.1746              0                     0
6     12     0.36          90             0.1782              0.74229                     0.331962
6     12     0.36          90             0.1818              1.03921                     0.392783
6     12     0.36          90             0.1854              3.85991                     0.75699
6     12     0.36          90             0.189              4.6022                     0.826579
6     12     0.36          90             0.1926              8.01673                     1.09094
6     12     0.36          90             0.1962              10.9859                     1.27708
6     12     0.36          90             0.1998              17.6665                     1.61949
6     12     0.36          90             0.2034              25.9802                     1.96391
6     12     0.36          90             0.207              32.0669                     2.18188
6     12     0.36          90             0.2106              37.1145                     2.34733
6     12     0.36          90             0.2142              49.2881                     2.70503
6     12     0.36          90             0.2178              56.8594                     2.90538
6     12     0.36          90             0.2214              58.6409                     2.95054
6     12     0.36          90             0.225              71.4083                     3.25594
6     12     0.36          90             0.2286              85.9572                     3.57226
6     12     0.36          90             0.2322              92.9347                     3.71442
6     12     0.36          90             0.2358              110.007                     4.04122
6     12     0.36          90             0.2394              113.719                     4.10883
6     12     0.36          90             0.243              122.032                     4.25637
6     12     0.36          90             0.2466              131.534                     4.41896
6     12     0.36          90             0.2502              148.31                     4.69231
6     12     0.36          90             0.2538              152.615                     4.75993
6     12     0.36          90             0.2574              162.116                     4.90586
6     12     0.36          90             0.261              155.881                     4.81059
6     12     0.36          90             0.2646              166.421                     4.97057
6     12     0.36          90             0.2682              170.727                     5.03446
6     12     0.36          90             0.2718              182.01                     5.19815
6     12     0.36          90             0.2754              179.337                     5.15985
6     12     0.36          90             0.279              180.822                     5.18116
6     12     0.36          90             0.2826              192.847                     5.35067
6     12     0.36          90             0.2862              182.603                     5.20662
6     12     0.36          90             0.2898              187.206                     5.27183
6     12     0.36          90             0.2934              184.979                     5.24038
6     12     0.36          90             0.297              185.276                     5.24458
6     12     0.36          90             0.3006              182.603                     5.20662
6     12     0.36          90             0.3042              174.438                     5.08888
6     12     0.36          90             0.3078              167.906                     4.99269
6     12     0.36          90             0.3114              167.312                     4.98386
6     12     0.36          90             0.315              150.091                     4.7204
6     12     0.36          90             0.3186              145.192                     4.64273
6     12     0.36          90             0.3222              141.629                     4.58541
6     12     0.36          90             0.3258              122.478                     4.26413
6     12     0.36          90             0.3294              111.64                     4.07111
6     12     0.36          90             0.333              24.9409                     1.92424
6     12     0.36          90             0.3366              0                     0
6     12     0.36          90             0.3402              0                     0
6     12     0.36          90             0.3438              0                     0
6     12     0.36          90             0.3474              0                     0
6     12     0.36          90             0.351              0                     0
6     12     0.36          90             0.3546              0                     0
*******************************************************************************************************
 Average mean_angle 2.94223e+06 +- 16271.8 deg 
 Average E' 2738 +- 15.1424 GeV 
