*******************************************************************************************************
Z     A     E(GeV)     Theta(deg)     Energy Loss(GeV)     Sigma(nb/sr/GeV)     ERROR     Citation     
*******************************************************************************************************
6     12     3.116          34.98             1.608              88.0315                     3.57015
6     12     3.116          34.98             1.624              97.0084                     3.74776
6     12     3.116          34.98             1.64              104.827                     3.89587
6     12     3.116          34.98             1.656              107.288                     3.94134
6     12     3.116          34.98             1.672              116.555                     4.10802
6     12     3.116          34.98             1.688              118.437                     4.14106
6     12     3.116          34.98             1.704              125.821                     4.2682
6     12     3.116          34.98             1.72              124.518                     4.24604
6     12     3.116          34.98             1.736              131.758                     4.36773
6     12     3.116          34.98             1.752              126.98                     4.2878
6     12     3.116          34.98             1.768              144.499                     4.57404
6     12     3.116          34.98             1.784              139.721                     4.49778
6     12     3.116          34.98             1.8              149.132                     4.64679
6     12     3.116          34.98             1.816              142.906                     4.54876
6     12     3.116          34.98             1.832              149.856                     4.65806
6     12     3.116          34.98             1.848              156.372                     4.75824
6     12     3.116          34.98             1.864              157.096                     4.76924
6     12     3.116          34.98             1.88              173.312                     5.00935
6     12     3.116          34.98             1.896              162.308                     4.84772
6     12     3.116          34.98             1.912              161.584                     4.8369
6     12     3.116          34.98             1.928              170.416                     4.96733
6     12     3.116          34.98             1.944              169.258                     4.95042
6     12     3.116          34.98             1.96              171.285                     4.97997
6     12     3.116          34.98             1.976              185.185                     5.17809
6     12     3.116          34.98             1.992              166.797                     4.91429
6     12     3.116          34.98             2.008              179.538                     5.09854
6     12     3.116          34.98             2.024              178.959                     5.09031
6     12     3.116          34.98             2.04              179.248                     5.09442
6     12     3.116          34.98             2.056              183.013                     5.14764
6     12     3.116          34.98             2.072              197.057                     5.34151
6     12     3.116          34.98             2.088              188.37                     5.22244
6     12     3.116          34.98             2.104              185.909                     5.18821
6     12     3.116          34.98             2.12              183.737                     5.15781
6     12     3.116          34.98             2.136              205.745                     5.45798
6     12     3.116          34.98             2.152              195.32                     5.31791
6     12     3.116          34.98             2.168              203.862                     5.43295
6     12     3.116          34.98             2.184              197.057                     5.34151
6     12     3.116          34.98             2.2              207.482                     5.48097
6     12     3.116          34.98             2.216              196.913                     5.33954
6     12     3.116          34.98             2.232              203.139                     5.4233
6     12     3.116          34.98             2.248              201.835                     5.40588
6     12     3.116          34.98             2.264              214.142                     5.56825
6     12     3.116          34.98             2.28              219.355                     5.63561
6     12     3.116          34.98             2.296              210.233                     5.51719
6     12     3.116          34.98             2.312              215.446                     5.58517
6     12     3.116          34.98             2.328              212.115                     5.54183
6     12     3.116          34.98             2.344              233.979                     5.82043
6     12     3.116          34.98             2.36              223.409                     5.68745
6     12     3.116          34.98             2.376              231.228                     5.78612
*******************************************************************************************************
 Average angle 34.907 +- 0.0951744 deg 
 Average E' 0.785956 +- 0.00214292 GeV 
