*******************************************************************************************************
Z     A     E(GeV)     Theta(deg)     Energy Loss(GeV)     Sigma(nb/sr/GeV)     ERROR     Citation     
*******************************************************************************************************
6     12     5.15          22.98             0.525              0                     0
6     12     5.15          22.98             0.575              0                     0
6     12     5.15          22.98             0.625              0                     0
6     12     5.15          22.98             0.675              0                     0
6     12     5.15          22.98             0.725              0                     0
6     12     5.15          22.98             0.775              0                     0
6     12     5.15          22.98             0.825              0.0010149                     0.000717645
6     12     5.15          22.98             0.875              0.00202981                     0.0010149
6     12     5.15          22.98             0.925              0.00761177                     0.00196535
6     12     5.15          22.98             0.975              0.0355216                     0.00424564
6     12     5.15          22.98             1.025              0.0751028                     0.00617341
6     12     5.15          22.98             1.075              0.113669                     0.00759484
6     12     5.15          22.98             1.125              0.0147161                     0.00273271
6     12     5.15          22.98             1.175              0                     0
6     12     5.15          22.98             1.225              0                     0
6     12     5.15          22.98             1.275              0                     0
6     12     5.15          22.98             1.325              0                     0
6     12     5.15          22.98             1.375              0                     0
6     12     5.15          22.98             1.425              0                     0
6     12     5.15          22.98             1.475              0                     0
6     12     5.15          22.98             1.525              0                     0
6     12     5.15          22.98             1.575              0                     0
6     12     5.15          22.98             1.625              0                     0
6     12     5.15          22.98             1.675              0                     0
6     12     5.15          22.98             1.725              0                     0
6     12     5.15          22.98             1.775              0                     0
6     12     5.15          22.98             1.825              0                     0
6     12     5.15          22.98             1.875              0                     0
6     12     5.15          22.98             1.925              0                     0
6     12     5.15          22.98             1.975              0                     0
6     12     5.15          22.98             2.025              0                     0
6     12     5.15          22.98             2.075              0                     0
6     12     5.15          22.98             2.125              0                     0
6     12     5.15          22.98             2.175              0                     0
6     12     5.15          22.98             2.225              0                     0
6     12     5.15          22.98             2.275              0                     0
6     12     5.15          22.98             2.325              0                     0
6     12     5.15          22.98             2.375              0                     0
6     12     5.15          22.98             2.425              0                     0
6     12     5.15          22.98             2.475              0                     0
6     12     5.15          22.98             2.525              0                     0
6     12     5.15          22.98             2.575              0                     0
6     12     5.15          22.98             2.625              0                     0
6     12     5.15          22.98             2.675              0                     0
6     12     5.15          22.98             2.725              0                     0
6     12     5.15          22.98             2.775              0                     0
6     12     5.15          22.98             2.825              0                     0
6     12     5.15          22.98             2.875              0                     0
6     12     5.15          22.98             2.925              0                     0
*******************************************************************************************************
 Average mean_angle 10397.9 +- 468.774 deg 
 Average E' 2021.57 +- 91.1394 GeV 
