*******************************************************************************************************
Z     A     E(GeV)     Theta(deg)     Energy Loss(GeV)     Sigma(nb/sr/GeV)     ERROR     Citation     
*******************************************************************************************************
6     12     1.2044          45             0.113333              0                     0
6     12     1.2044          45             0.14              0                     0
6     12     1.2044          45             0.166667              0                     0
6     12     1.2044          45             0.193333              0                     0
6     12     1.2044          45             0.22              0                     0
6     12     1.2044          45             0.246667              0                     0
6     12     1.2044          45             0.273333              0                     0
6     12     1.2044          45             0.3              0.00900017                     0.00900017
6     12     1.2044          45             0.326667              0.252005                     0.0476244
6     12     1.2044          45             0.353333              2.12404                     0.138263
6     12     1.2044          45             0.38              7.56014                     0.26085
6     12     1.2044          45             0.406667              19.0354                     0.41391
6     12     1.2044          45             0.433333              36.4957                     0.573121
6     12     1.2044          45             0.46              59.2301                     0.730124
6     12     1.2044          45             0.486667              86.1946                     0.880776
6     12     1.2044          45             0.513333              113.24                     1.00954
6     12     1.2044          45             0.54              138                     1.11446
6     12     1.2044          45             0.566667              163.875                     1.21446
6     12     1.2044          45             0.593333              186.663                     1.29615
6     12     1.2044          45             0.62              209.596                     1.37346
6     12     1.2044          45             0.646667              231.439                     1.44326
6     12     1.2044          45             0.673333              254.219                     1.51262
6     12     1.2044          45             0.7              275.603                     1.57495
6     12     1.2044          45             0.726667              298.257                     1.6384
6     12     1.2044          45             0.753333              317.913                     1.69153
6     12     1.2044          45             0.78              337.641                     1.74322
6     12     1.2044          45             0.806667              352.069                     1.78008
6     12     1.2044          45             0.833333              362.05                     1.80513
6     12     1.2044          45             0.86              378.511                     1.84571
*******************************************************************************************************
 Average mean_angle 3.24638e+07 +- 38204.7 deg 
 Average E' 282255 +- 332.17 GeV 
