*******************************************************************************************************
Z     A     E(GeV)     Theta(deg)     Energy Loss(GeV)     Sigma(nb/sr/GeV)     ERROR     Citation     
*******************************************************************************************************
6     12     4.6286          10.65             0.01              0                     0
6     12     4.6286          10.65             0.03              0                     0
6     12     4.6286          10.65             0.05              0                     0
6     12     4.6286          10.65             0.07              0                     0
6     12     4.6286          10.65             0.09              0                     0
6     12     4.6286          10.65             0.11              0                     0
6     12     4.6286          10.65             0.13              0                     0
6     12     4.6286          10.65             0.15              0                     0
6     12     4.6286          10.65             0.17              0                     0
6     12     4.6286          10.65             0.19              0                     0
6     12     4.6286          10.65             0.21              0                     0
6     12     4.6286          10.65             0.23              0                     0
6     12     4.6286          10.65             0.25              0                     0
6     12     4.6286          10.65             0.27              0                     0
6     12     4.6286          10.65             0.29              0                     0
6     12     4.6286          10.65             0.31              0                     0
6     12     4.6286          10.65             0.33              0                     0
6     12     4.6286          10.65             0.35              0                     0
6     12     4.6286          10.65             0.37              0.00323089                     0.00323089
6     12     4.6286          10.65             0.39              0.0743104                     0.0154948
6     12     4.6286          10.65             0.41              0.504018                     0.0403538
6     12     4.6286          10.65             0.43              1.75437                     0.0752873
6     12     4.6286          10.65             0.45              3.59921                     0.107836
6     12     4.6286          10.65             0.47              6.96579                     0.150019
6     12     4.6286          10.65             0.49              10.8235                     0.187001
6     12     4.6286          10.65             0.51              15.1432                     0.221192
6     12     4.6286          10.65             0.53              19.9346                     0.253784
6     12     4.6286          10.65             0.55              25.2752                     0.285765
6     12     4.6286          10.65             0.57              30.3736                     0.313263
6     12     4.6286          10.65             0.59              34.3411                     0.333095
6     12     4.6286          10.65             0.61              37.8402                     0.349653
6     12     4.6286          10.65             0.63              39.1584                     0.355691
6     12     4.6286          10.65             0.65              39.4233                     0.356892
6     12     4.6286          10.65             0.67              37.6883                     0.348951
6     12     4.6286          10.65             0.69              34.1053                     0.331949
6     12     4.6286          10.65             0.71              28.0829                     0.301219
6     12     4.6286          10.65             0.73              21.0525                     0.260803
6     12     4.6286          10.65             0.75              11.4503                     0.19234
6     12     4.6286          10.65             0.77              1.5799                     0.0714457
6     12     4.6286          10.65             0.79              0                     0
6     12     4.6286          10.65             0.81              0                     0
6     12     4.6286          10.65             0.83              0                     0
6     12     4.6286          10.65             0.85              0                     0
6     12     4.6286          10.65             0.87              0                     0
6     12     4.6286          10.65             0.89              0                     0
6     12     4.6286          10.65             0.91              0                     0
6     12     4.6286          10.65             0.93              0                     0
6     12     4.6286          10.65             0.95              0                     0
6     12     4.6286          10.65             0.97              0                     0
6     12     4.6286          10.65             0.99              0                     0
6     12     4.6286          10.65             1.01              0                     0
6     12     4.6286          10.65             1.03              0                     0
6     12     4.6286          10.65             1.05              0                     0
6     12     4.6286          10.65             1.07              0                     0
6     12     4.6286          10.65             1.09              0                     0
6     12     4.6286          10.65             1.11              0                     0
6     12     4.6286          10.65             1.13              0                     0
6     12     4.6286          10.65             1.15              0                     0
6     12     4.6286          10.65             1.17              0                     0
6     12     4.6286          10.65             1.19              0                     0
6     12     4.6286          10.65             1.21              0                     0
6     12     4.6286          10.65             1.23              0                     0
6     12     4.6286          10.65             1.25              0                     0
6     12     4.6286          10.65             1.27              0                     0
6     12     4.6286          10.65             1.29              0                     0
6     12     4.6286          10.65             1.31              0                     0
6     12     4.6286          10.65             1.33              0                     0
6     12     4.6286          10.65             1.35              0                     0
6     12     4.6286          10.65             1.37              0                     0
6     12     4.6286          10.65             1.39              0                     0
6     12     4.6286          10.65             1.41              0                     0
6     12     4.6286          10.65             1.43              0                     0
6     12     4.6286          10.65             1.45              0                     0
6     12     4.6286          10.65             1.47              0                     0
6     12     4.6286          10.65             1.49              0                     0
6     12     4.6286          10.65             1.51              0                     0
6     12     4.6286          10.65             1.53              0                     0
6     12     4.6286          10.65             1.55              0                     0
6     12     4.6286          10.65             1.57              0                     0
6     12     4.6286          10.65             1.59              0                     0
6     12     4.6286          10.65             1.61              0                     0
6     12     4.6286          10.65             1.63              0                     0
6     12     4.6286          10.65             1.65              0                     0
6     12     4.6286          10.65             1.67              0                     0
6     12     4.6286          10.65             1.69              0                     0
6     12     4.6286          10.65             1.71              0                     0
6     12     4.6286          10.65             1.73              0                     0
6     12     4.6286          10.65             1.75              0                     0
6     12     4.6286          10.65             1.77              0                     0
6     12     4.6286          10.65             1.79              0                     0
6     12     4.6286          10.65             1.81              0                     0
6     12     4.6286          10.65             1.83              0                     0
6     12     4.6286          10.65             1.85              0                     0
6     12     4.6286          10.65             1.87              0                     0
6     12     4.6286          10.65             1.89              0                     0
6     12     4.6286          10.65             1.91              0                     0
6     12     4.6286          10.65             1.93              0                     0
6     12     4.6286          10.65             1.95              0                     0
6     12     4.6286          10.65             1.97              0                     0
*******************************************************************************************************
 Average mean_angle 1.48612e+06 +- 4227.99 deg 
 Average E' 495031 +- 1408.36 GeV 
