*******************************************************************************************************
Z     A     E(GeV)     Theta(deg)     Energy Loss(GeV)     Sigma(nb/sr/GeV)     ERROR     Citation     
*******************************************************************************************************
6     12     0.4          36             0.002              0                     0
6     12     0.4          36             0.006              0                     0
6     12     0.4          36             0.01              0                     0
6     12     0.4          36             0.014              0                     0
6     12     0.4          36             0.018              0                     0
6     12     0.4          36             0.022              0                     0
6     12     0.4          36             0.026              0                     0
6     12     0.4          36             0.03              0                     0
6     12     0.4          36             0.034              0                     0
6     12     0.4          36             0.038              0                     0
6     12     0.4          36             0.042              0                     0
6     12     0.4          36             0.046              0                     0
6     12     0.4          36             0.05              0                     0
6     12     0.4          36             0.054              0                     0
6     12     0.4          36             0.058              0                     0
6     12     0.4          36             0.062              0                     0
6     12     0.4          36             0.066              0                     0
6     12     0.4          36             0.07              0                     0
6     12     0.4          36             0.074              0                     0
6     12     0.4          36             0.078              0                     0
6     12     0.4          36             0.082              0                     0
6     12     0.4          36             0.086              0                     0
6     12     0.4          36             0.09              0                     0
6     12     0.4          36             0.094              0                     0
6     12     0.4          36             0.098              0                     0
6     12     0.4          36             0.102              0                     0
6     12     0.4          36             0.106              0                     0
6     12     0.4          36             0.11              0                     0
6     12     0.4          36             0.114              0                     0
6     12     0.4          36             0.118              0                     0
6     12     0.4          36             0.122              0                     0
6     12     0.4          36             0.126              0                     0
6     12     0.4          36             0.13              0                     0
6     12     0.4          36             0.134              0                     0
6     12     0.4          36             0.138              0                     0
6     12     0.4          36             0.142              0                     0
6     12     0.4          36             0.146              0                     0
6     12     0.4          36             0.15              0                     0
6     12     0.4          36             0.154              0                     0
6     12     0.4          36             0.158              0                     0
6     12     0.4          36             0.162              9.45877                     1.51462
6     12     0.4          36             0.166              50.6893                     3.50625
6     12     0.4          36             0.17              122.964                     5.46102
6     12     0.4          36             0.174              199.119                     6.94931
6     12     0.4          36             0.178              314.08                     8.72781
6     12     0.4          36             0.182              431.466                     10.2296
6     12     0.4          36             0.186              554.672                     11.5985
6     12     0.4          36             0.19              655.566                     12.6094
6     12     0.4          36             0.194              793.809                     13.8753
6     12     0.4          36             0.198              898.583                     14.7626
6     12     0.4          36             0.202              1007.24                     15.6297
6     12     0.4          36             0.206              1110.07                     16.4082
6     12     0.4          36             0.21              1162.94                     16.7944
6     12     0.4          36             0.214              1223.82                     17.2284
6     12     0.4          36             0.218              1304.1                     17.7844
6     12     0.4          36             0.222              1367.88                     18.2142
6     12     0.4          36             0.226              1409.36                     18.4882
6     12     0.4          36             0.23              1450.83                     18.7583
6     12     0.4          36             0.234              1428.27                     18.6119
6     12     0.4          36             0.238              1470.72                     18.8864
6     12     0.4          36             0.242              1493.76                     19.0338
6     12     0.4          36             0.246              1491.33                     19.0183
6     12     0.4          36             0.25              1503.7                     19.097
6     12     0.4          36             0.254              1480.18                     18.9471
6     12     0.4          36             0.258              1453.01                     18.7724
6     12     0.4          36             0.262              1171.68                     16.8573
6     12     0.4          36             0.266              905.859                     14.8223
6     12     0.4          36             0.27              632.525                     12.3858
6     12     0.4          36             0.274              337.605                     9.04877
6     12     0.4          36             0.278              87.5543                     4.60812
6     12     0.4          36             0.282              0                     0
6     12     0.4          36             0.286              0                     0
6     12     0.4          36             0.29              0                     0
6     12     0.4          36             0.294              0                     0
6     12     0.4          36             0.298              0                     0
6     12     0.4          36             0.302              0                     0
6     12     0.4          36             0.306              0                     0
6     12     0.4          36             0.31              0                     0
6     12     0.4          36             0.314              0                     0
6     12     0.4          36             0.318              0                     0
6     12     0.4          36             0.322              0                     0
6     12     0.4          36             0.326              0                     0
6     12     0.4          36             0.33              0                     0
6     12     0.4          36             0.334              0                     0
6     12     0.4          36             0.338              0                     0
6     12     0.4          36             0.342              0                     0
6     12     0.4          36             0.346              0                     0
6     12     0.4          36             0.35              0                     0
6     12     0.4          36             0.354              0                     0
6     12     0.4          36             0.358              0                     0
6     12     0.4          36             0.362              0                     0
6     12     0.4          36             0.366              0                     0
6     12     0.4          36             0.37              0                     0
6     12     0.4          36             0.374              0                     0
6     12     0.4          36             0.378              0                     0
6     12     0.4          36             0.382              0                     0
6     12     0.4          36             0.386              0                     0
6     12     0.4          36             0.39              0                     0
6     12     0.4          36             0.394              0                     0
*******************************************************************************************************
 Average mean_angle 4.08939e+06 +- 12139.4 deg 
 Average E' 19363.2 +- 57.48 GeV 
