*******************************************************************************************************
Z     A     E(GeV)     Theta(deg)     Energy Loss(GeV)     Sigma(nb/sr/GeV)     ERROR     Citation     
*******************************************************************************************************
6     12     4.045          15             0.020225              0                     0
6     12     4.045          15             0.060675              0                     0
6     12     4.045          15             0.101125              0                     0
6     12     4.045          15             0.141575              0                     0
6     12     4.045          15             0.182025              0                     0
6     12     4.045          15             0.222475              0                     0
6     12     4.045          15             0.262925              0                     0
6     12     4.045          15             0.303375              0                     0
6     12     4.045          15             0.343825              0                     0
6     12     4.045          15             0.384275              0                     0
6     12     4.045          15             0.424725              0                     0
6     12     4.045          15             0.465175              0                     0
6     12     4.045          15             0.505625              0                     0
6     12     4.045          15             0.546075              0                     0
6     12     4.045          15             0.586525              0                     0
6     12     4.045          15             0.626975              0                     0
6     12     4.045          15             0.667425              0                     0
6     12     4.045          15             0.707875              0                     0
6     12     4.045          15             0.748325              0                     0
6     12     4.045          15             0.788775              0                     0
6     12     4.045          15             0.829225              0                     0
6     12     4.045          15             0.869675              0                     0
6     12     4.045          15             0.910125              0                     0
6     12     4.045          15             0.950575              0                     0
6     12     4.045          15             0.991025              0                     0
6     12     4.045          15             1.03147              0                     0
6     12     4.045          15             1.07193              0                     0
6     12     4.045          15             1.11237              0                     0
6     12     4.045          15             1.15282              0                     0
6     12     4.045          15             1.19327              0                     0
6     12     4.045          15             1.23372              0                     0
6     12     4.045          15             1.27417              0                     0
6     12     4.045          15             1.31462              0                     0
6     12     4.045          15             1.35508              0                     0
6     12     4.045          15             1.39552              274.619                     5.56519
6     12     4.045          15             1.43598              1178.77                     11.53
6     12     4.045          15             1.47642              1941.61                     14.7978
6     12     4.045          15             1.51687              2563.48                     17.0032
6     12     4.045          15             1.55732              2713.93                     17.495
6     12     4.045          15             1.59777              2761.97                     17.6492
6     12     4.045          15             1.63822              2798.29                     17.7649
6     12     4.045          15             1.67867              2808.78                     17.7981
6     12     4.045          15             1.71913              2820.06                     17.8338
6     12     4.045          15             1.75957              2821.75                     17.8392
6     12     4.045          15             1.80002              2786.22                     17.7265
6     12     4.045          15             1.84047              2724.42                     17.5288
6     12     4.045          15             1.88092              2700.28                     17.451
6     12     4.045          15             1.92137              2662.95                     17.3299
6     12     4.045          15             1.96182              2654.61                     17.3028
6     12     4.045          15             2.00228              2641.3                     17.2593
6     12     4.045          15             2.04272              2570.36                     17.026
6     12     4.045          15             2.08317              2545.89                     16.9447
6     12     4.045          15             2.12363              2459.95                     16.6563
6     12     4.045          15             2.16407              2438.3                     16.5828
6     12     4.045          15             2.20452              2384.5                     16.3989
6     12     4.045          15             2.24497              2367.13                     16.339
6     12     4.045          15             2.28543              2327.1                     16.2003
6     12     4.045          15             2.32587              2253.56                     15.9423
6     12     4.045          15             2.36632              2248.94                     15.9259
6     12     4.045          15             2.40678              2221.76                     15.8294
6     12     4.045          15             2.44722              2158.38                     15.602
6     12     4.045          15             2.48767              2132.89                     15.5096
6     12     4.045          15             2.52812              2088                     15.3455
6     12     4.045          15             2.56858              2039.06                     15.1646
6     12     4.045          15             2.60902              1962.82                     14.8784
6     12     4.045          15             2.64947              1925.04                     14.7345
6     12     4.045          15             2.68993              1928.65                     14.7483
6     12     4.045          15             2.73037              1846.2                     14.4296
6     12     4.045          15             2.77082              1839.1                     14.4018
6     12     4.045          15             2.81127              1772.67                     14.1394
6     12     4.045          15             2.85173              1724.18                     13.9446
6     12     4.045          15             2.89217              1689.44                     13.8034
6     12     4.045          15             2.93262              1693.73                     13.8209
6     12     4.045          15             2.97308              1630.68                     13.5613
6     12     4.045          15             3.01353              1575.53                     13.33
6     12     4.045          15             3.05397              1533.58                     13.1513
6     12     4.045          15             3.09442              1510.8                     13.0532
6     12     4.045          15             3.13488              1437.72                     12.7336
6     12     4.045          15             3.17532              1408.05                     12.6016
6     12     4.045          15             3.21577              1340.39                     12.2951
6     12     4.045          15             3.25622              1290.76                     12.0653
6     12     4.045          15             3.29668              1265.5                     11.9467
6     12     4.045          15             3.33712              1228.06                     11.7686
6     12     4.045          15             3.37757              1160.73                     11.4414
6     12     4.045          15             3.41803              1127.12                     11.2746
6     12     4.045          15             3.45847              1075.02                     11.0109
6     12     4.045          15             3.49892              1016.82                     10.7087
6     12     4.045          15             3.53937              977.349                     10.4988
6     12     4.045          15             3.57983              923.891                     10.2077
6     12     4.045          15             3.62027              843.366                     9.75267
6     12     4.045          15             3.66072              802.427                     9.51302
6     12     4.045          15             3.70118              746.263                     9.17406
6     12     4.045          15             3.74162              675.437                     8.72786
6     12     4.045          15             3.78207              593.334                     8.18022
6     12     4.045          15             3.82252              525.892                     7.70129
6     12     4.045          15             3.86298              432.059                     6.98051
6     12     4.045          15             3.90342              346.346                     6.24987
6     12     4.045          15             3.94387              256.123                     5.37452
6     12     4.045          15             3.98433              42.0668                     2.17814
*******************************************************************************************************
 Average angle 1.49337e+07 +- 14903.6 deg 
 Average E' 1.64226e+06 +- 1638.95 GeV 
