*******************************************************************************************************
Z     A     E(GeV)     Theta(deg)     Energy Loss(GeV)     Sigma(nb/sr/GeV)     ERROR     Citation     
*******************************************************************************************************
6     12     3.595          25.016             0.017975              0                     0
6     12     3.595          25.016             0.053925              0                     0
6     12     3.595          25.016             0.089875              0                     0
6     12     3.595          25.016             0.125825              0                     0
6     12     3.595          25.016             0.161775              0                     0
6     12     3.595          25.016             0.197725              0                     0
6     12     3.595          25.016             0.233675              0                     0
6     12     3.595          25.016             0.269625              0                     0
6     12     3.595          25.016             0.305575              0                     0
6     12     3.595          25.016             0.341525              0                     0
6     12     3.595          25.016             0.377475              0                     0
6     12     3.595          25.016             0.413425              0                     0
6     12     3.595          25.016             0.449375              0                     0
6     12     3.595          25.016             0.485325              0                     0
6     12     3.595          25.016             0.521275              0                     0
6     12     3.595          25.016             0.557225              0                     0
6     12     3.595          25.016             0.593175              0                     0
6     12     3.595          25.016             0.629125              0                     0
6     12     3.595          25.016             0.665075              0                     0
6     12     3.595          25.016             0.701025              0                     0
6     12     3.595          25.016             0.736975              0                     0
6     12     3.595          25.016             0.772925              0                     0
6     12     3.595          25.016             0.808875              0                     0
6     12     3.595          25.016             0.844825              0                     0
6     12     3.595          25.016             0.880775              0                     0
6     12     3.595          25.016             0.916725              0                     0
6     12     3.595          25.016             0.952675              0                     0
6     12     3.595          25.016             0.988625              0                     0
6     12     3.595          25.016             1.02458              0                     0
6     12     3.595          25.016             1.06053              0                     0
6     12     3.595          25.016             1.09648              0                     0
6     12     3.595          25.016             1.13243              0                     0
6     12     3.595          25.016             1.16838              0                     0
6     12     3.595          25.016             1.20433              0                     0
6     12     3.595          25.016             1.24028              0                     0
6     12     3.595          25.016             1.27623              0                     0
6     12     3.595          25.016             1.31218              0                     0
6     12     3.595          25.016             1.34813              0                     0
6     12     3.595          25.016             1.38408              0                     0
6     12     3.595          25.016             1.42003              0                     0
6     12     3.595          25.016             1.45598              0                     0
6     12     3.595          25.016             1.49193              0                     0
6     12     3.595          25.016             1.52788              0                     0
6     12     3.595          25.016             1.56383              0                     0
6     12     3.595          25.016             1.59978              0                     0
6     12     3.595          25.016             1.63573              0                     0
6     12     3.595          25.016             1.67168              4.13381                     0.596664
6     12     3.595          25.016             1.70763              91.1161                     2.80125
6     12     3.595          25.016             1.74358              191.533                     4.06141
6     12     3.595          25.016             1.77953              294.19                     5.03348
6     12     3.595          25.016             1.81548              335.011                     5.37136
6     12     3.595          25.016             1.85143              370.148                     5.64602
6     12     3.595          25.016             1.88738              376.607                     5.69507
6     12     3.595          25.016             1.92333              393.143                     5.81875
6     12     3.595          25.016             1.95928              411.142                     5.95046
6     12     3.595          25.016             1.99523              426.213                     6.05854
6     12     3.595          25.016             2.03118              437.495                     6.1382
6     12     3.595          25.016             2.06712              451.102                     6.23293
6     12     3.595          25.016             2.10308              455.236                     6.26142
6     12     3.595          25.016             2.13903              464.279                     6.3233
6     12     3.595          25.016             2.17497              484.259                     6.45793
6     12     3.595          25.016             2.21093              476.938                     6.40894
6     12     3.595          25.016             2.24688              479.436                     6.42569
6     12     3.595          25.016             2.28282              479.005                     6.42281
6     12     3.595          25.016             2.31878              489.943                     6.49572
6     12     3.595          25.016             2.35473              493.474                     6.51909
6     12     3.595          25.016             2.39067              491.235                     6.50428
6     12     3.595          25.016             2.42663              498.469                     6.552
6     12     3.595          25.016             2.46258              496.402                     6.5384
6     12     3.595          25.016             2.49852              490.459                     6.49915
6     12     3.595          25.016             2.53448              491.924                     6.50884
6     12     3.595          25.016             2.57043              482.881                     6.44874
6     12     3.595          25.016             2.60637              484                     6.45621
6     12     3.595          25.016             2.64233              482.278                     6.44471
6     12     3.595          25.016             2.67828              493.129                     6.51681
6     12     3.595          25.016             2.71422              483.656                     6.45391
6     12     3.595          25.016             2.75018              476.336                     6.40488
6     12     3.595          25.016             2.78613              473.407                     6.38517
6     12     3.595          25.016             2.82207              481.761                     6.44126
6     12     3.595          25.016             2.85803              468.499                     6.35198
6     12     3.595          25.016             2.89398              477.972                     6.41587
6     12     3.595          25.016             2.92992              466.69                     6.3397
6     12     3.595          25.016             2.96588              468.929                     6.35489
6     12     3.595          25.016             3.00183              459.714                     6.29214
6     12     3.595          25.016             3.03777              471.254                     6.37063
6     12     3.595          25.016             3.07373              444.815                     6.18934
6     12     3.595          25.016             3.10968              442.835                     6.17555
6     12     3.595          25.016             3.14562              432.672                     6.10428
6     12     3.595          25.016             3.18158              437.839                     6.14062
6     12     3.595          25.016             3.21753              406.233                     5.91483
6     12     3.595          25.016             3.25347              391.334                     5.80535
6     12     3.595          25.016             3.28943              362.57                     5.58792
6     12     3.595          25.016             3.32538              357.919                     5.55197
6     12     3.595          25.016             3.36132              322.179                     5.26748
6     12     3.595          25.016             3.39728              298.409                     5.06945
6     12     3.595          25.016             3.43323              261.377                     4.74448
6     12     3.595          25.016             3.46917              220.47                     4.35742
6     12     3.595          25.016             3.50513              174.567                     3.87736
6     12     3.595          25.016             3.54108              108.513                     3.05699
*******************************************************************************************************
 Average angle 6.1994e+06 +- 12431.3 deg 
 Average E' 245948 +- 493.184 GeV 
