*******************************************************************************************************
Z     A     E(GeV)     Theta(deg)     Energy Loss(GeV)     Sigma(nb/sr/GeV)     ERROR     Citation     
*******************************************************************************************************
6     12     3.269          21.98             0.016345              0                     0
6     12     3.269          21.98             0.049035              0                     0
6     12     3.269          21.98             0.081725              0                     0
6     12     3.269          21.98             0.114415              0                     0
6     12     3.269          21.98             0.147105              0                     0
6     12     3.269          21.98             0.179795              0                     0
6     12     3.269          21.98             0.212485              0                     0
6     12     3.269          21.98             0.245175              0.379507                     0.189753
6     12     3.269          21.98             0.277865              0.759013                     0.268352
6     12     3.269          21.98             0.310555              1.80266                     0.413558
6     12     3.269          21.98             0.343245              6.16698                     0.76492
6     12     3.269          21.98             0.375935              13.093                     1.11455
6     12     3.269          21.98             0.408625              30.2657                     1.69455
6     12     3.269          21.98             0.441315              57.4953                     2.33558
6     12     3.269          21.98             0.474005              94.592                     2.99576
6     12     3.269          21.98             0.506695              157.116                     3.86091
6     12     3.269          21.98             0.539385              225.901                     4.62955
6     12     3.269          21.98             0.572075              292.03                     5.26373
6     12     3.269          21.98             0.604765              363.093                     5.86933
6     12     3.269          21.98             0.637455              406.641                     6.21134
6     12     3.269          21.98             0.670145              458.064                     6.59239
6     12     3.269          21.98             0.702835              474.004                     6.70611
6     12     3.269          21.98             0.735525              500.949                     6.89408
6     12     3.269          21.98             0.768215              522.77                     7.04263
6     12     3.269          21.98             0.800905              531.404                     7.10055
6     12     3.269          21.98             0.833595              546.3                     7.19938
6     12     3.269          21.98             0.866285              566.698                     7.33256
6     12     3.269          21.98             0.898975              603.226                     7.56519
6     12     3.269          21.98             0.931665              618.691                     7.66155
6     12     3.269          21.98             0.964355              638.994                     7.78625
6     12     3.269          21.98             0.997045              659.013                     7.90727
6     12     3.269          21.98             1.02974              667.457                     7.95777
6     12     3.269          21.98             1.06243              703.795                     8.17152
6     12     3.269          21.98             1.09512              738.994                     8.37337
6     12     3.269          21.98             1.12781              773.719                     8.56784
6     12     3.269          21.98             1.1605              829.127                     8.86932
6     12     3.269          21.98             1.19319              890.702                     9.19276
6     12     3.269          21.98             1.22588              940.133                     9.4444
6     12     3.269          21.98             1.25857              985.104                     9.66765
6     12     3.269          21.98             1.29126              1062.81                     10.0417
6     12     3.269          21.98             1.32395              1105.98                     10.2436
6     12     3.269          21.98             1.35664              1158.06                     10.482
6     12     3.269          21.98             1.38933              1204.27                     10.6891
6     12     3.269          21.98             1.42202              1236.43                     10.8309
6     12     3.269          21.98             1.45471              1252.75                     10.9021
6     12     3.269          21.98             1.4874              1260.82                     10.9372
6     12     3.269          21.98             1.52009              1261.1                     10.9384
6     12     3.269          21.98             1.55278              1239.85                     10.8459
6     12     3.269          21.98             1.58547              1228.37                     10.7955
6     12     3.269          21.98             1.61816              1210.53                     10.7169
6     12     3.269          21.98             1.65085              1193.55                     10.6414
6     12     3.269          21.98             1.68354              1194.78                     10.6469
6     12     3.269          21.98             1.71623              1170.97                     10.5403
6     12     3.269          21.98             1.74892              1169.17                     10.5322
6     12     3.269          21.98             1.78161              1149.05                     10.4412
6     12     3.269          21.98             1.8143              1105.88                     10.2432
6     12     3.269          21.98             1.84699              1095.16                     10.1934
6     12     3.269          21.98             1.87968              1069.35                     10.0726
6     12     3.269          21.98             1.91237              1045.54                     9.95979
6     12     3.269          21.98             1.94506              1030.08                     9.88586
6     12     3.269          21.98             1.97775              1039.37                     9.93037
6     12     3.269          21.98             2.01044              1029.89                     9.88495
6     12     3.269          21.98             2.04312              1008.35                     9.78104
6     12     3.269          21.98             2.07581              1009.2                     9.78518
6     12     3.269          21.98             2.10851              973.909                     9.61255
6     12     3.269          21.98             2.1412              981.404                     9.64947
6     12     3.269          21.98             2.17389              960.626                     9.54678
6     12     3.269          21.98             2.20657              962.334                     9.55526
6     12     3.269          21.98             2.23927              934.25                     9.4148
6     12     3.269          21.98             2.27196              933.586                     9.41146
6     12     3.269          21.98             2.30465              929.317                     9.38991
6     12     3.269          21.98             2.33733              918.786                     9.33656
6     12     3.269          21.98             2.37003              925.332                     9.36976
6     12     3.269          21.98             2.40272              916.319                     9.32401
6     12     3.269          21.98             2.43541              882.827                     9.15203
6     12     3.269          21.98             2.46809              879.696                     9.13579
6     12     3.269          21.98             2.50079              869.07                     9.08044
6     12     3.269          21.98             2.53348              853.89                     9.00079
6     12     3.269          21.98             2.56617              838.804                     8.92093
6     12     3.269          21.98             2.59885              836.338                     8.9078
6     12     3.269          21.98             2.63155              805.123                     8.73999
6     12     3.269          21.98             2.66424              768.406                     8.53837
6     12     3.269          21.98             2.69693              768.406                     8.53837
6     12     3.269          21.98             2.72962              739.184                     8.37444
6     12     3.269          21.98             2.76231              713.093                     8.22532
6     12     3.269          21.98             2.795              687.002                     8.07344
6     12     3.269          21.98             2.82769              656.452                     7.89189
6     12     3.269          21.98             2.86038              619.26                     7.66507
6     12     3.269          21.98             2.89306              585.389                     7.4525
6     12     3.269          21.98             2.92576              580.645                     7.42224
6     12     3.269          21.98             2.95845              531.973                     7.10435
6     12     3.269          21.98             2.99114              503.321                     6.91038
6     12     3.269          21.98             3.02382              451.233                     6.54305
6     12     3.269          21.98             3.05652              418.311                     6.29984
6     12     3.269          21.98             3.08921              365.275                     5.88694
6     12     3.269          21.98             3.1219              316.034                     5.47579
6     12     3.269          21.98             3.15459              254.839                     4.91714
6     12     3.269          21.98             3.18728              191.271                     4.25995
6     12     3.269          21.98             3.21997              93.4535                     2.97768
*******************************************************************************************************
 Average angle 21.8568 +- 0.0259176 deg 
 Average E' 1.42677 +- 0.00169185 GeV 
