*******************************************************************************************************
Z     A     E(GeV)     Theta(deg)     Energy Loss(GeV)     Sigma(nb/sr/GeV)     ERROR     Citation     
*******************************************************************************************************
6     12     1.2044          45             0.113333              3.21306                     0.170053
6     12     1.2044          45             0.14              12.3932                     0.333978
6     12     1.2044          45             0.166667              36.8917                     0.576222
6     12     1.2044          45             0.193333              100.919                     0.953041
6     12     1.2044          45             0.22              232.627                     1.44696
6     12     1.2044          45             0.246667              448.793                     2.00978
6     12     1.2044          45             0.273333              708.502                     2.5252
6     12     1.2044          45             0.3              968.994                     2.95315
6     12     1.2044          45             0.326667              1155.2                     3.22443
6     12     1.2044          45             0.353333              1238.77                     3.33903
6     12     1.2044          45             0.38              1229.05                     3.32591
6     12     1.2044          45             0.406667              1149.92                     3.21705
6     12     1.2044          45             0.433333              1023.45                     3.03501
6     12     1.2044          45             0.46              925.64                     2.88633
6     12     1.2044          45             0.486667              884.473                     2.82142
6     12     1.2044          45             0.513333              905.084                     2.8541
6     12     1.2044          45             0.54              965.997                     2.94858
6     12     1.2044          45             0.566667              1036.37                     3.0541
6     12     1.2044          45             0.593333              1074.65                     3.10998
6     12     1.2044          45             0.62              1078.47                     3.11551
6     12     1.2044          45             0.646667              1045.2                     3.06708
6     12     1.2044          45             0.673333              1001.51                     3.00229
6     12     1.2044          45             0.7              966.123                     2.94877
6     12     1.2044          45             0.726667              942.273                     2.91215
6     12     1.2044          45             0.753333              940.04                     2.9087
6     12     1.2044          45             0.78              964.251                     2.94592
6     12     1.2044          45             0.806667              1010.25                     3.01537
6     12     1.2044          45             0.833333              1081.45                     3.11981
6     12     1.2044          45             0.86              1169.92                     3.24492
*******************************************************************************************************
 Average angle 44.9468 +- 0.0229229 deg 
 Average E' 0.52478 +- 0.000267639 GeV 
