*******************************************************************************************************
Z     A     E(GeV)     Theta(deg)     Energy Loss(GeV)     Sigma(nb/sr/GeV)     ERROR     Citation     
*******************************************************************************************************
6     12     1.2044          45             0.113333              0                     0
6     12     1.2044          45             0.14              0                     0
6     12     1.2044          45             0.166667              0                     0
6     12     1.2044          45             0.193333              0                     0
6     12     1.2044          45             0.22              0                     0
6     12     1.2044          45             0.246667              0                     0
6     12     1.2044          45             0.273333              0                     0
6     12     1.2044          45             0.3              0                     0
6     12     1.2044          45             0.326667              0.00900017                     0.00900017
6     12     1.2044          45             0.353333              0.342006                     0.0554808
6     12     1.2044          45             0.38              1.98004                     0.133494
6     12     1.2044          45             0.406667              8.37916                     0.274616
6     12     1.2044          45             0.433333              30.5286                     0.524178
6     12     1.2044          45             0.46              84.3316                     0.871205
6     12     1.2044          45             0.486667              181.632                     1.27856
6     12     1.2044          45             0.513333              314.286                     1.68185
6     12     1.2044          45             0.54              458.469                     2.03133
6     12     1.2044          45             0.566667              593.759                     2.31169
6     12     1.2044          45             0.593333              672.682                     2.46054
6     12     1.2044          45             0.62              703.255                     2.51583
6     12     1.2044          45             0.646667              688.909                     2.49004
6     12     1.2044          45             0.673333              642.009                     2.40379
6     12     1.2044          45             0.7              593.318                     2.31084
6     12     1.2044          45             0.726667              550.027                     2.22494
6     12     1.2044          45             0.753333              531.892                     2.18795
6     12     1.2044          45             0.78              539.47                     2.20348
6     12     1.2044          45             0.806667              575.156                     2.27519
6     12     1.2044          45             0.833333              637.536                     2.3954
6     12     1.2044          45             0.86              709.618                     2.52719
*******************************************************************************************************
 Average angle 7.75155e+07 +- 59032.6 deg 
 Average E' 668811 +- 509.339 GeV 
