*******************************************************************************************************
Z     A     E(GeV)     Theta(deg)     Energy Loss(GeV)     Sigma(nb/sr/GeV)     ERROR     Citation     
*******************************************************************************************************
6     12     1.204          55             0.00301              0                     0
6     12     1.204          55             0.00903              0                     0
6     12     1.204          55             0.01505              0                     0
6     12     1.204          55             0.02107              0                     0
6     12     1.204          55             0.02709              0                     0
6     12     1.204          55             0.03311              0                     0
6     12     1.204          55             0.03913              0                     0
6     12     1.204          55             0.04515              0                     0
6     12     1.204          55             0.05117              0                     0
6     12     1.204          55             0.05719              0                     0
6     12     1.204          55             0.06321              0                     0
6     12     1.204          55             0.06923              0                     0
6     12     1.204          55             0.07525              0                     0
6     12     1.204          55             0.08127              0                     0
6     12     1.204          55             0.08729              0                     0
6     12     1.204          55             0.09331              0                     0
6     12     1.204          55             0.09933              0                     0
6     12     1.204          55             0.10535              0                     0
6     12     1.204          55             0.11137              0                     0
6     12     1.204          55             0.11739              0                     0
6     12     1.204          55             0.12341              0                     0
6     12     1.204          55             0.12943              0                     0
6     12     1.204          55             0.13545              0                     0
6     12     1.204          55             0.14147              0                     0
6     12     1.204          55             0.14749              0                     0
6     12     1.204          55             0.15351              0                     0
6     12     1.204          55             0.15953              0                     0
6     12     1.204          55             0.16555              0                     0
6     12     1.204          55             0.17157              0                     0
6     12     1.204          55             0.17759              0                     0
6     12     1.204          55             0.18361              0                     0
6     12     1.204          55             0.18963              0                     0
6     12     1.204          55             0.19565              0                     0
6     12     1.204          55             0.20167              0                     0
6     12     1.204          55             0.20769              0                     0
6     12     1.204          55             0.21371              0                     0
6     12     1.204          55             0.21973              0                     0
6     12     1.204          55             0.22575              0                     0
6     12     1.204          55             0.23177              0                     0
6     12     1.204          55             0.23779              0                     0
6     12     1.204          55             0.24381              0                     0
6     12     1.204          55             0.24983              0                     0
6     12     1.204          55             0.25585              0                     0
6     12     1.204          55             0.26187              0                     0
6     12     1.204          55             0.26789              0                     0
6     12     1.204          55             0.27391              0                     0
6     12     1.204          55             0.27993              0                     0
6     12     1.204          55             0.28595              0                     0
6     12     1.204          55             0.29197              0                     0
6     12     1.204          55             0.29799              0                     0
6     12     1.204          55             0.30401              0                     0
6     12     1.204          55             0.31003              0                     0
6     12     1.204          55             0.31605              0                     0
6     12     1.204          55             0.32207              0                     0
6     12     1.204          55             0.32809              0                     0
6     12     1.204          55             0.33411              0                     0
6     12     1.204          55             0.34013              0                     0
6     12     1.204          55             0.34615              0                     0
6     12     1.204          55             0.35217              0                     0
6     12     1.204          55             0.35819              0                     0
6     12     1.204          55             0.36421              0                     0
6     12     1.204          55             0.37023              0                     0
6     12     1.204          55             0.37625              0                     0
6     12     1.204          55             0.38227              0                     0
6     12     1.204          55             0.38829              0                     0
6     12     1.204          55             0.39431              0                     0
6     12     1.204          55             0.40033              0                     0
6     12     1.204          55             0.40635              0                     0
6     12     1.204          55             0.41237              0                     0
6     12     1.204          55             0.41839              0                     0
6     12     1.204          55             0.42441              0                     0
6     12     1.204          55             0.43043              0                     0
6     12     1.204          55             0.43645              0                     0
6     12     1.204          55             0.44247              0                     0
6     12     1.204          55             0.44849              0                     0
6     12     1.204          55             0.45451              0                     0
6     12     1.204          55             0.46053              0                     0
6     12     1.204          55             0.46655              0                     0
6     12     1.204          55             0.47257              0                     0
6     12     1.204          55             0.47859              0                     0
6     12     1.204          55             0.48461              0                     0
6     12     1.204          55             0.49063              14.7452                     8.51312
6     12     1.204          55             0.49665              4.91505                     4.91505
6     12     1.204          55             0.50267              9.8301                     6.95093
6     12     1.204          55             0.50869              0                     0
6     12     1.204          55             0.51471              34.4054                     13.004
6     12     1.204          55             0.52073              9.8301                     6.95093
6     12     1.204          55             0.52675              9.8301                     6.95093
6     12     1.204          55             0.53277              29.4903                     12.0394
6     12     1.204          55             0.53879              39.3204                     13.9019
6     12     1.204          55             0.54481              73.7258                     19.0359
6     12     1.204          55             0.55083              49.1505                     15.5428
6     12     1.204          55             0.55685              68.8107                     18.3904
6     12     1.204          55             0.56287              63.8957                     17.7215
6     12     1.204          55             0.56889              78.6408                     19.6602
6     12     1.204          55             0.57491              132.706                     25.5394
6     12     1.204          55             0.58093              132.706                     25.5394
6     12     1.204          55             0.58695              132.706                     25.5394
6     12     1.204          55             0.59297              127.791                     25.0619
6     12     1.204          55             0.59899              191.687                     30.6945
6     12     1.204          55             0.60501              201.517                     31.4717
6     12     1.204          55             0.61103              196.602                     31.0855
6     12     1.204          55             0.61705              221.177                     32.9712
6     12     1.204          55             0.62307              206.432                     31.8532
6     12     1.204          55             0.62909              206.432                     31.8532
6     12     1.204          55             0.63511              226.092                     33.3355
6     12     1.204          55             0.64113              221.177                     32.9712
6     12     1.204          55             0.64715              270.328                     36.451
6     12     1.204          55             0.65317              275.243                     36.7809
6     12     1.204          55             0.65919              265.413                     36.1181
6     12     1.204          55             0.66521              353.884                     41.7056
6     12     1.204          55             0.67123              294.903                     38.0718
6     12     1.204          55             0.67725              255.583                     35.4429
6     12     1.204          55             0.68327              294.903                     38.0718
6     12     1.204          55             0.68929              245.753                     34.7547
6     12     1.204          55             0.69531              407.949                     44.7782
6     12     1.204          55             0.70133              260.498                     35.7821
6     12     1.204          55             0.70735              304.733                     38.7011
6     12     1.204          55             0.71337              275.243                     36.7809
6     12     1.204          55             0.71939              226.092                     33.3355
6     12     1.204          55             0.72541              304.733                     38.7011
6     12     1.204          55             0.73143              314.563                     39.3204
6     12     1.204          55             0.73745              309.648                     39.012
6     12     1.204          55             0.74347              280.158                     37.1078
6     12     1.204          55             0.74949              270.328                     36.451
6     12     1.204          55             0.75551              329.308                     40.2314
6     12     1.204          55             0.76153              289.988                     37.7532
6     12     1.204          55             0.76755              260.498                     35.7821
6     12     1.204          55             0.77357              226.092                     33.3355
6     12     1.204          55             0.77959              265.413                     36.1181
6     12     1.204          55             0.78561              265.413                     36.1181
6     12     1.204          55             0.79163              304.733                     38.7011
6     12     1.204          55             0.79765              299.818                     38.3878
6     12     1.204          55             0.80367              235.922                     34.0525
6     12     1.204          55             0.80969              275.243                     36.7809
6     12     1.204          55             0.81571              280.158                     37.1078
6     12     1.204          55             0.82173              275.243                     36.7809
6     12     1.204          55             0.82775              309.648                     39.012
6     12     1.204          55             0.83377              280.158                     37.1078
6     12     1.204          55             0.83979              265.413                     36.1181
6     12     1.204          55             0.84581              270.328                     36.451
6     12     1.204          55             0.85183              250.668                     35.1005
6     12     1.204          55             0.85785              285.073                     37.4319
6     12     1.204          55             0.86387              304.733                     38.7011
6     12     1.204          55             0.86989              270.328                     36.451
6     12     1.204          55             0.87591              353.884                     41.7056
6     12     1.204          55             0.88193              348.969                     41.415
6     12     1.204          55             0.88795              280.158                     37.1078
6     12     1.204          55             0.89397              309.648                     39.012
6     12     1.204          55             0.89999              368.629                     42.5656
6     12     1.204          55             0.90601              403.034                     44.5077
6     12     1.204          55             0.91203              403.034                     44.5077
6     12     1.204          55             0.91805              403.034                     44.5077
6     12     1.204          55             0.92407              339.138                     40.8275
6     12     1.204          55             0.93009              437.439                     46.3685
6     12     1.204          55             0.93611              422.694                     45.5803
6     12     1.204          55             0.94213              511.165                     50.1239
6     12     1.204          55             0.94815              388.289                     43.6859
6     12     1.204          55             0.95417              501.335                     49.6396
6     12     1.204          55             0.96019              506.25                     49.8823
6     12     1.204          55             0.96621              442.355                     46.6283
6     12     1.204          55             0.97223              525.91                     50.8417
6     12     1.204          55             0.97825              491.505                     49.1505
6     12     1.204          55             0.98427              491.505                     49.1505
6     12     1.204          55             0.99029              496.42                     49.3956
6     12     1.204          55             0.99631              496.42                     49.3956
6     12     1.204          55             1.00233              565.231                     52.708
6     12     1.204          55             1.00835              516.08                     50.3643
6     12     1.204          55             1.01437              550.486                     52.016
6     12     1.204          55             1.02039              535.741                     51.3146
6     12     1.204          55             1.02641              496.42                     49.3956
6     12     1.204          55             1.03243              525.91                     50.8417
6     12     1.204          55             1.03845              540.656                     51.5495
6     12     1.204          55             1.04447              584.891                     53.6169
6     12     1.204          55             1.05049              516.08                     50.3643
6     12     1.204          55             1.05651              530.825                     51.0787
6     12     1.204          55             1.06253              683.192                     57.9476
6     12     1.204          55             1.06855              663.532                     57.1077
6     12     1.204          55             1.07457              634.042                     55.8242
6     12     1.204          55             1.08059              570.146                     52.9367
6     12     1.204          55             1.08661              570.146                     52.9367
6     12     1.204          55             1.09263              634.042                     55.8242
6     12     1.204          55             1.09865              604.551                     54.5105
6     12     1.204          55             1.10467              506.25                     49.8823
6     12     1.204          55             1.11069              560.316                     52.4784
6     12     1.204          55             1.11671              555.401                     52.2477
6     12     1.204          55             1.12273              594.721                     54.0656
6     12     1.204          55             1.12875              555.401                     52.2477
6     12     1.204          55             1.13477              584.891                     53.6169
6     12     1.204          55             1.14079              516.08                     50.3643
6     12     1.204          55             1.14681              535.741                     51.3146
6     12     1.204          55             1.15283              525.91                     50.8417
6     12     1.204          55             1.15885              520.995                     50.6035
6     12     1.204          55             1.16487              545.571                     51.7833
6     12     1.204          55             1.17089              422.694                     45.5803
6     12     1.204          55             1.17691              520.995                     50.6035
6     12     1.204          55             1.18293              319.478                     39.6264
6     12     1.204          55             1.18895              0                     0
6     12     1.204          55             1.19497              0                     0
*******************************************************************************************************
 Average angle 440024 +- 4918.08 deg 
 Average E' 2176.11 +- 24.3221 GeV 
