*******************************************************************************************************
Z     A     E(GeV)     Theta(deg)     Energy Loss(GeV)     Sigma(nb/sr/GeV)     ERROR     Citation     
*******************************************************************************************************
6     12     1.65          11.95             0.00825              0                     0
6     12     1.65          11.95             0.02475              0                     0
6     12     1.65          11.95             0.04125              0                     0
6     12     1.65          11.95             0.05775              0                     0
6     12     1.65          11.95             0.07425              0                     0
6     12     1.65          11.95             0.09075              0                     0
6     12     1.65          11.95             0.10725              0                     0
6     12     1.65          11.95             0.12375              0                     0
6     12     1.65          11.95             0.14025              0                     0
6     12     1.65          11.95             0.15675              0                     0
6     12     1.65          11.95             0.17325              137.777                     14.2868
6     12     1.65          11.95             0.18975              1274.07                     43.4453
6     12     1.65          11.95             0.20625              3281.46                     69.7237
6     12     1.65          11.95             0.22275              5805.89                     92.743
6     12     1.65          11.95             0.23925              8382.17                     111.436
6     12     1.65          11.95             0.25575              10330.3                     123.71
6     12     1.65          11.95             0.27225              11767.3                     132.034
6     12     1.65          11.95             0.28875              12432.5                     135.715
6     12     1.65          11.95             0.30525              13198.4                     139.833
6     12     1.65          11.95             0.32175              13487.3                     141.355
6     12     1.65          11.95             0.33825              13457.7                     141.199
6     12     1.65          11.95             0.35475              13328.8                     140.521
6     12     1.65          11.95             0.37125              13512.5                     141.486
6     12     1.65          11.95             0.38775              13336.2                     140.56
6     12     1.65          11.95             0.40425              13220.7                     139.95
6     12     1.65          11.95             0.42075              13195.5                     139.817
6     12     1.65          11.95             0.43725              12877                     138.119
6     12     1.65          11.95             0.45375              12862.1                     138.04
6     12     1.65          11.95             0.47025              12762.9                     137.506
6     12     1.65          11.95             0.48675              12903.6                     138.262
6     12     1.65          11.95             0.50325              12608.8                     136.673
6     12     1.65          11.95             0.51975              12555.5                     136.384
6     12     1.65          11.95             0.53625              12639.9                     136.842
6     12     1.65          11.95             0.55275              12287.3                     134.92
6     12     1.65          11.95             0.56925              12197                     134.423
6     12     1.65          11.95             0.58575              12084.4                     133.801
6     12     1.65          11.95             0.60225              11942.2                     133.011
6     12     1.65          11.95             0.61875              11983.6                     133.242
6     12     1.65          11.95             0.63525              11851.8                     132.507
6     12     1.65          11.95             0.65175              11850.3                     132.499
6     12     1.65          11.95             0.66825              11548.1                     130.798
6     12     1.65          11.95             0.68475              11488.8                     130.462
6     12     1.65          11.95             0.70125              11035.5                     127.862
6     12     1.65          11.95             0.71775              11016.2                     127.751
6     12     1.65          11.95             0.73425              11234                     129.007
6     12     1.65          11.95             0.75075              10748.1                     126.186
6     12     1.65          11.95             0.76725              10682.9                     125.803
6     12     1.65          11.95             0.78375              10634                     125.515
6     12     1.65          11.95             0.80025              10509.6                     124.778
6     12     1.65          11.95             0.81675              10305.1                     123.559
6     12     1.65          11.95             0.83325              9962.91                     121.49
6     12     1.65          11.95             0.84975              9946.61                     121.39
6     12     1.65          11.95             0.86625              9647.35                     119.55
6     12     1.65          11.95             0.88275              9481.43                     118.518
6     12     1.65          11.95             0.89925              9368.83                     117.812
6     12     1.65          11.95             0.91575              9242.91                     117.018
6     12     1.65          11.95             0.93225              9131.8                     116.312
6     12     1.65          11.95             0.94875              8884.39                     114.726
6     12     1.65          11.95             0.96525              8956.99                     115.193
6     12     1.65          11.95             0.98175              8823.65                     114.333
6     12     1.65          11.95             0.99825              8715.51                     113.63
6     12     1.65          11.95             1.01475              8690.32                     113.466
6     12     1.65          11.95             1.03125              8838.47                     114.429
6     12     1.65          11.95             1.04775              8506.62                     112.26
6     12     1.65          11.95             1.06425              8269.58                     110.685
6     12     1.65          11.95             1.08075              8128.84                     109.739
6     12     1.65          11.95             1.09725              1140.73                     41.1092
6     12     1.65          11.95             1.11375              0                     0
6     12     1.65          11.95             1.13025              0                     0
6     12     1.65          11.95             1.14675              0                     0
6     12     1.65          11.95             1.16325              0                     0
6     12     1.65          11.95             1.17975              0                     0
6     12     1.65          11.95             1.19625              0                     0
6     12     1.65          11.95             1.21275              0                     0
6     12     1.65          11.95             1.22925              0                     0
6     12     1.65          11.95             1.24575              0                     0
6     12     1.65          11.95             1.26225              0                     0
6     12     1.65          11.95             1.27875              0                     0
6     12     1.65          11.95             1.29525              0                     0
6     12     1.65          11.95             1.31175              0                     0
6     12     1.65          11.95             1.32825              0                     0
6     12     1.65          11.95             1.34475              0                     0
6     12     1.65          11.95             1.36125              0                     0
6     12     1.65          11.95             1.37775              0                     0
6     12     1.65          11.95             1.39425              0                     0
6     12     1.65          11.95             1.41075              0                     0
6     12     1.65          11.95             1.42725              0                     0
6     12     1.65          11.95             1.44375              0                     0
6     12     1.65          11.95             1.46025              0                     0
6     12     1.65          11.95             1.47675              0                     0
6     12     1.65          11.95             1.49325              0                     0
6     12     1.65          11.95             1.50975              0                     0
6     12     1.65          11.95             1.52625              0                     0
6     12     1.65          11.95             1.54275              0                     0
6     12     1.65          11.95             1.55925              0                     0
6     12     1.65          11.95             1.57575              0                     0
6     12     1.65          11.95             1.59225              0                     0
6     12     1.65          11.95             1.60875              0                     0
6     12     1.65          11.95             1.62525              0                     0
*******************************************************************************************************
 Average mean_angle 4.70785e+06 +- 7469.61 deg 
 Average E' 408121 +- 647.536 GeV 
