*******************************************************************************************************
Z     A     E(GeV)     Theta(deg)     Energy Loss(GeV)     Sigma(nb/sr/GeV)     ERROR     Citation     
*******************************************************************************************************
6     12     0.5188          60             0.002594              0.287389                     0.203214
6     12     0.5188          60             0.007782              0.143694                     0.143694
6     12     0.5188          60             0.01297              0.431083                     0.248886
6     12     0.5188          60             0.018158              2.87389                     0.64262
6     12     0.5188          60             0.023346              4.45452                     0.800056
6     12     0.5188          60             0.028534              7.6158                     1.04611
6     12     0.5188          60             0.033722              12.214                     1.3248
6     12     0.5188          60             0.03891              17.0996                     1.56752
6     12     0.5188          60             0.044098              25.5776                     1.91712
6     12     0.5188          60             0.049286              35.2051                     2.24917
6     12     0.5188          60             0.054474              47.5628                     2.61429
6     12     0.5188          60             0.059662              55.8971                     2.83409
6     12     0.5188          60             0.06485              67.8237                     3.12184
6     12     0.5188          60             0.070038              81.9057                     3.43065
6     12     0.5188          60             0.075226              110.645                     3.98735
6     12     0.5188          60             0.080414              116.249                     4.08709
6     12     0.5188          60             0.085602              134.498                     4.3962
6     12     0.5188          60             0.09079              151.023                     4.65844
6     12     0.5188          60             0.095978              164.099                     4.85593
6     12     0.5188          60             0.101166              196.43                     5.3128
6     12     0.5188          60             0.106354              205.914                     5.43955
6     12     0.5188          60             0.111542              219.852                     5.62063
6     12     0.5188          60             0.11673              247.298                     5.96115
6     12     0.5188          60             0.121918              261.811                     6.13358
6     12     0.5188          60             0.127106              296.441                     6.52663
6     12     0.5188          60             0.132294              309.518                     6.66903
6     12     0.5188          60             0.137482              340.699                     6.99689
6     12     0.5188          60             0.14267              354.494                     7.13714
6     12     0.5188          60             0.147858              397.315                     7.55592
6     12     0.5188          60             0.153046              419.444                     7.76348
6     12     0.5188          60             0.158234              444.446                     7.99152
6     12     0.5188          60             0.163422              465.138                     8.17544
6     12     0.5188          60             0.16861              487.411                     8.36888
6     12     0.5188          60             0.173798              516.437                     8.61447
6     12     0.5188          60             0.178986              565.581                     9.01503
6     12     0.5188          60             0.184174              570.897                     9.0573
6     12     0.5188          60             0.189362              640.014                     9.58991
6     12     0.5188          60             0.19455              664.442                     9.77121
6     12     0.5188          60             0.199738              703.24                     10.0524
6     12     0.5188          60             0.204926              741.75                     10.324
6     12     0.5188          60             0.210114              786.726                     10.6324
6     12     0.5188          60             0.215302              828.829                     10.9132
6     12     0.5188          60             0.22049              866.189                     11.1565
6     12     0.5188          60             0.225678              929.271                     11.5556
6     12     0.5188          60             0.230866              970.08                     11.8066
6     12     0.5188          60             0.236054              1049.54                     12.2806
6     12     0.5188          60             0.241242              1058.45                     12.3326
6     12     0.5188          60             0.24643              1101.56                     12.5813
6     12     0.5188          60             0.251618              1163.06                     12.9277
6     12     0.5188          60             0.256806              1176.86                     13.0041
6     12     0.5188          60             0.261994              1219.1                     13.2355
6     12     0.5188          60             0.267182              1250.28                     13.4037
6     12     0.5188          60             0.27237              1225.28                     13.269
6     12     0.5188          60             0.277558              1259.05                     13.4506
6     12     0.5188          60             0.282746              1227.72                     13.2822
6     12     0.5188          60             0.287934              1252.73                     13.4168
6     12     0.5188          60             0.293122              1218.81                     13.2339
6     12     0.5188          60             0.29831              1192.95                     13.0928
6     12     0.5188          60             0.303498              1180.88                     13.0263
6     12     0.5188          60             0.308686              1118.52                     12.6777
6     12     0.5188          60             0.313874              1074.26                     12.4244
6     12     0.5188          60             0.319062              1016.06                     12.0831
6     12     0.5188          60             0.32425              974.535                     11.8336
6     12     0.5188          60             0.329438              922.086                     11.5108
6     12     0.5188          60             0.334626              874.955                     11.2128
6     12     0.5188          60             0.339814              796.929                     10.7011
6     12     0.5188          60             0.345002              744.193                     10.341
6     12     0.5188          60             0.35019              681.255                     9.89406
6     12     0.5188          60             0.355378              613.287                     9.38754
6     12     0.5188          60             0.360566              567.449                     9.0299
6     12     0.5188          60             0.365754              536.123                     8.77712
6     12     0.5188          60             0.370942              476.059                     8.27085
6     12     0.5188          60             0.37613              443.297                     7.98118
6     12     0.5188          60             0.381318              405.218                     7.63069
6     12     0.5188          60             0.386506              359.811                     7.19046
6     12     0.5188          60             0.391694              357.368                     7.16601
6     12     0.5188          60             0.396882              324.462                     6.82813
6     12     0.5188          60             0.40207              302.764                     6.59587
6     12     0.5188          60             0.407258              305.638                     6.6271
6     12     0.5188          60             0.412446              300.608                     6.57235
6     12     0.5188          60             0.417634              286.095                     6.41173
6     12     0.5188          60             0.422822              290.981                     6.46624
6     12     0.5188          60             0.42801              289.113                     6.44545
6     12     0.5188          60             0.433198              290.55                     6.46145
6     12     0.5188          60             0.438386              297.735                     6.54085
6     12     0.5188          60             0.443574              283.509                     6.38268
6     12     0.5188          60             0.448762              194.849                     5.29139
6     12     0.5188          60             0.45395              69.6917                     3.16454
6     12     0.5188          60             0.459138              17.5307                     1.58716
6     12     0.5188          60             0.464326              0                     0
6     12     0.5188          60             0.469514              0                     0
6     12     0.5188          60             0.474702              0                     0
6     12     0.5188          60             0.47989              0                     0
6     12     0.5188          60             0.485078              0                     0
6     12     0.5188          60             0.490266              0                     0
6     12     0.5188          60             0.495454              0                     0
6     12     0.5188          60             0.500642              0                     0
6     12     0.5188          60             0.50583              0                     0
6     12     0.5188          60             0.511018              0                     0
*******************************************************************************************************
 Average mean_angle 1.93049e+07 +- 34025.1 deg 
 Average E' 80141.3 +- 141.251 GeV 
