*******************************************************************************************************
Z     A     E(GeV)     Theta(deg)     Energy Loss(GeV)     Sigma(nb/sr/GeV)     ERROR     Citation     
*******************************************************************************************************
6     12     4.045          23             0.020225              0                     0
6     12     4.045          23             0.060675              0                     0
6     12     4.045          23             0.101125              0                     0
6     12     4.045          23             0.141575              0                     0
6     12     4.045          23             0.182025              0                     0
6     12     4.045          23             0.222475              0                     0
6     12     4.045          23             0.262925              0                     0
6     12     4.045          23             0.303375              0                     0
6     12     4.045          23             0.343825              0                     0
6     12     4.045          23             0.384275              0                     0
6     12     4.045          23             0.424725              0                     0
6     12     4.045          23             0.465175              0                     0
6     12     4.045          23             0.505625              0                     0
6     12     4.045          23             0.546075              0                     0
6     12     4.045          23             0.586525              0                     0
6     12     4.045          23             0.626975              0                     0
6     12     4.045          23             0.667425              0                     0
6     12     4.045          23             0.707875              0                     0
6     12     4.045          23             0.748325              0                     0
6     12     4.045          23             0.788775              0                     0
6     12     4.045          23             0.829225              0                     0
6     12     4.045          23             0.869675              0                     0
6     12     4.045          23             0.910125              0.14941                     0.105649
6     12     4.045          23             0.950575              1.04587                     0.27952
6     12     4.045          23             0.991025              3.36172                     0.501136
6     12     4.045          23             1.03147              6.94756                     0.720428
6     12     4.045          23             1.07193              12.0275                     0.947899
6     12     4.045          23             1.11237              19.3486                     1.20226
6     12     4.045          23             1.15282              27.6408                     1.43698
6     12     4.045          23             1.19327              41.76                     1.76626
6     12     4.045          23             1.23372              52.5175                     1.98074
6     12     4.045          23             1.27417              65.2174                     2.20727
6     12     4.045          23             1.31462              73.7337                     2.34697
6     12     4.045          23             1.35508              92.5594                     2.62957
6     12     4.045          23             1.39552              99.731                     2.72954
6     12     4.045          23             1.43598              110.339                     2.87104
6     12     4.045          23             1.47642              124.533                     3.05012
6     12     4.045          23             1.51687              132.751                     3.14915
6     12     4.045          23             1.55732              153.22                     3.38323
6     12     4.045          23             1.59777              162.11                     3.48
6     12     4.045          23             1.63822              164.351                     3.50397
6     12     4.045          23             1.67867              161.288                     3.47117
6     12     4.045          23             1.71913              164.201                     3.50238
6     12     4.045          23             1.75957              155.162                     3.40461
6     12     4.045          23             1.80002              142.91                     3.26743
6     12     4.045          23             1.84047              125.803                     3.06563
6     12     4.045          23             1.88092              108.322                     2.84468
6     12     4.045          23             1.92137              94.2029                     2.65281
6     12     4.045          23             1.96182              75.6014                     2.37651
6     12     4.045          23             2.00228              58.1204                     2.08372
6     12     4.045          23             2.04272              48.857                     1.91046
6     12     4.045          23             2.08317              35.5595                     1.62987
6     12     4.045          23             2.12363              28.7614                     1.46582
6     12     4.045          23             2.16407              18.8256                     1.1859
6     12     4.045          23             2.20452              12.8492                     0.979745
6     12     4.045          23             2.24497              8.81518                     0.811503
6     12     4.045          23             2.28543              5.37875                     0.633892
6     12     4.045          23             2.32587              2.9882                     0.472475
6     12     4.045          23             2.36632              1.79292                     0.365978
6     12     4.045          23             2.40678              0.597639                     0.211297
6     12     4.045          23             2.44722              0.0747049                     0.0747049
6     12     4.045          23             2.48767              0.14941                     0.105649
6     12     4.045          23             2.52812              0                     0
6     12     4.045          23             2.56858              0                     0
6     12     4.045          23             2.60902              0                     0
6     12     4.045          23             2.64947              0                     0
6     12     4.045          23             2.68993              0                     0
6     12     4.045          23             2.73037              0                     0
6     12     4.045          23             2.77082              0                     0
6     12     4.045          23             2.81127              0                     0
6     12     4.045          23             2.85173              0                     0
6     12     4.045          23             2.89217              0                     0
6     12     4.045          23             2.93262              0                     0
6     12     4.045          23             2.97308              0                     0
6     12     4.045          23             3.01353              0                     0
6     12     4.045          23             3.05397              0                     0
6     12     4.045          23             3.09442              0                     0
6     12     4.045          23             3.13488              0                     0
6     12     4.045          23             3.17532              0                     0
6     12     4.045          23             3.21577              0                     0
6     12     4.045          23             3.25622              0                     0
6     12     4.045          23             3.29668              0                     0
6     12     4.045          23             3.33712              0                     0
6     12     4.045          23             3.37757              0                     0
6     12     4.045          23             3.41803              0                     0
6     12     4.045          23             3.45847              0                     0
6     12     4.045          23             3.49892              0                     0
6     12     4.045          23             3.53937              0                     0
6     12     4.045          23             3.57983              0                     0
6     12     4.045          23             3.62027              0                     0
6     12     4.045          23             3.66072              0                     0
6     12     4.045          23             3.70118              0                     0
6     12     4.045          23             3.74162              0                     0
6     12     4.045          23             3.78207              0                     0
6     12     4.045          23             3.82252              0                     0
6     12     4.045          23             3.86298              0                     0
6     12     4.045          23             3.90342              0                     0
6     12     4.045          23             3.94387              0                     0
6     12     4.045          23             3.98433              0                     0
*******************************************************************************************************
 Average angle 792834 +- 4255.05 deg 
 Average E' 83393.4 +- 447.563 GeV 
