*******************************************************************************************************
Z     A     E(GeV)     Theta(deg)     Energy Loss(GeV)     Sigma(nb/sr/GeV)     ERROR     Citation     
*******************************************************************************************************
6     12     4.045          30             0.020225              0                     0
6     12     4.045          30             0.060675              0                     0
6     12     4.045          30             0.101125              0                     0
6     12     4.045          30             0.141575              0                     0
6     12     4.045          30             0.182025              0                     0
6     12     4.045          30             0.222475              0                     0
6     12     4.045          30             0.262925              0                     0
6     12     4.045          30             0.303375              0                     0
6     12     4.045          30             0.343825              0                     0
6     12     4.045          30             0.384275              0                     0
6     12     4.045          30             0.424725              0                     0
6     12     4.045          30             0.465175              0                     0
6     12     4.045          30             0.505625              0                     0
6     12     4.045          30             0.546075              0                     0
6     12     4.045          30             0.586525              0                     0
6     12     4.045          30             0.626975              0                     0
6     12     4.045          30             0.667425              0                     0
6     12     4.045          30             0.707875              0                     0
6     12     4.045          30             0.748325              0                     0
6     12     4.045          30             0.788775              0                     0
6     12     4.045          30             0.829225              0                     0
6     12     4.045          30             0.869675              0                     0
6     12     4.045          30             0.910125              0.0583791                     0.0583791
6     12     4.045          30             0.950575              0                     0
6     12     4.045          30             0.991025              0                     0
6     12     4.045          30             1.03147              0                     0
6     12     4.045          30             1.07193              0                     0
6     12     4.045          30             1.11237              0                     0
6     12     4.045          30             1.15282              0                     0
6     12     4.045          30             1.19327              0                     0
6     12     4.045          30             1.23372              0                     0
6     12     4.045          30             1.27417              0.0583791                     0.0583791
6     12     4.045          30             1.31462              0.0583791                     0.0583791
6     12     4.045          30             1.35508              0.233516                     0.116758
6     12     4.045          30             1.39552              0.934065                     0.233516
6     12     4.045          30             1.43598              1.57623                     0.303346
6     12     4.045          30             1.47642              3.15247                     0.428997
6     12     4.045          30             1.51687              3.96978                     0.481406
6     12     4.045          30             1.55732              6.83035                     0.631466
6     12     4.045          30             1.59777              9.10713                     0.729154
6     12     4.045          30             1.63822              13.8942                     0.900628
6     12     4.045          30             1.67867              16.3461                     0.976868
6     12     4.045          30             1.71913              24.5192                     1.19641
6     12     4.045          30             1.75957              27.3214                     1.26293
6     12     4.045          30             1.80002              36.9539                     1.46879
6     12     4.045          30             1.84047              43.434                     1.59237
6     12     4.045          30             1.88092              49.5638                     1.70103
6     12     4.045          30             1.92137              59.6634                     1.8663
6     12     4.045          30             1.96182              66.7856                     1.97456
6     12     4.045          30             2.00228              69.2376                     2.01048
6     12     4.045          30             2.04272              80.6215                     2.16947
6     12     4.045          30             2.08317              87.3351                     2.25799
6     12     4.045          30             2.12363              91.7135                     2.3139
6     12     4.045          30             2.16407              97.3179                     2.38355
6     12     4.045          30             2.20452              97.9601                     2.3914
6     12     4.045          30             2.24497              104.615                     2.4713
6     12     4.045          30             2.28543              106.834                     2.49737
6     12     4.045          30             2.32587              114.832                     2.58916
6     12     4.045          30             2.36632              117.108                     2.6147
6     12     4.045          30             2.40678              114.248                     2.58257
6     12     4.045          30             2.44722              124.114                     2.69177
6     12     4.045          30             2.48767              127.558                     2.72887
6     12     4.045          30             2.52812              132.287                     2.77899
6     12     4.045          30             2.56858              138.825                     2.84684
6     12     4.045          30             2.60902              142.211                     2.88135
6     12     4.045          30             2.64947              144.955                     2.90901
6     12     4.045          30             2.68993              153.128                     2.9899
6     12     4.045          30             2.73037              151.61                     2.97504
6     12     4.045          30             2.77082              158.441                     3.04132
6     12     4.045          30             2.81127              162.819                     3.08306
6     12     4.045          30             2.85173              167.139                     3.12369
6     12     4.045          30             2.89217              174.378                     3.19062
6     12     4.045          30             2.93262              177.239                     3.21668
6     12     4.045          30             2.97308              179.516                     3.23728
6     12     4.045          30             3.01353              185.062                     3.2869
6     12     4.045          30             3.05397              189.732                     3.32812
6     12     4.045          30             3.09442              195.57                     3.37893
6     12     4.045          30             3.13488              197.788                     3.39804
6     12     4.045          30             3.17532              201.174                     3.427
6     12     4.045          30             3.21577              206.895                     3.47539
6     12     4.045          30             3.25622              208.355                     3.48763
6     12     4.045          30             3.29668              210.632                     3.50663
6     12     4.045          30             3.33712              210.515                     3.50566
6     12     4.045          30             3.37757              214.018                     3.53471
6     12     4.045          30             3.41803              212.908                     3.52553
6     12     4.045          30             3.45847              213.025                     3.5265
6     12     4.045          30             3.49892              216.061                     3.55154
6     12     4.045          30             3.53937              213.025                     3.5265
6     12     4.045          30             3.57983              217.754                     3.56543
6     12     4.045          30             3.62027              217.579                     3.56399
6     12     4.045          30             3.66072              218.63                     3.57259
6     12     4.045          30             3.70118              222.483                     3.60393
6     12     4.045          30             3.74162              220.556                     3.58829
6     12     4.045          30             3.78207              213.784                     3.53278
6     12     4.045          30             3.82252              203.159                     3.44387
6     12     4.045          30             3.86298              185.937                     3.29467
6     12     4.045          30             3.90342              166.731                     3.11987
6     12     4.045          30             3.94387              139.935                     2.85819
6     12     4.045          30             3.98433              100.529                     2.42255
*******************************************************************************************************
 Average angle 29.9204 +- 0.0779889 deg 
 Average E' 0.975126 +- 0.00254171 GeV 
