*******************************************************************************************************
Z     A     E(GeV)     Theta(deg)     Energy Loss(GeV)     Sigma(nb/sr/GeV)     ERROR     Citation     
*******************************************************************************************************
6     12     1.204          10.8             0.00602              1.24345e+06                     3654.95
6     12     1.204          10.8             0.01806              2.15213e+06                     4808.42
6     12     1.204          10.8             0.0301              2.31792e+06                     4990.2
6     12     1.204          10.8             0.04214              2.14426e+06                     4799.62
6     12     1.204          10.8             0.05418              1.77253e+06                     4363.8
6     12     1.204          10.8             0.06622              1.30756e+06                     3748
6     12     1.204          10.8             0.07826              893829                     3098.81
6     12     1.204          10.8             0.0903              572562                     2480.16
6     12     1.204          10.8             0.10234              346943                     1930.62
6     12     1.204          10.8             0.11438              202403                     1474.61
6     12     1.204          10.8             0.12642              116210                     1117.35
6     12     1.204          10.8             0.13846              64674.4                     833.555
6     12     1.204          10.8             0.1505              36333.7                     624.774
6     12     1.204          10.8             0.16254              21239.4                     477.683
6     12     1.204          10.8             0.17458              11978.7                     358.735
6     12     1.204          10.8             0.18662              7101.3                     276.208
6     12     1.204          10.8             0.19866              4780.75                     226.629
6     12     1.204          10.8             0.2107              2642.84                     168.502
6     12     1.204          10.8             0.22274              1547.03                     128.919
6     12     1.204          10.8             0.23478              1149.53                     111.129
6     12     1.204          10.8             0.24682              515.677                     74.4315
6     12     1.204          10.8             0.25886              451.217                     69.6243
6     12     1.204          10.8             0.2709              268.582                     53.7163
6     12     1.204          10.8             0.28294              150.406                     40.1976
6     12     1.204          10.8             0.29498              96.6894                     32.2298
6     12     1.204          10.8             0.30702              75.2028                     28.424
6     12     1.204          10.8             0.31906              64.4596                     26.3155
6     12     1.204          10.8             0.3311              10.7433                     10.7433
6     12     1.204          10.8             0.34314              10.7433                     10.7433
6     12     1.204          10.8             0.35518              21.4865                     15.1933
6     12     1.204          10.8             0.36722              0                     0
6     12     1.204          10.8             0.37926              21.4865                     15.1933
6     12     1.204          10.8             0.3913              32.2298                     18.6079
6     12     1.204          10.8             0.40334              10.7433                     10.7433
6     12     1.204          10.8             0.41538              0                     0
6     12     1.204          10.8             0.42742              0                     0
6     12     1.204          10.8             0.43946              0                     0
6     12     1.204          10.8             0.4515              0                     0
6     12     1.204          10.8             0.46354              0                     0
6     12     1.204          10.8             0.47558              0                     0
6     12     1.204          10.8             0.48762              0                     0
6     12     1.204          10.8             0.49966              0                     0
6     12     1.204          10.8             0.5117              0                     0
6     12     1.204          10.8             0.52374              0                     0
6     12     1.204          10.8             0.53578              0                     0
6     12     1.204          10.8             0.54782              0                     0
6     12     1.204          10.8             0.55986              0                     0
6     12     1.204          10.8             0.5719              0                     0
6     12     1.204          10.8             0.58394              0                     0
6     12     1.204          10.8             0.59598              0                     0
6     12     1.204          10.8             0.60802              0                     0
6     12     1.204          10.8             0.62006              0                     0
6     12     1.204          10.8             0.6321              0                     0
6     12     1.204          10.8             0.64414              0                     0
6     12     1.204          10.8             0.65618              0                     0
6     12     1.204          10.8             0.66822              0                     0
6     12     1.204          10.8             0.68026              0                     0
6     12     1.204          10.8             0.6923              0                     0
6     12     1.204          10.8             0.70434              0                     0
6     12     1.204          10.8             0.71638              0                     0
6     12     1.204          10.8             0.72842              0                     0
6     12     1.204          10.8             0.74046              0                     0
6     12     1.204          10.8             0.7525              0                     0
6     12     1.204          10.8             0.76454              0                     0
6     12     1.204          10.8             0.77658              0                     0
6     12     1.204          10.8             0.78862              0                     0
6     12     1.204          10.8             0.80066              0                     0
6     12     1.204          10.8             0.8127              0                     0
6     12     1.204          10.8             0.82474              0                     0
6     12     1.204          10.8             0.83678              0                     0
6     12     1.204          10.8             0.84882              0                     0
6     12     1.204          10.8             0.86086              0                     0
6     12     1.204          10.8             0.8729              0                     0
6     12     1.204          10.8             0.88494              0                     0
6     12     1.204          10.8             0.89698              0                     0
6     12     1.204          10.8             0.90902              0                     0
6     12     1.204          10.8             0.92106              0                     0
6     12     1.204          10.8             0.9331              0                     0
6     12     1.204          10.8             0.94514              0                     0
6     12     1.204          10.8             0.95718              0                     0
6     12     1.204          10.8             0.96922              0                     0
6     12     1.204          10.8             0.98126              0                     0
6     12     1.204          10.8             0.9933              0                     0
6     12     1.204          10.8             1.00534              0                     0
6     12     1.204          10.8             1.01738              0                     0
6     12     1.204          10.8             1.02942              0                     0
6     12     1.204          10.8             1.04146              0                     0
6     12     1.204          10.8             1.0535              0                     0
6     12     1.204          10.8             1.06554              0                     0
6     12     1.204          10.8             1.07758              0                     0
6     12     1.204          10.8             1.08962              0                     0
6     12     1.204          10.8             1.10166              0                     0
6     12     1.204          10.8             1.1137              0                     0
6     12     1.204          10.8             1.12574              0                     0
6     12     1.204          10.8             1.13778              0                     0
6     12     1.204          10.8             1.14982              0                     0
6     12     1.204          10.8             1.16186              0                     0
6     12     1.204          10.8             1.1739              0                     0
6     12     1.204          10.8             1.18594              0                     0
*******************************************************************************************************
 Average mean_angle 1.30644e+07 +- 11775.9 deg 
 Average E' 1.42536e+06 +- 1284.78 GeV 
