*******************************************************************************************************
Z     A     E(GeV)     Theta(deg)     Energy Loss(GeV)     Sigma(nb/sr/GeV)     ERROR     Citation     
*******************************************************************************************************
6     12     1.204          70             0.00301              0                     0
6     12     1.204          70             0.00903              0                     0
6     12     1.204          70             0.01505              0                     0
6     12     1.204          70             0.02107              0                     0
6     12     1.204          70             0.02709              0                     0
6     12     1.204          70             0.03311              0                     0
6     12     1.204          70             0.03913              0                     0
6     12     1.204          70             0.04515              0                     0
6     12     1.204          70             0.05117              0                     0
6     12     1.204          70             0.05719              0                     0
6     12     1.204          70             0.06321              0                     0
6     12     1.204          70             0.06923              0                     0
6     12     1.204          70             0.07525              0                     0
6     12     1.204          70             0.08127              0                     0
6     12     1.204          70             0.08729              0                     0
6     12     1.204          70             0.09331              0                     0
6     12     1.204          70             0.09933              0                     0
6     12     1.204          70             0.10535              0                     0
6     12     1.204          70             0.11137              0                     0
6     12     1.204          70             0.11739              0                     0
6     12     1.204          70             0.12341              0                     0
6     12     1.204          70             0.12943              0                     0
6     12     1.204          70             0.13545              0                     0
6     12     1.204          70             0.14147              0                     0
6     12     1.204          70             0.14749              0                     0
6     12     1.204          70             0.15351              0                     0
6     12     1.204          70             0.15953              0                     0
6     12     1.204          70             0.16555              0                     0
6     12     1.204          70             0.17157              0                     0
6     12     1.204          70             0.17759              0                     0
6     12     1.204          70             0.18361              0                     0
6     12     1.204          70             0.18963              0                     0
6     12     1.204          70             0.19565              0                     0
6     12     1.204          70             0.20167              0                     0
6     12     1.204          70             0.20769              0                     0
6     12     1.204          70             0.21371              0                     0
6     12     1.204          70             0.21973              0                     0
6     12     1.204          70             0.22575              0                     0
6     12     1.204          70             0.23177              0                     0
6     12     1.204          70             0.23779              0                     0
6     12     1.204          70             0.24381              0                     0
6     12     1.204          70             0.24983              0                     0
6     12     1.204          70             0.25585              0                     0
6     12     1.204          70             0.26187              0                     0
6     12     1.204          70             0.26789              0                     0
6     12     1.204          70             0.27391              0                     0
6     12     1.204          70             0.27993              0                     0
6     12     1.204          70             0.28595              0                     0
6     12     1.204          70             0.29197              0                     0
6     12     1.204          70             0.29799              0                     0
6     12     1.204          70             0.30401              0                     0
6     12     1.204          70             0.31003              0                     0
6     12     1.204          70             0.31605              0                     0
6     12     1.204          70             0.32207              0                     0
6     12     1.204          70             0.32809              0                     0
6     12     1.204          70             0.33411              0                     0
6     12     1.204          70             0.34013              0                     0
6     12     1.204          70             0.34615              0                     0
6     12     1.204          70             0.35217              0                     0
6     12     1.204          70             0.35819              0                     0
6     12     1.204          70             0.36421              0                     0
6     12     1.204          70             0.37023              0                     0
6     12     1.204          70             0.37625              0                     0
6     12     1.204          70             0.38227              0                     0
6     12     1.204          70             0.38829              0                     0
6     12     1.204          70             0.39431              0                     0
6     12     1.204          70             0.40033              0                     0
6     12     1.204          70             0.40635              0                     0
6     12     1.204          70             0.41237              0                     0
6     12     1.204          70             0.41839              0                     0
6     12     1.204          70             0.42441              0                     0
6     12     1.204          70             0.43043              0                     0
6     12     1.204          70             0.43645              0                     0
6     12     1.204          70             0.44247              0                     0
6     12     1.204          70             0.44849              0                     0
6     12     1.204          70             0.45451              0                     0
6     12     1.204          70             0.46053              0                     0
6     12     1.204          70             0.46655              0                     0
6     12     1.204          70             0.47257              0                     0
6     12     1.204          70             0.47859              0                     0
6     12     1.204          70             0.48461              0                     0
6     12     1.204          70             0.49063              0                     0
6     12     1.204          70             0.49665              0                     0
6     12     1.204          70             0.50267              0                     0
6     12     1.204          70             0.50869              0                     0
6     12     1.204          70             0.51471              0                     0
6     12     1.204          70             0.52073              0                     0
6     12     1.204          70             0.52675              0                     0
6     12     1.204          70             0.53277              0                     0
6     12     1.204          70             0.53879              0                     0
6     12     1.204          70             0.54481              0                     0
6     12     1.204          70             0.55083              4.28456                     4.28456
6     12     1.204          70             0.55685              4.28456                     4.28456
6     12     1.204          70             0.56287              0                     0
6     12     1.204          70             0.56889              0                     0
6     12     1.204          70             0.57491              4.28456                     4.28456
6     12     1.204          70             0.58093              4.28456                     4.28456
6     12     1.204          70             0.58695              0                     0
6     12     1.204          70             0.59297              0                     0
6     12     1.204          70             0.59899              4.28456                     4.28456
6     12     1.204          70             0.60501              0                     0
6     12     1.204          70             0.61103              8.56913                     6.05929
6     12     1.204          70             0.61705              4.28456                     4.28456
6     12     1.204          70             0.62307              4.28456                     4.28456
6     12     1.204          70             0.62909              12.8537                     7.42108
6     12     1.204          70             0.63511              4.28456                     4.28456
6     12     1.204          70             0.64113              4.28456                     4.28456
6     12     1.204          70             0.64715              4.28456                     4.28456
6     12     1.204          70             0.65317              12.8537                     7.42108
6     12     1.204          70             0.65919              8.56913                     6.05929
6     12     1.204          70             0.66521              8.56913                     6.05929
6     12     1.204          70             0.67123              17.1383                     8.56913
6     12     1.204          70             0.67725              21.4228                     9.58058
6     12     1.204          70             0.68327              12.8537                     7.42108
6     12     1.204          70             0.68929              17.1383                     8.56913
6     12     1.204          70             0.69531              17.1383                     8.56913
6     12     1.204          70             0.70133              38.5611                     12.8537
6     12     1.204          70             0.70735              25.7074                     10.495
6     12     1.204          70             0.71337              38.5611                     12.8537
6     12     1.204          70             0.71939              29.992                     11.3359
6     12     1.204          70             0.72541              29.992                     11.3359
6     12     1.204          70             0.73143              34.2765                     12.1186
6     12     1.204          70             0.73745              38.5611                     12.8537
6     12     1.204          70             0.74347              34.2765                     12.1186
6     12     1.204          70             0.74949              17.1383                     8.56913
6     12     1.204          70             0.75551              38.5611                     12.8537
6     12     1.204          70             0.76153              42.8456                     13.549
6     12     1.204          70             0.76755              34.2765                     12.1186
6     12     1.204          70             0.77357              29.992                     11.3359
6     12     1.204          70             0.77959              34.2765                     12.1186
6     12     1.204          70             0.78561              29.992                     11.3359
6     12     1.204          70             0.79163              47.1302                     14.2103
6     12     1.204          70             0.79765              34.2765                     12.1186
6     12     1.204          70             0.80367              47.1302                     14.2103
6     12     1.204          70             0.80969              47.1302                     14.2103
6     12     1.204          70             0.81571              51.4148                     14.8422
6     12     1.204          70             0.82173              55.6993                     15.4482
6     12     1.204          70             0.82775              77.1222                     18.1779
6     12     1.204          70             0.83377              29.992                     11.3359
6     12     1.204          70             0.83979              42.8456                     13.549
6     12     1.204          70             0.84581              68.553                     17.1383
6     12     1.204          70             0.85183              25.7074                     10.495
6     12     1.204          70             0.85785              89.9759                     19.6343
6     12     1.204          70             0.86387              38.5611                     12.8537
6     12     1.204          70             0.86989              77.1222                     18.1779
6     12     1.204          70             0.87591              72.8376                     17.6657
6     12     1.204          70             0.88193              81.4067                     18.676
6     12     1.204          70             0.88795              111.399                     21.8471
6     12     1.204          70             0.89397              51.4148                     14.8422
6     12     1.204          70             0.89999              94.2604                     20.0964
6     12     1.204          70             0.90601              107.114                     21.4228
6     12     1.204          70             0.91203              145.675                     24.9831
6     12     1.204          70             0.91805              64.2685                     16.594
6     12     1.204          70             0.92407              128.537                     23.4675
6     12     1.204          70             0.93009              137.106                     24.2372
6     12     1.204          70             0.93611              111.399                     21.8471
6     12     1.204          70             0.94213              119.968                     22.6718
6     12     1.204          70             0.94815              137.106                     24.2372
6     12     1.204          70             0.95417              141.391                     24.6129
6     12     1.204          70             0.96019              111.399                     21.8471
6     12     1.204          70             0.96621              89.9759                     19.6343
6     12     1.204          70             0.97223              124.252                     23.0731
6     12     1.204          70             0.97825              149.96                     25.3478
6     12     1.204          70             0.98427              137.106                     24.2372
6     12     1.204          70             0.99029              98.545                     20.548
6     12     1.204          70             0.99631              128.537                     23.4675
6     12     1.204          70             1.00233              107.114                     21.4228
6     12     1.204          70             1.00835              94.2604                     20.0964
6     12     1.204          70             1.01437              124.252                     23.0731
6     12     1.204          70             1.02039              137.106                     24.2372
6     12     1.204          70             1.02641              115.683                     22.2633
6     12     1.204          70             1.03243              111.399                     21.8471
6     12     1.204          70             1.03845              175.667                     27.4346
6     12     1.204          70             1.04447              149.96                     25.3478
6     12     1.204          70             1.05049              137.106                     24.2372
6     12     1.204          70             1.05651              175.667                     27.4346
6     12     1.204          70             1.06253              209.944                     29.992
6     12     1.204          70             1.06855              179.952                     27.7672
6     12     1.204          70             1.07457              175.667                     27.4346
6     12     1.204          70             1.08059              154.244                     25.7074
6     12     1.204          70             1.08661              175.667                     27.4346
6     12     1.204          70             1.09263              167.098                     26.7571
6     12     1.204          70             1.09865              128.537                     23.4675
6     12     1.204          70             1.10467              175.667                     27.4346
6     12     1.204          70             1.11069              175.667                     27.4346
6     12     1.204          70             1.11671              154.244                     25.7074
6     12     1.204          70             1.12273              167.098                     26.7571
6     12     1.204          70             1.12875              115.683                     22.2633
6     12     1.204          70             1.13477              4.28456                     4.28456
6     12     1.204          70             1.14079              0                     0
6     12     1.204          70             1.14681              0                     0
6     12     1.204          70             1.15283              0                     0
6     12     1.204          70             1.15885              0                     0
6     12     1.204          70             1.16487              0                     0
6     12     1.204          70             1.17089              0                     0
6     12     1.204          70             1.17691              0                     0
6     12     1.204          70             1.18293              0                     0
6     12     1.204          70             1.18895              0                     0
6     12     1.204          70             1.19497              0                     0
*******************************************************************************************************
 Average mean_angle 115379 +- 2841.31 deg 
 Average E' 388.276 +- 9.5616 GeV 
