*******************************************************************************************************
Z     A     E(GeV)     Theta(deg)     Energy Loss(GeV)     Sigma(nb/sr/GeV)     ERROR     Citation     
*******************************************************************************************************
6     12     3.269          21.98             0.016345              0                     0
6     12     3.269          21.98             0.049035              0                     0
6     12     3.269          21.98             0.081725              0                     0
6     12     3.269          21.98             0.114415              0                     0
6     12     3.269          21.98             0.147105              0                     0
6     12     3.269          21.98             0.179795              0                     0
6     12     3.269          21.98             0.212485              0                     0
6     12     3.269          21.98             0.245175              0                     0
6     12     3.269          21.98             0.277865              0                     0
6     12     3.269          21.98             0.310555              0                     0
6     12     3.269          21.98             0.343245              0                     0
6     12     3.269          21.98             0.375935              0                     0
6     12     3.269          21.98             0.408625              0                     0
6     12     3.269          21.98             0.441315              0                     0
6     12     3.269          21.98             0.474005              0                     0
6     12     3.269          21.98             0.506695              0                     0
6     12     3.269          21.98             0.539385              0                     0
6     12     3.269          21.98             0.572075              0                     0
6     12     3.269          21.98             0.604765              0.85389                     0.28463
6     12     3.269          21.98             0.637455              1.99241                     0.434779
6     12     3.269          21.98             0.670145              9.58254                     0.953499
6     12     3.269          21.98             0.702835              21.3472                     1.42315
6     12     3.269          21.98             0.735525              41.2713                     1.97881
6     12     3.269          21.98             0.768215              75.2372                     2.67175
6     12     3.269          21.98             0.800905              121.442                     3.39441
6     12     3.269          21.98             0.833595              162.808                     3.93023
6     12     3.269          21.98             0.866285              208.539                     4.44809
6     12     3.269          21.98             0.898975              257.875                     4.94634
6     12     3.269          21.98             0.931665              298.197                     5.31902
6     12     3.269          21.98             0.964355              329.317                     5.58968
6     12     3.269          21.98             0.997045              344.402                     5.71627
6     12     3.269          21.98             1.02974              358.729                     5.83395
6     12     3.269          21.98             1.06243              375.901                     5.97196
6     12     3.269          21.98             1.09512              392.884                     6.10537
6     12     3.269          21.98             1.12781              417.268                     6.29197
6     12     3.269          21.98             1.1605              434.44                     6.42014
6     12     3.269          21.98             1.19319              464.516                     6.63865
6     12     3.269          21.98             1.22588              491.082                     6.82585
6     12     3.269          21.98             1.25857              513.852                     6.9823
6     12     3.269          21.98             1.29126              548.482                     7.21375
6     12     3.269          21.98             1.32395              540.607                     7.16177
6     12     3.269          21.98             1.35664              556.357                     7.26535
6     12     3.269          21.98             1.38933              557.97                     7.27587
6     12     3.269          21.98             1.42202              540.417                     7.16052
6     12     3.269          21.98             1.45471              501.328                     6.89669
6     12     3.269          21.98             1.4874              458.444                     6.59512
6     12     3.269          21.98             1.52009              405.218                     6.20046
6     12     3.269          21.98             1.55278              358.634                     5.83318
6     12     3.269          21.98             1.58547              309.013                     5.41462
6     12     3.269          21.98             1.61816              240.607                     4.77787
6     12     3.269          21.98             1.65085              205.123                     4.41151
6     12     3.269          21.98             1.68354              165.655                     3.96444
6     12     3.269          21.98             1.71623              135.768                     3.58905
6     12     3.269          21.98             1.74892              100.664                     3.09042
6     12     3.269          21.98             1.78161              76.186                     2.68854
6     12     3.269          21.98             1.8143              55.9772                     2.30455
6     12     3.269          21.98             1.84699              40.4175                     1.95823
6     12     3.269          21.98             1.87968              28.1784                     1.63507
6     12     3.269          21.98             1.91237              17.7419                     1.29742
6     12     3.269          21.98             1.94506              10.9108                     1.01744
6     12     3.269          21.98             1.97775              5.6926                     0.734911
6     12     3.269          21.98             2.01044              3.41556                     0.56926
6     12     3.269          21.98             2.04312              0.85389                     0.28463
6     12     3.269          21.98             2.07581              0.474383                     0.212151
6     12     3.269          21.98             2.10851              0                     0
6     12     3.269          21.98             2.1412              0                     0
6     12     3.269          21.98             2.17389              0                     0
6     12     3.269          21.98             2.20657              0                     0
6     12     3.269          21.98             2.23927              0                     0
6     12     3.269          21.98             2.27196              0                     0
6     12     3.269          21.98             2.30465              0                     0
6     12     3.269          21.98             2.33733              0                     0
6     12     3.269          21.98             2.37003              0                     0
6     12     3.269          21.98             2.40272              0                     0
6     12     3.269          21.98             2.43541              0                     0
6     12     3.269          21.98             2.46809              0                     0
6     12     3.269          21.98             2.50079              0                     0
6     12     3.269          21.98             2.53348              0                     0
6     12     3.269          21.98             2.56617              0                     0
6     12     3.269          21.98             2.59885              0                     0
6     12     3.269          21.98             2.63155              0                     0
6     12     3.269          21.98             2.66424              0                     0
6     12     3.269          21.98             2.69693              0                     0
6     12     3.269          21.98             2.72962              0                     0
6     12     3.269          21.98             2.76231              0                     0
6     12     3.269          21.98             2.795              0                     0
6     12     3.269          21.98             2.82769              0                     0
6     12     3.269          21.98             2.86038              0                     0
6     12     3.269          21.98             2.89306              0                     0
6     12     3.269          21.98             2.92576              0                     0
6     12     3.269          21.98             2.95845              0                     0
6     12     3.269          21.98             2.99114              0                     0
6     12     3.269          21.98             3.02382              0                     0
6     12     3.269          21.98             3.05652              0                     0
6     12     3.269          21.98             3.08921              0                     0
6     12     3.269          21.98             3.1219              0                     0
6     12     3.269          21.98             3.15459              0                     0
6     12     3.269          21.98             3.18728              0                     0
6     12     3.269          21.98             3.21997              0                     0
*******************************************************************************************************
 Average angle 2.57189e+06 +- 7490.33 deg 
 Average E' 234415 +- 682.707 GeV 
