*******************************************************************************************************
Z     A     E(GeV)     Theta(deg)     Energy Loss(GeV)     Sigma(nb/sr/GeV)     ERROR     Citation     
*******************************************************************************************************
6     12     0.68          36             0.0034              56.1041                     3.14616
6     12     0.68          36             0.0102              1285.1                     15.0575
6     12     0.68          36             0.017              3433.46                     24.6122
6     12     0.68          36             0.0238              5831.83                     32.0764
6     12     0.68          36             0.0306              8610.04                     38.975
6     12     0.68          36             0.0374              12328.4                     46.6377
6     12     0.68          36             0.0442              16251.1                     53.5458
6     12     0.68          36             0.051              19883.8                     59.2288
6     12     0.68          36             0.0578              23141.3                     63.8966
6     12     0.68          36             0.0646              26084.5                     67.8383
6     12     0.68          36             0.0714              28497.3                     70.9065
6     12     0.68          36             0.0782              29986.9                     72.736
6     12     0.68          36             0.085              30985                     73.9366
6     12     0.68          36             0.0918              31271.7                     74.2778
6     12     0.68          36             0.0986              30936.8                     73.8791
6     12     0.68          36             0.1054              30011.3                     72.7656
6     12     0.68          36             0.1122              28584.3                     71.0146
6     12     0.68          36             0.119              27006.4                     69.0266
6     12     0.68          36             0.1258              24908.1                     66.2909
6     12     0.68          36             0.1326              22673.8                     63.2479
6     12     0.68          36             0.1394              20410.1                     60.0075
6     12     0.68          36             0.1462              18092.7                     56.4983
6     12     0.68          36             0.153              15792.8                     52.7853
6     12     0.68          36             0.1598              13662.8                     49.0968
6     12     0.68          36             0.1666              11686.6                     45.4075
6     12     0.68          36             0.1734              9852.62                     41.6926
6     12     0.68          36             0.1802              8179.9                     37.989
6     12     0.68          36             0.187              6896.74                     34.8824
6     12     0.68          36             0.1938              5650.63                     31.5742
6     12     0.68          36             0.2006              4677.99                     28.7285
6     12     0.68          36             0.2074              3832.01                     26.0014
6     12     0.68          36             0.2142              3031.74                     23.1275
6     12     0.68          36             0.221              2479.17                     20.914
6     12     0.68          36             0.2278              2025.39                     18.9033
6     12     0.68          36             0.2346              1619.43                     16.903
6     12     0.68          36             0.2414              1323.21                     15.2791
6     12     0.68          36             0.2482              1075.68                     13.7761
6     12     0.68          36             0.255              858.498                     12.307
6     12     0.68          36             0.2618              675.366                     10.9157
6     12     0.68          36             0.2686              556.63                     9.90985
6     12     0.68          36             0.2754              442.305                     8.83374
6     12     0.68          36             0.2822              369.793                     8.07724
6     12     0.68          36             0.289              300.457                     7.28073
6     12     0.68          36             0.2958              237.648                     6.47517
6     12     0.68          36             0.3026              189.307                     5.77919
6     12     0.68          36             0.3094              146.612                     5.0859
6     12     0.68          36             0.3162              118.736                     4.57694
6     12     0.68          36             0.323              95.6239                     4.1074
6     12     0.68          36             0.3298              72.5119                     3.57675
6     12     0.68          36             0.3366              60.6912                     3.27225
6     12     0.68          36             0.3434              47.2827                     2.88825
6     12     0.68          36             0.3502              36.3442                     2.53222
6     12     0.68          36             0.357              29.9927                     2.30034
6     12     0.68          36             0.3638              20.4656                     1.90019
6     12     0.68          36             0.3706              19.7599                     1.86714
6     12     0.68          36             0.3774              14.9964                     1.62659
6     12     0.68          36             0.3842              10.9385                     1.38919
6     12     0.68          36             0.391              5.82212                     1.0135
6     12     0.68          36             0.3978              5.99855                     1.02874
6     12     0.68          36             0.4046              4.76355                     0.916746
6     12     0.68          36             0.4114              4.23427                     0.864317
6     12     0.68          36             0.4182              3.52856                     0.78901
6     12     0.68          36             0.425              2.29356                     0.63612
6     12     0.68          36             0.4318              1.76428                     0.557914
6     12     0.68          36             0.4386              1.05857                     0.432158
6     12     0.68          36             0.4454              1.235                     0.466784
6     12     0.68          36             0.4522              0.705712                     0.352856
6     12     0.68          36             0.459              0.352856                     0.249507
6     12     0.68          36             0.4658              0.176428                     0.176428
6     12     0.68          36             0.4726              0.529284                     0.305582
6     12     0.68          36             0.4794              0.176428                     0.176428
6     12     0.68          36             0.4862              0.176428                     0.176428
6     12     0.68          36             0.493              0                     0
6     12     0.68          36             0.4998              0.529284                     0.305582
6     12     0.68          36             0.5066              0                     0
6     12     0.68          36             0.5134              0                     0
6     12     0.68          36             0.5202              0.176428                     0.176428
6     12     0.68          36             0.527              0                     0
6     12     0.68          36             0.5338              0                     0
6     12     0.68          36             0.5406              0                     0
6     12     0.68          36             0.5474              0                     0
6     12     0.68          36             0.5542              0                     0
6     12     0.68          36             0.561              0                     0
6     12     0.68          36             0.5678              0                     0
6     12     0.68          36             0.5746              0                     0
6     12     0.68          36             0.5814              0                     0
6     12     0.68          36             0.5882              0                     0
6     12     0.68          36             0.595              0                     0
6     12     0.68          36             0.6018              0                     0
6     12     0.68          36             0.6086              0                     0
6     12     0.68          36             0.6154              0                     0
6     12     0.68          36             0.6222              0                     0
6     12     0.68          36             0.629              0                     0
6     12     0.68          36             0.6358              0                     0
6     12     0.68          36             0.6426              0                     0
6     12     0.68          36             0.6494              0                     0
6     12     0.68          36             0.6562              0                     0
6     12     0.68          36             0.663              0                     0
6     12     0.68          36             0.6698              0                     0
*******************************************************************************************************
 Average mean_angle 1.09222e+08 +- 62639.8 deg 
 Average E' 1.74131e+06 +- 998.662 GeV 
