*******************************************************************************************************
Z     A     E(GeV)     Theta(deg)     Energy Loss(GeV)     Sigma(nb/sr/GeV)     ERROR     Citation     
*******************************************************************************************************
6     12     3.595          30.01             0.017975              0                     0
6     12     3.595          30.01             0.053925              0                     0
6     12     3.595          30.01             0.089875              0                     0
6     12     3.595          30.01             0.125825              0                     0
6     12     3.595          30.01             0.161775              0                     0
6     12     3.595          30.01             0.197725              0                     0
6     12     3.595          30.01             0.233675              0                     0
6     12     3.595          30.01             0.269625              0                     0
6     12     3.595          30.01             0.305575              0                     0
6     12     3.595          30.01             0.341525              0                     0
6     12     3.595          30.01             0.377475              0                     0
6     12     3.595          30.01             0.413425              0                     0
6     12     3.595          30.01             0.449375              0                     0
6     12     3.595          30.01             0.485325              0                     0
6     12     3.595          30.01             0.521275              0                     0
6     12     3.595          30.01             0.557225              0                     0
6     12     3.595          30.01             0.593175              0                     0
6     12     3.595          30.01             0.629125              0                     0
6     12     3.595          30.01             0.665075              0.0728142                     0.0728142
6     12     3.595          30.01             0.701025              0                     0
6     12     3.595          30.01             0.736975              0.145628                     0.102975
6     12     3.595          30.01             0.772925              0                     0
6     12     3.595          30.01             0.808875              0.364071                     0.162818
6     12     3.595          30.01             0.844825              0.145628                     0.102975
6     12     3.595          30.01             0.880775              0.0728142                     0.0728142
6     12     3.595          30.01             0.916725              0.145628                     0.102975
6     12     3.595          30.01             0.952675              0.582514                     0.20595
6     12     3.595          30.01             0.988625              0.655328                     0.218443
6     12     3.595          30.01             1.02458              0.946585                     0.262536
6     12     3.595          30.01             1.06053              1.5291                     0.333677
6     12     3.595          30.01             1.09648              1.67473                     0.349205
6     12     3.595          30.01             1.13243              1.31066                     0.308925
6     12     3.595          30.01             1.16838              2.5485                     0.430775
6     12     3.595          30.01             1.20433              1.67473                     0.349205
6     12     3.595          30.01             1.24028              2.98538                     0.466239
6     12     3.595          30.01             1.27623              2.40287                     0.418286
6     12     3.595          30.01             1.31218              3.42227                     0.499189
6     12     3.595          30.01             1.34813              1.96598                     0.378354
6     12     3.595          30.01             1.38408              1.38347                     0.31739
6     12     3.595          30.01             1.42003              0.800957                     0.241498
6     12     3.595          30.01             1.45598              0.0728142                     0.0728142
6     12     3.595          30.01             1.49193              0                     0
6     12     3.595          30.01             1.52788              0                     0
6     12     3.595          30.01             1.56383              0                     0
6     12     3.595          30.01             1.59978              0                     0
6     12     3.595          30.01             1.63573              0                     0
6     12     3.595          30.01             1.67168              0                     0
6     12     3.595          30.01             1.70763              0                     0
6     12     3.595          30.01             1.74358              0                     0
6     12     3.595          30.01             1.77953              0                     0
6     12     3.595          30.01             1.81548              0                     0
6     12     3.595          30.01             1.85143              0                     0
6     12     3.595          30.01             1.88738              0                     0
6     12     3.595          30.01             1.92333              0                     0
6     12     3.595          30.01             1.95928              0                     0
6     12     3.595          30.01             1.99523              0                     0
6     12     3.595          30.01             2.03118              0                     0
6     12     3.595          30.01             2.06712              0                     0
6     12     3.595          30.01             2.10308              0                     0
6     12     3.595          30.01             2.13903              0                     0
6     12     3.595          30.01             2.17497              0                     0
6     12     3.595          30.01             2.21093              0                     0
6     12     3.595          30.01             2.24688              0                     0
6     12     3.595          30.01             2.28282              0                     0
6     12     3.595          30.01             2.31878              0                     0
6     12     3.595          30.01             2.35473              0                     0
6     12     3.595          30.01             2.39067              0                     0
6     12     3.595          30.01             2.42663              0                     0
6     12     3.595          30.01             2.46258              0                     0
6     12     3.595          30.01             2.49852              0                     0
6     12     3.595          30.01             2.53448              0                     0
6     12     3.595          30.01             2.57043              0                     0
6     12     3.595          30.01             2.60637              0                     0
6     12     3.595          30.01             2.64233              0                     0
6     12     3.595          30.01             2.67828              0                     0
6     12     3.595          30.01             2.71422              0                     0
6     12     3.595          30.01             2.75018              0                     0
6     12     3.595          30.01             2.78613              0                     0
6     12     3.595          30.01             2.82207              0                     0
6     12     3.595          30.01             2.85803              0                     0
6     12     3.595          30.01             2.89398              0                     0
6     12     3.595          30.01             2.92992              0                     0
6     12     3.595          30.01             2.96588              0                     0
6     12     3.595          30.01             3.00183              0                     0
6     12     3.595          30.01             3.03777              0                     0
6     12     3.595          30.01             3.07373              0                     0
6     12     3.595          30.01             3.10968              0                     0
6     12     3.595          30.01             3.14562              0                     0
6     12     3.595          30.01             3.18158              0                     0
6     12     3.595          30.01             3.21753              0                     0
6     12     3.595          30.01             3.25347              0                     0
6     12     3.595          30.01             3.28943              0                     0
6     12     3.595          30.01             3.32538              0                     0
6     12     3.595          30.01             3.36132              0                     0
6     12     3.595          30.01             3.39728              0                     0
6     12     3.595          30.01             3.43323              0                     0
6     12     3.595          30.01             3.46917              0                     0
6     12     3.595          30.01             3.50513              0                     0
6     12     3.595          30.01             3.54108              0                     0
*******************************************************************************************************
 Average mean_angle 10092.4 +- 545.732 deg 
 Average E' 818.379 +- 44.2529 GeV 
