*******************************************************************************************************
Z     A     E(GeV)     Theta(deg)     Energy Loss(GeV)     Sigma(nb/sr/GeV)     ERROR     Citation     
*******************************************************************************************************
6     12     4.045          30             0.613              0                     0
6     12     4.045          30             0.639              0                     0
6     12     4.045          30             0.665              0                     0
6     12     4.045          30             0.691              0.00121254                     0.000857397
6     12     4.045          30             0.717              0.000606271                     0.000606271
6     12     4.045          30             0.743              0.00363763                     0.00148505
6     12     4.045          30             0.769              0.00303135                     0.00135566
6     12     4.045          30             0.795              0.00545644                     0.00181881
6     12     4.045          30             0.821              0.00242508                     0.00121254
6     12     4.045          30             0.847              0.0115191                     0.00264267
6     12     4.045          30             0.873              0.00909406                     0.00234808
6     12     4.045          30             0.899              0.00666898                     0.00201077
6     12     4.045          30             0.925              0.0151568                     0.00303135
6     12     4.045          30             0.951              0.0175819                     0.00326487
6     12     4.045          30             0.977              0.0145505                     0.00297011
6     12     4.045          30             1.003              0.0139442                     0.00290757
6     12     4.045          30             1.029              0.0169756                     0.00320808
6     12     4.045          30             1.055              0.013338                     0.00284366
6     12     4.045          30             1.081              0.00788152                     0.00218594
6     12     4.045          30             1.107              0                     0
6     12     4.045          30             1.133              0                     0
6     12     4.045          30             1.159              0                     0
6     12     4.045          30             1.185              0                     0
6     12     4.045          30             1.211              0                     0
6     12     4.045          30             1.237              0                     0
6     12     4.045          30             1.263              0                     0
6     12     4.045          30             1.289              0                     0
6     12     4.045          30             1.315              0                     0
6     12     4.045          30             1.341              0                     0
6     12     4.045          30             1.367              0                     0
6     12     4.045          30             1.393              0                     0
6     12     4.045          30             1.419              0                     0
6     12     4.045          30             1.445              0                     0
6     12     4.045          30             1.471              0                     0
6     12     4.045          30             1.497              0                     0
6     12     4.045          30             1.523              0                     0
6     12     4.045          30             1.549              0                     0
6     12     4.045          30             1.575              0                     0
6     12     4.045          30             1.601              0                     0
6     12     4.045          30             1.627              0                     0
6     12     4.045          30             1.653              0                     0
6     12     4.045          30             1.679              0                     0
6     12     4.045          30             1.705              0                     0
6     12     4.045          30             1.731              0                     0
6     12     4.045          30             1.757              0                     0
6     12     4.045          30             1.783              0                     0
6     12     4.045          30             1.809              0                     0
6     12     4.045          30             1.835              0                     0
6     12     4.045          30             1.861              0                     0
*******************************************************************************************************
 Average mean_angle 6714.6 +- 436.16 deg 
 Average E' 734.892 +- 47.7364 GeV 
