*******************************************************************************************************
Z     A     E(GeV)     Theta(deg)     Energy Loss(GeV)     Sigma(nb/sr/GeV)     ERROR     Citation     
*******************************************************************************************************
6     12     3.116          24.98             1.41333              370.194                     6.60744
6     12     3.116          24.98             1.44              391.893                     6.79834
6     12     3.116          24.98             1.46667              427.627                     7.10152
6     12     3.116          24.98             1.49333              454.516                     7.32139
6     12     3.116          24.98             1.52              408.286                     6.93907
6     12     3.116          24.98             1.54667              260.987                     5.5479
6     12     3.116          24.98             1.57333              116.636                     3.70882
6     12     3.116          24.98             1.6              10.732                     1.12501
6     12     3.116          24.98             1.62667              0                     0
6     12     3.116          24.98             1.65333              0                     0
6     12     3.116          24.98             1.68              0                     0
6     12     3.116          24.98             1.70667              0                     0
6     12     3.116          24.98             1.73333              0                     0
6     12     3.116          24.98             1.76              0                     0
6     12     3.116          24.98             1.78667              0                     0
6     12     3.116          24.98             1.81333              0                     0
6     12     3.116          24.98             1.84              0                     0
6     12     3.116          24.98             1.86667              0                     0
6     12     3.116          24.98             1.89333              0                     0
6     12     3.116          24.98             1.92              0                     0
6     12     3.116          24.98             1.94667              0                     0
6     12     3.116          24.98             1.97333              0                     0
6     12     3.116          24.98             2              0                     0
6     12     3.116          24.98             2.02667              0                     0
6     12     3.116          24.98             2.05333              0                     0
6     12     3.116          24.98             2.08              0                     0
6     12     3.116          24.98             2.10667              0                     0
6     12     3.116          24.98             2.13333              0                     0
6     12     3.116          24.98             2.16              0                     0
*******************************************************************************************************
 Average mean_angle 1.2102e+06 +- 5482.04 deg 
 Average E' 87192 +- 394.967 GeV 
