*******************************************************************************************************
Z     A     E(GeV)     Theta(deg)     Energy Loss(GeV)     Sigma(nb/sr/GeV)     ERROR     Citation     
*******************************************************************************************************
6     12     3.605          16.02             0.018025              0                     0
6     12     3.605          16.02             0.054075              0                     0
6     12     3.605          16.02             0.090125              0.286827                     0.286827
6     12     3.605          16.02             0.126175              2.86827                     0.907026
6     12     3.605          16.02             0.162225              11.1862                     1.79123
6     12     3.605          16.02             0.198275              37.2875                     3.27033
6     12     3.605          16.02             0.234325              124.483                     5.97537
6     12     3.605          16.02             0.270375              337.882                     9.84447
6     12     3.605          16.02             0.306425              700.144                     14.1711
6     12     3.605          16.02             0.342475              1185.74                     18.4419
6     12     3.605          16.02             0.378525              1693.14                     22.0372
6     12     3.605          16.02             0.414575              2093.55                     24.5048
6     12     3.605          16.02             0.450625              2322.72                     25.8112
6     12     3.605          16.02             0.486675              2365.46                     26.0476
6     12     3.605          16.02             0.522725              2229.5                     25.288
6     12     3.605          16.02             0.558775              1988.86                     23.8843
6     12     3.605          16.02             0.594825              1617.99                     21.5426
6     12     3.605          16.02             0.630875              1295.02                     19.273
6     12     3.605          16.02             0.666925              961.157                     16.6038
6     12     3.605          16.02             0.702975              751.199                     14.6787
6     12     3.605          16.02             0.739025              516.862                     12.1758
6     12     3.605          16.02             0.775075              374.309                     10.3616
6     12     3.605          16.02             0.811125              269.33                     8.78926
6     12     3.605          16.02             0.847175              203.073                     7.63196
6     12     3.605          16.02             0.883225              154.886                     6.66525
6     12     3.605          16.02             0.919275              112.723                     5.68612
6     12     3.605          16.02             0.955325              86.3349                     4.97626
6     12     3.605          16.02             0.991375              65.9702                     4.34994
6     12     3.605          16.02             1.02742              49.621                     3.77262
6     12     3.605          16.02             1.06347              44.745                     3.58247
6     12     3.605          16.02             1.09952              36.7138                     3.24507
6     12     3.605          16.02             1.13558              24.9539                     2.67534
6     12     3.605          16.02             1.17162              19.791                     2.38256
6     12     3.605          16.02             1.20767              14.6282                     2.04835
6     12     3.605          16.02             1.24372              14.915                     2.06834
6     12     3.605          16.02             1.27977              9.75211                     1.67247
6     12     3.605          16.02             1.31583              8.89163                     1.59698
6     12     3.605          16.02             1.35187              7.17067                     1.43413
6     12     3.605          16.02             1.38792              4.87606                     1.18262
6     12     3.605          16.02             1.42397              5.16288                     1.2169
6     12     3.605          16.02             1.46002              3.72875                     1.03417
6     12     3.605          16.02             1.49607              3.15509                     0.951297
6     12     3.605          16.02             1.53212              2.29461                     0.811269
6     12     3.605          16.02             1.56817              2.29461                     0.811269
6     12     3.605          16.02             1.60422              3.44192                     0.993597
6     12     3.605          16.02             1.64027              1.72096                     0.702579
6     12     3.605          16.02             1.67632              0.86048                     0.496799
6     12     3.605          16.02             1.71237              2.58144                     0.86048
6     12     3.605          16.02             1.74842              0.286827                     0.286827
6     12     3.605          16.02             1.78447              0.573654                     0.405634
6     12     3.605          16.02             1.82052              0.573654                     0.405634
6     12     3.605          16.02             1.85657              0.573654                     0.405634
6     12     3.605          16.02             1.89263              0                     0
6     12     3.605          16.02             1.92867              0                     0
6     12     3.605          16.02             1.96472              0                     0
6     12     3.605          16.02             2.00077              0                     0
6     12     3.605          16.02             2.03682              0                     0
6     12     3.605          16.02             2.07288              0                     0
6     12     3.605          16.02             2.10893              0                     0
6     12     3.605          16.02             2.14498              0                     0
6     12     3.605          16.02             2.18102              0                     0
6     12     3.605          16.02             2.21707              0                     0
6     12     3.605          16.02             2.25313              0                     0
6     12     3.605          16.02             2.28918              0                     0
6     12     3.605          16.02             2.32523              0                     0
6     12     3.605          16.02             2.36128              0                     0
6     12     3.605          16.02             2.39732              0                     0
6     12     3.605          16.02             2.43338              0                     0
6     12     3.605          16.02             2.46943              0                     0
6     12     3.605          16.02             2.50548              0                     0
6     12     3.605          16.02             2.54153              0                     0
6     12     3.605          16.02             2.57757              0                     0
6     12     3.605          16.02             2.61363              0                     0
6     12     3.605          16.02             2.64968              0                     0
6     12     3.605          16.02             2.68573              0                     0
6     12     3.605          16.02             2.72178              0                     0
6     12     3.605          16.02             2.75782              0                     0
6     12     3.605          16.02             2.79387              0                     0
6     12     3.605          16.02             2.82993              0                     0
6     12     3.605          16.02             2.86598              0                     0
6     12     3.605          16.02             2.90203              0                     0
6     12     3.605          16.02             2.93807              0                     0
6     12     3.605          16.02             2.97412              0                     0
6     12     3.605          16.02             3.01018              0                     0
6     12     3.605          16.02             3.04623              0                     0
6     12     3.605          16.02             3.08228              0                     0
6     12     3.605          16.02             3.11833              0                     0
6     12     3.605          16.02             3.15437              0                     0
6     12     3.605          16.02             3.19042              0                     0
6     12     3.605          16.02             3.22648              0                     0
6     12     3.605          16.02             3.26253              0                     0
6     12     3.605          16.02             3.29858              0                     0
6     12     3.605          16.02             3.33462              0                     0
6     12     3.605          16.02             3.37067              0                     0
6     12     3.605          16.02             3.40673              0                     0
6     12     3.605          16.02             3.44278              0                     0
6     12     3.605          16.02             3.47883              0                     0
6     12     3.605          16.02             3.51487              0                     0
6     12     3.605          16.02             3.55092              0                     0
*******************************************************************************************************
 Average mean_angle 1.19493e+06 +- 4337.81 deg 
 Average E' 233660 +- 848.227 GeV 
