*******************************************************************************************************
Z     A     E(GeV)     Theta(deg)     Energy Loss(GeV)     Sigma(nb/sr/GeV)     ERROR     Citation     
*******************************************************************************************************
6     12     2.02          15.02             0.0101              434.19                     13.1754
6     12     2.02          15.02             0.0303              4626.56                     43.0085
6     12     2.02          15.02             0.0505              14492.6                     76.1198
6     12     2.02          15.02             0.0707              29042.7                     107.757
6     12     2.02          15.02             0.0909              46123.7                     135.796
6     12     2.02          15.02             0.1111              60575.1                     155.622
6     12     2.02          15.02             0.1313              69689.1                     166.92
6     12     2.02          15.02             0.1515              72068.7                     169.746
6     12     2.02          15.02             0.1717              68783.5                     165.832
6     12     2.02          15.02             0.1919              61400.3                     156.679
6     12     2.02          15.02             0.2121              52262.7                     144.551
6     12     2.02          15.02             0.2323              43331.4                     131.621
6     12     2.02          15.02             0.2525              35967.8                     119.917
6     12     2.02          15.02             0.2727              30049.5                     109.608
6     12     2.02          15.02             0.2929              26212.5                     102.372
6     12     2.02          15.02             0.3131              23776.1                     97.4979
6     12     2.02          15.02             0.3333              22425.1                     94.6875
6     12     2.02          15.02             0.3535              22305.6                     94.4348
6     12     2.02          15.02             0.3737              23465.8                     96.8597
6     12     2.02          15.02             0.3939              25033.9                     100.044
6     12     2.02          15.02             0.4141              26717.9                     103.354
6     12     2.02          15.02             0.4343              27682.2                     105.202
6     12     2.02          15.02             0.4545              28326.3                     106.419
6     12     2.02          15.02             0.4747              27991.3                     105.788
6     12     2.02          15.02             0.4949              26747.9                     103.412
6     12     2.02          15.02             0.5151              25386.1                     100.745
6     12     2.02          15.02             0.5353              24091.1                     98.1417
6     12     2.02          15.02             0.5555              22334.8                     94.4965
6     12     2.02          15.02             0.5757              20917.1                     91.4483
6     12     2.02          15.02             0.5959              19668.1                     88.676
6     12     2.02          15.02             0.6161              18323.5                     85.5913
6     12     2.02          15.02             0.6363              17414                     83.4399
6     12     2.02          15.02             0.6565              16654.3                     81.5997
6     12     2.02          15.02             0.6767              16195.4                     80.4675
6     12     2.02          15.02             0.6969              15928.7                     79.8022
6     12     2.02          15.02             0.7171              16038.2                     80.0762
6     12     2.02          15.02             0.7373              16288.5                     80.6985
6     12     2.02          15.02             0.7575              16617.6                     81.5096
6     12     2.02          15.02             0.7777              17110.5                     82.7097
6     12     2.02          15.02             0.7979              17487.5                     83.616
6     12     2.02          15.02             0.8181              17804.2                     84.3696
6     12     2.02          15.02             0.8383              18319.1                     85.581
6     12     2.02          15.02             0.8585              18343.5                     85.638
6     12     2.02          15.02             0.8787              18371.1                     85.7023
6     12     2.02          15.02             0.8989              18433.1                     85.8468
6     12     2.02          15.02             0.9191              18258                     85.438
6     12     2.02          15.02             0.9393              18258.4                     85.4389
6     12     2.02          15.02             0.9595              18055.7                     84.9634
6     12     2.02          15.02             0.9797              17822.2                     84.4122
6     12     2.02          15.02             0.9999              17683                     84.0821
6     12     2.02          15.02             1.0201              17264.8                     83.0819
6     12     2.02          15.02             1.0403              16849                     82.0753
6     12     2.02          15.02             1.0605              16397.7                     80.9685
6     12     2.02          15.02             1.0807              15674.4                     79.1627
6     12     2.02          15.02             1.1009              15026.7                     77.5099
6     12     2.02          15.02             1.1211              14418.6                     75.9254
6     12     2.02          15.02             1.1413              13589.8                     73.7109
6     12     2.02          15.02             1.1615              12711.4                     71.289
6     12     2.02          15.02             1.1817              12101.3                     69.5571
6     12     2.02          15.02             1.2019              11280.1                     67.1556
6     12     2.02          15.02             1.2221              10503.3                     64.802
6     12     2.02          15.02             1.2423              9751.28                     62.439
6     12     2.02          15.02             1.2625              9047.62                     60.144
6     12     2.02          15.02             1.2827              8497.89                     58.2882
6     12     2.02          15.02             1.3029              7828.21                     55.9443
6     12     2.02          15.02             1.3231              7325.65                     54.1188
6     12     2.02          15.02             1.3433              6731.14                     51.8763
6     12     2.02          15.02             1.3635              6260.57                     50.0302
6     12     2.02          15.02             1.3837              5885.95                     48.5102
6     12     2.02          15.02             1.4039              5440.17                     46.637
6     12     2.02          15.02             1.4241              5098.73                     45.1498
6     12     2.02          15.02             1.4443              4680.53                     43.2586
6     12     2.02          15.02             1.4645              4552.2                     42.6614
6     12     2.02          15.02             1.4847              4259.54                     41.2673
6     12     2.02          15.02             1.5049              4001.66                     39.9986
6     12     2.02          15.02             1.5251              3780.57                     38.878
6     12     2.02          15.02             1.5453              3582.67                     37.8467
6     12     2.02          15.02             1.5655              3365.97                     36.6843
6     12     2.02          15.02             1.5857              3190.86                     35.7173
6     12     2.02          15.02             1.6059              2980.16                     34.5179
6     12     2.02          15.02             1.6261              2807.84                     33.5051
6     12     2.02          15.02             1.6463              2684.7                     32.7622
6     12     2.02          15.02             1.6665              2506.39                     31.6555
6     12     2.02          15.02             1.6867              2284.49                     30.2218
6     12     2.02          15.02             1.7069              2184.54                     29.5532
6     12     2.02          15.02             1.7271              2059.8                     28.6971
6     12     2.02          15.02             1.7473              1838.71                     27.1132
6     12     2.02          15.02             1.7675              1704.77                     26.1071
6     12     2.02          15.02             1.7877              1652.4                     25.7029
6     12     2.02          15.02             1.8079              1410.52                     23.7473
6     12     2.02          15.02             1.8281              1274.18                     22.5705
6     12     2.02          15.02             1.8483              1055.49                     20.5424
6     12     2.02          15.02             1.8685              610.904                     15.6283
6     12     2.02          15.02             1.8887              211.098                     9.18685
6     12     2.02          15.02             1.9089              1.99903                     0.893995
6     12     2.02          15.02             1.9291              0                     0
6     12     2.02          15.02             1.9493              0                     0
6     12     2.02          15.02             1.9695              0                     0
6     12     2.02          15.02             1.9897              0                     0
*******************************************************************************************************
 Average angle 14.868 +- 0.00739144 deg 
 Average E' 1.45419 +- 0.00072293 GeV 
