*******************************************************************************************************
Z     A     E(GeV)     Theta(deg)     Energy Loss(GeV)     Sigma(nb/sr/GeV)     ERROR     Citation     
*******************************************************************************************************
6     12     3.4886          20             0.017443              0                     0
6     12     3.4886          20             0.052329              0                     0
6     12     3.4886          20             0.087215              0                     0
6     12     3.4886          20             0.122101              0                     0
6     12     3.4886          20             0.156987              0                     0
6     12     3.4886          20             0.191873              0                     0
6     12     3.4886          20             0.226759              0                     0
6     12     3.4886          20             0.261645              0                     0
6     12     3.4886          20             0.296531              0                     0
6     12     3.4886          20             0.331417              0                     0
6     12     3.4886          20             0.366303              0                     0
6     12     3.4886          20             0.401189              0                     0
6     12     3.4886          20             0.436075              0                     0
6     12     3.4886          20             0.470961              0                     0
6     12     3.4886          20             0.505847              0.102641                     0.102641
6     12     3.4886          20             0.540733              0.307924                     0.17778
6     12     3.4886          20             0.575619              2.46339                     0.502837
6     12     3.4886          20             0.610505              4.7215                     0.696147
6     12     3.4886          20             0.645391              10.88                     1.05676
6     12     3.4886          20             0.680277              23.9154                     1.56675
6     12     3.4886          20             0.715163              37.3614                     1.95827
6     12     3.4886          20             0.750049              58.095                     2.44191
6     12     3.4886          20             0.784935              76.5704                     2.80344
6     12     3.4886          20             0.819821              100.383                     3.2099
6     12     3.4886          20             0.854707              123.272                     3.55708
6     12     3.4886          20             0.889593              153.141                     3.96466
6     12     3.4886          20             0.924479              191.529                     4.43382
6     12     3.4886          20             0.959365              217.394                     4.72373
6     12     3.4886          20             0.994251              259.169                     5.15766
6     12     3.4886          20             1.02914              304.537                     5.59089
6     12     3.4886          20             1.06402              330.71                     5.82619
6     12     3.4886          20             1.09891              381.518                     6.25775
6     12     3.4886          20             1.1338              421.24                     6.57545
6     12     3.4886          20             1.16868              458.601                     6.86086
6     12     3.4886          20             1.20357              502.018                     7.17829
6     12     3.4886          20             1.23845              547.078                     7.49352
6     12     3.4886          20             1.27334              586.184                     7.75672
6     12     3.4886          20             1.30823              647.564                     8.15271
6     12     3.4886          20             1.34311              713.767                     8.55932
6     12     3.4886          20             1.378              765.909                     8.86645
6     12     3.4886          20             1.41288              834.576                     9.25537
6     12     3.4886          20             1.44777              895.032                     9.58474
6     12     3.4886          20             1.48266              679.588                     8.35187
6     12     3.4886          20             1.51754              373.614                     6.19259
6     12     3.4886          20             1.55243              95.7643                     3.13518
6     12     3.4886          20             1.58731              0                     0
6     12     3.4886          20             1.6222              0                     0
6     12     3.4886          20             1.65709              0                     0
6     12     3.4886          20             1.69197              0                     0
6     12     3.4886          20             1.72686              0                     0
6     12     3.4886          20             1.76174              0                     0
6     12     3.4886          20             1.79663              0                     0
6     12     3.4886          20             1.83152              0                     0
6     12     3.4886          20             1.8664              0                     0
6     12     3.4886          20             1.90129              0                     0
6     12     3.4886          20             1.93617              0                     0
6     12     3.4886          20             1.97106              0                     0
6     12     3.4886          20             2.00595              0                     0
6     12     3.4886          20             2.04083              0                     0
6     12     3.4886          20             2.07572              0                     0
6     12     3.4886          20             2.1106              0                     0
6     12     3.4886          20             2.14549              0                     0
6     12     3.4886          20             2.18038              0                     0
6     12     3.4886          20             2.21526              0                     0
6     12     3.4886          20             2.25015              0                     0
6     12     3.4886          20             2.28503              0                     0
6     12     3.4886          20             2.31992              0                     0
6     12     3.4886          20             2.35481              0                     0
6     12     3.4886          20             2.38969              0                     0
6     12     3.4886          20             2.42458              0                     0
6     12     3.4886          20             2.45946              0                     0
6     12     3.4886          20             2.49435              0                     0
6     12     3.4886          20             2.52923              0                     0
6     12     3.4886          20             2.56412              0                     0
6     12     3.4886          20             2.59901              0                     0
6     12     3.4886          20             2.63389              0                     0
6     12     3.4886          20             2.66878              0                     0
6     12     3.4886          20             2.70366              0                     0
6     12     3.4886          20             2.73855              0                     0
6     12     3.4886          20             2.77344              0                     0
6     12     3.4886          20             2.80832              0                     0
6     12     3.4886          20             2.84321              0                     0
6     12     3.4886          20             2.8781              0                     0
6     12     3.4886          20             2.91298              0                     0
6     12     3.4886          20             2.94787              0                     0
6     12     3.4886          20             2.98275              0                     0
6     12     3.4886          20             3.01764              0                     0
6     12     3.4886          20             3.05253              0                     0
6     12     3.4886          20             3.08741              0                     0
6     12     3.4886          20             3.1223              0                     0
6     12     3.4886          20             3.15718              0                     0
6     12     3.4886          20             3.19207              0                     0
6     12     3.4886          20             3.22696              0                     0
6     12     3.4886          20             3.26184              0                     0
6     12     3.4886          20             3.29673              0                     0
6     12     3.4886          20             3.33161              0                     0
6     12     3.4886          20             3.3665              0                     0
6     12     3.4886          20             3.40139              0                     0
6     12     3.4886          20             3.43627              0                     0
*******************************************************************************************************
 Average mean_angle 1.89169e+06 +- 6123.01 deg 
 Average E' 213039 +- 689.561 GeV 
