*******************************************************************************************************
Z     A     E(GeV)     Theta(deg)     Energy Loss(GeV)     Sigma(nb/sr/GeV)     ERROR     Citation     
*******************************************************************************************************
6     12     2.346          60             1.107              0                     0
6     12     2.346          60             1.121              0                     0
6     12     2.346          60             1.135              0                     0
6     12     2.346          60             1.149              0                     0
6     12     2.346          60             1.163              0.00344142                     0.00243345
6     12     2.346          60             1.177              0.00172071                     0.00172071
6     12     2.346          60             1.191              0.00172071                     0.00172071
6     12     2.346          60             1.205              0.012045                     0.00455257
6     12     2.346          60             1.219              0.0137657                     0.00486691
6     12     2.346          60             1.233              0.0344142                     0.00769525
6     12     2.346          60             1.247              0.0395764                     0.00825224
6     12     2.346          60             1.261              0.0739906                     0.0112835
6     12     2.346          60             1.275              0.132495                     0.0150992
6     12     2.346          60             1.289              0.125612                     0.0147018
6     12     2.346          60             1.303              0.209927                     0.0190059
6     12     2.346          60             1.317              0.247782                     0.0206485
6     12     2.346          60             1.331              0.340701                     0.0242126
6     12     2.346          60             1.345              0.433619                     0.0273154
6     12     2.346          60             1.359              0.542024                     0.0305396
6     12     2.346          60             1.373              0.767437                     0.0363392
6     12     2.346          60             1.387              0.884446                     0.0390112
6     12     2.346          60             1.401              1.14255                     0.0443396
6     12     2.346          60             1.415              1.4041                     0.0491533
6     12     2.346          60             1.429              1.62607                     0.0528961
6     12     2.346          60             1.443              2.0442                     0.0593084
6     12     2.346          60             1.457              2.43136                     0.0646813
6     12     2.346          60             1.471              2.85638                     0.0701071
6     12     2.346          60             1.485              3.36743                     0.0761208
6     12     2.346          60             1.499              3.89913                     0.0819102
6     12     2.346          60             1.513              4.44116                     0.0874182
6     12     2.346          60             1.527              5.03308                     0.0930617
6     12     2.346          60             1.541              5.74373                     0.0994148
6     12     2.346          60             1.555              6.72454                     0.107569
6     12     2.346          60             1.569              7.5522                     0.113996
6     12     2.346          60             1.583              8.46934                     0.12072
6     12     2.346          60             1.597              9.77708                     0.129706
6     12     2.346          60             1.611              10.5118                     0.134491
6     12     2.346          60             1.625              12.3822                     0.145967
6     12     2.346          60             1.639              13.7777                     0.153972
6     12     2.346          60             1.653              15.5432                     0.16354
6     12     2.346          60             1.667              17.011                     0.171088
6     12     2.346          60             1.681              18.8332                     0.180018
6     12     2.346          60             1.695              20.6107                     0.188322
6     12     2.346          60             1.709              22.9474                     0.19871
6     12     2.346          60             1.723              25.6231                     0.209976
6     12     2.346          60             1.737              28.4847                     0.221391
6     12     2.346          60             1.751              31.0588                     0.231178
6     12     2.346          60             1.765              27.3524                     0.216946
6     12     2.346          60             1.779              16.185                     0.166882
*******************************************************************************************************
 Average mean_angle 1.16519e+07 +- 26418.2 deg 
 Average E' 131477 +- 298.097 GeV 
