*******************************************************************************************************
Z     A     E(GeV)     Theta(deg)     Energy Loss(GeV)     Sigma(nb/sr/GeV)     ERROR     Citation     
*******************************************************************************************************
6     12     0.48          60             0.0012              0                     0
6     12     0.48          60             0.0036              0                     0
6     12     0.48          60             0.006              2.99812                     0.948088
6     12     0.48          60             0.0084              17.0893                     2.26353
6     12     0.48          60             0.0108              56.3646                     4.11081
6     12     0.48          60             0.0132              136.414                     6.39521
6     12     0.48          60             0.0156              223.66                     8.18876
6     12     0.48          60             0.018              319.599                     9.78875
6     12     0.48          60             0.0204              400.549                     10.9585
6     12     0.48          60             0.0228              470.105                     11.8719
6     12     0.48          60             0.0252              605.92                     13.4782
6     12     0.48          60             0.0276              714.452                     14.6356
6     12     0.48          60             0.03              854.164                     16.0028
6     12     0.48          60             0.0324              1046.64                     17.7143
6     12     0.48          60             0.0348              1242.72                     19.3024
6     12     0.48          60             0.0372              1451.09                     20.8579
6     12     0.48          60             0.0396              1703.83                     22.6015
6     12     0.48          60             0.042              1965.87                     24.2774
6     12     0.48          60             0.0444              2157.45                     25.4328
6     12     0.48          60             0.0468              2478.24                     27.2582
6     12     0.48          60             0.0492              2699.21                     28.4474
6     12     0.48          60             0.0516              3012.21                     30.0516
6     12     0.48          60             0.054              3254.46                     31.2366
6     12     0.48          60             0.0564              3610.93                     32.9029
6     12     0.48          60             0.0588              3832.5                     33.8973
6     12     0.48          60             0.0612              4071.75                     34.9393
6     12     0.48          60             0.0636              4375.15                     36.2177
6     12     0.48          60             0.066              4788.6                     37.8903
6     12     0.48          60             0.0684              4982.27                     38.649
6     12     0.48          60             0.0708              5294.68                     39.8423
6     12     0.48          60             0.0732              5535.43                     40.738
6     12     0.48          60             0.0756              5878.41                     41.9812
6     12     0.48          60             0.078              6062.5                     42.6334
6     12     0.48          60             0.0804              6343.12                     43.609
6     12     0.48          60             0.0828              6544.29                     44.2951
6     12     0.48          60             0.0852              6736.17                     44.9398
6     12     0.48          60             0.0876              6989.81                     45.778
6     12     0.48          60             0.09              7117.53                     46.1944
6     12     0.48          60             0.0924              7288.13                     46.7447
6     12     0.48          60             0.0948              7411.95                     47.1401
6     12     0.48          60             0.0972              7509.99                     47.4509
6     12     0.48          60             0.0996              7587.94                     47.6965
6     12     0.48          60             0.102              7641.9                     47.8658
6     12     0.48          60             0.1044              7689.87                     48.0158
6     12     0.48          60             0.1068              7769.03                     48.2623
6     12     0.48          60             0.1092              7786.71                     48.3172
6     12     0.48          60             0.1116              7649.4                     47.8893
6     12     0.48          60             0.114              7717.16                     48.1009
6     12     0.48          60             0.1164              7709.96                     48.0785
6     12     0.48          60             0.1188              7563.95                     47.621
6     12     0.48          60             0.1212              7494.7                     47.4025
6     12     0.48          60             0.1236              7397.86                     47.0953
6     12     0.48          60             0.126              7295.32                     46.7678
6     12     0.48          60             0.1284              7156.21                     46.3197
6     12     0.48          60             0.1308              7076.16                     46.0599
6     12     0.48          60             0.1332              6789.54                     45.1175
6     12     0.48          60             0.1356              6678.01                     44.7454
6     12     0.48          60             0.138              6492.13                     44.1182
6     12     0.48          60             0.1404              6274.16                     43.3713
6     12     0.48          60             0.1428              6151.24                     42.9443
6     12     0.48          60             0.1452              5882.61                     41.9961
6     12     0.48          60             0.1476              5755.19                     41.5388
6     12     0.48          60             0.15              5505.75                     40.6287
6     12     0.48          60             0.1524              5327.66                     39.9662
6     12     0.48          60             0.1548              5076.41                     39.0124
6     12     0.48          60             0.1572              4887.53                     38.2798
6     12     0.48          60             0.1596              4676.77                     37.4453
6     12     0.48          60             0.162              4439.91                     36.4848
6     12     0.48          60             0.1644              4217.75                     35.5603
6     12     0.48          60             0.1668              4012.98                     34.6863
6     12     0.48          60             0.1692              3806.11                     33.7804
6     12     0.48          60             0.1716              3654.41                     33.1004
6     12     0.48          60             0.174              3427.15                     32.0546
6     12     0.48          60             0.1764              3224.78                     31.0938
6     12     0.48          60             0.1788              3052.38                     30.2513
6     12     0.48          60             0.1812              2848.51                     29.2236
6     12     0.48          60             0.1836              2680.02                     28.3461
6     12     0.48          60             0.186              2507.33                     27.4176
6     12     0.48          60             0.1884              2312.75                     26.3323
6     12     0.48          60             0.1908              2178.13                     25.5545
6     12     0.48          60             0.1932              2039.32                     24.7268
6     12     0.48          60             0.1956              1935.59                     24.0897
6     12     0.48          60             0.198              1783.88                     23.1264
6     12     0.48          60             0.2004              1657.36                     22.2912
6     12     0.48          60             0.2028              1502.96                     21.2274
6     12     0.48          60             0.2052              1389.63                     20.4114
6     12     0.48          60             0.2076              1305.98                     19.7876
6     12     0.48          60             0.21              1238.22                     19.2674
6     12     0.48          60             0.2124              1120.1                     18.3253
6     12     0.48          60             0.2148              1042.75                     17.6813
6     12     0.48          60             0.2172              955.201                     16.9228
6     12     0.48          60             0.2196              872.752                     16.176
6     12     0.48          60             0.222              847.868                     15.9437
6     12     0.48          60             0.2244              745.033                     14.9456
6     12     0.48          60             0.2268              682.971                     14.3095
6     12     0.48          60             0.2292              626.007                     13.6998
6     12     0.48          60             0.2316              575.339                     13.1337
6     12     0.48          60             0.234              531.866                     12.6277
6     12     0.48          60             0.2364              487.794                     12.0932
6     12     0.48          60             0.2388              453.915                     11.6657
6     12     0.48          60             0.2412              408.943                     11.0728
6     12     0.48          60             0.2436              388.256                     10.7891
6     12     0.48          60             0.246              328.594                     9.92554
6     12     0.48          60             0.2484              309.706                     9.63605
6     12     0.48          60             0.2508              284.521                     9.23596
6     12     0.48          60             0.2532              273.129                     9.04915
6     12     0.48          60             0.2556              233.553                     8.36792
6     12     0.48          60             0.258              223.959                     8.19425
6     12     0.48          60             0.2604              202.973                     7.80087
6     12     0.48          60             0.2628              187.083                     7.4893
6     12     0.48          60             0.2652              173.591                     7.2142
6     12     0.48          60             0.2676              155.003                     6.81701
6     12     0.48          60             0.27              141.211                     6.50668
6     12     0.48          60             0.2724              125.921                     6.14432
6     12     0.48          60             0.2748              114.828                     5.86743
6     12     0.48          60             0.2772              99.5375                     5.46283
6     12     0.48          60             0.2796              83.0479                     4.98986
6     12     0.48          60             0.282              94.1409                     5.31268
6     12     0.48          60             0.2844              80.0498                     4.89897
6     12     0.48          60             0.2868              70.4558                     4.59603
6     12     0.48          60             0.2892              66.2584                     4.45702
6     12     0.48          60             0.2916              56.9643                     4.13262
6     12     0.48          60             0.294              60.562                     4.26113
6     12     0.48          60             0.2964              44.672                     3.65967
6     12     0.48          60             0.2988              48.2697                     3.80419
6     12     0.48          60             0.3012              36.577                     3.31153
6     12     0.48          60             0.3036              35.3778                     3.25679
6     12     0.48          60             0.306              29.9812                     2.99812
6     12     0.48          60             0.3084              26.0836                     2.79646
6     12     0.48          60             0.3108              29.3816                     2.96799
6     12     0.48          60             0.3132              20.9868                     2.50841
6     12     0.48          60             0.3156              19.4878                     2.41716
6     12     0.48          60             0.318              18.2885                     2.34161
6     12     0.48          60             0.3204              9.89379                     1.72229
6     12     0.48          60             0.3228              14.6908                     2.09868
6     12     0.48          60             0.3252              8.69454                     1.61454
6     12     0.48          60             0.3276              7.19549                     1.46877
6     12     0.48          60             0.33              10.7932                     1.79887
6     12     0.48          60             0.3324              4.49718                     1.16117
6     12     0.48          60             0.3348              6.89567                     1.43785
6     12     0.48          60             0.3372              7.4953                     1.49906
6     12     0.48          60             0.3396              4.79699                     1.19925
6     12     0.48          60             0.342              4.79699                     1.19925
6     12     0.48          60             0.3444              2.09868                     0.793228
6     12     0.48          60             0.3468              3.29793                     0.994364
6     12     0.48          60             0.3492              3.29793                     0.994364
6     12     0.48          60             0.3516              2.69831                     0.899436
6     12     0.48          60             0.354              1.49906                     0.6704
6     12     0.48          60             0.3564              1.19925                     0.599624
6     12     0.48          60             0.3588              0.299812                     0.299812
6     12     0.48          60             0.3612              1.79887                     0.734386
6     12     0.48          60             0.3636              0.899436                     0.519289
6     12     0.48          60             0.366              1.79887                     0.734386
6     12     0.48          60             0.3684              1.49906                     0.6704
6     12     0.48          60             0.3708              1.19925                     0.599624
6     12     0.48          60             0.3732              0                     0
6     12     0.48          60             0.3756              0.599624                     0.423998
6     12     0.48          60             0.378              1.19925                     0.599624
6     12     0.48          60             0.3804              0.599624                     0.423998
6     12     0.48          60             0.3828              1.19925                     0.599624
6     12     0.48          60             0.3852              0                     0
6     12     0.48          60             0.3876              0.299812                     0.299812
6     12     0.48          60             0.39              0.599624                     0.423998
6     12     0.48          60             0.3924              0                     0
6     12     0.48          60             0.3948              0                     0
6     12     0.48          60             0.3972              0                     0
6     12     0.48          60             0.3996              0.299812                     0.299812
6     12     0.48          60             0.402              0.299812                     0.299812
6     12     0.48          60             0.4044              0                     0
6     12     0.48          60             0.4068              0                     0
6     12     0.48          60             0.4092              0                     0
6     12     0.48          60             0.4116              0                     0
6     12     0.48          60             0.414              0                     0
6     12     0.48          60             0.4164              0                     0
6     12     0.48          60             0.4188              0                     0
6     12     0.48          60             0.4212              0                     0
6     12     0.48          60             0.4236              0                     0
6     12     0.48          60             0.426              0                     0
6     12     0.48          60             0.4284              0                     0
6     12     0.48          60             0.4308              0                     0
6     12     0.48          60             0.4332              0                     0
6     12     0.48          60             0.4356              0                     0
6     12     0.48          60             0.438              0                     0
6     12     0.48          60             0.4404              0                     0
6     12     0.48          60             0.4428              0                     0
6     12     0.48          60             0.4452              0                     0
6     12     0.48          60             0.4476              0                     0
6     12     0.48          60             0.45              0                     0
6     12     0.48          60             0.4524              0                     0
6     12     0.48          60             0.4548              0                     0
6     12     0.48          60             0.4572              0                     0
6     12     0.48          60             0.4596              0                     0
6     12     0.48          60             0.462              0                     0
6     12     0.48          60             0.4644              0                     0
6     12     0.48          60             0.4668              0                     0
6     12     0.48          60             0.4692              0                     0
6     12     0.48          60             0.4716              0                     0
6     12     0.48          60             0.474              0                     0
6     12     0.48          60             0.4764              0                     0
*******************************************************************************************************
 Average mean_angle 7.45774e+07 +- 66865.8 deg 
 Average E' 447820 +- 401.513 GeV 
