*******************************************************************************************************
Z     A     E(GeV)     Theta(deg)     Energy Loss(GeV)     Sigma(nb/sr/GeV)     ERROR     Citation     
*******************************************************************************************************
6     12     1.204          55             0.00301              0                     0
6     12     1.204          55             0.00903              0                     0
6     12     1.204          55             0.01505              0                     0
6     12     1.204          55             0.02107              0                     0
6     12     1.204          55             0.02709              0                     0
6     12     1.204          55             0.03311              0                     0
6     12     1.204          55             0.03913              0                     0
6     12     1.204          55             0.04515              0                     0
6     12     1.204          55             0.05117              0                     0
6     12     1.204          55             0.05719              0                     0
6     12     1.204          55             0.06321              0                     0
6     12     1.204          55             0.06923              0                     0
6     12     1.204          55             0.07525              0                     0
6     12     1.204          55             0.08127              0                     0
6     12     1.204          55             0.08729              0                     0
6     12     1.204          55             0.09331              0                     0
6     12     1.204          55             0.09933              0                     0
6     12     1.204          55             0.10535              0                     0
6     12     1.204          55             0.11137              0                     0
6     12     1.204          55             0.11739              0                     0
6     12     1.204          55             0.12341              0                     0
6     12     1.204          55             0.12943              0                     0
6     12     1.204          55             0.13545              0                     0
6     12     1.204          55             0.14147              0                     0
6     12     1.204          55             0.14749              0                     0
6     12     1.204          55             0.15351              0                     0
6     12     1.204          55             0.15953              0                     0
6     12     1.204          55             0.16555              0                     0
6     12     1.204          55             0.17157              0                     0
6     12     1.204          55             0.17759              0                     0
6     12     1.204          55             0.18361              0                     0
6     12     1.204          55             0.18963              0                     0
6     12     1.204          55             0.19565              0                     0
6     12     1.204          55             0.20167              0                     0
6     12     1.204          55             0.20769              0                     0
6     12     1.204          55             0.21371              0                     0
6     12     1.204          55             0.21973              0                     0
6     12     1.204          55             0.22575              0                     0
6     12     1.204          55             0.23177              0                     0
6     12     1.204          55             0.23779              0                     0
6     12     1.204          55             0.24381              0                     0
6     12     1.204          55             0.24983              0                     0
6     12     1.204          55             0.25585              0                     0
6     12     1.204          55             0.26187              0                     0
6     12     1.204          55             0.26789              0                     0
6     12     1.204          55             0.27391              0                     0
6     12     1.204          55             0.27993              0                     0
6     12     1.204          55             0.28595              0                     0
6     12     1.204          55             0.29197              0                     0
6     12     1.204          55             0.29799              0                     0
6     12     1.204          55             0.30401              0                     0
6     12     1.204          55             0.31003              0                     0
6     12     1.204          55             0.31605              0                     0
6     12     1.204          55             0.32207              0                     0
6     12     1.204          55             0.32809              0                     0
6     12     1.204          55             0.33411              0                     0
6     12     1.204          55             0.34013              0                     0
6     12     1.204          55             0.34615              0                     0
6     12     1.204          55             0.35217              0                     0
6     12     1.204          55             0.35819              0                     0
6     12     1.204          55             0.36421              0                     0
6     12     1.204          55             0.37023              0                     0
6     12     1.204          55             0.37625              0                     0
6     12     1.204          55             0.38227              0                     0
6     12     1.204          55             0.38829              0                     0
6     12     1.204          55             0.39431              0                     0
6     12     1.204          55             0.40033              0                     0
6     12     1.204          55             0.40635              0                     0
6     12     1.204          55             0.41237              0                     0
6     12     1.204          55             0.41839              0                     0
6     12     1.204          55             0.42441              0                     0
6     12     1.204          55             0.43043              0                     0
6     12     1.204          55             0.43645              0                     0
6     12     1.204          55             0.44247              0                     0
6     12     1.204          55             0.44849              4.91505                     4.91505
6     12     1.204          55             0.45451              4.91505                     4.91505
6     12     1.204          55             0.46053              4.91505                     4.91505
6     12     1.204          55             0.46655              0                     0
6     12     1.204          55             0.47257              4.91505                     4.91505
6     12     1.204          55             0.47859              14.7452                     8.51312
6     12     1.204          55             0.48461              9.8301                     6.95093
6     12     1.204          55             0.49063              19.6602                     9.8301
6     12     1.204          55             0.49665              9.8301                     6.95093
6     12     1.204          55             0.50267              14.7452                     8.51312
6     12     1.204          55             0.50869              14.7452                     8.51312
6     12     1.204          55             0.51471              29.4903                     12.0394
6     12     1.204          55             0.52073              29.4903                     12.0394
6     12     1.204          55             0.52675              39.3204                     13.9019
6     12     1.204          55             0.53277              24.5753                     10.9904
6     12     1.204          55             0.53879              19.6602                     9.8301
6     12     1.204          55             0.54481              39.3204                     13.9019
6     12     1.204          55             0.55083              29.4903                     12.0394
6     12     1.204          55             0.55685              34.4054                     13.004
6     12     1.204          55             0.56287              14.7452                     8.51312
6     12     1.204          55             0.56889              58.9806                     17.0262
6     12     1.204          55             0.57491              24.5753                     10.9904
6     12     1.204          55             0.58093              19.6602                     9.8301
6     12     1.204          55             0.58695              44.2355                     14.7452
6     12     1.204          55             0.59297              54.0656                     16.3014
6     12     1.204          55             0.59899              39.3204                     13.9019
6     12     1.204          55             0.60501              34.4054                     13.004
6     12     1.204          55             0.61103              88.4709                     20.8528
6     12     1.204          55             0.61705              103.216                     22.5236
6     12     1.204          55             0.62307              73.7258                     19.0359
6     12     1.204          55             0.62909              58.9806                     17.0262
6     12     1.204          55             0.63511              68.8107                     18.3904
6     12     1.204          55             0.64113              83.5559                     20.2653
6     12     1.204          55             0.64715              88.4709                     20.8528
6     12     1.204          55             0.65317              54.0656                     16.3014
6     12     1.204          55             0.65919              73.7258                     19.0359
6     12     1.204          55             0.66521              83.5559                     20.2653
6     12     1.204          55             0.67123              117.961                     24.0787
6     12     1.204          55             0.67725              49.1505                     15.5428
6     12     1.204          55             0.68327              98.301                     21.9808
6     12     1.204          55             0.68929              78.6408                     19.6602
6     12     1.204          55             0.69531              108.131                     23.0536
6     12     1.204          55             0.70133              88.4709                     20.8528
6     12     1.204          55             0.70735              122.876                     24.5753
6     12     1.204          55             0.71337              117.961                     24.0787
6     12     1.204          55             0.71939              172.027                     29.0778
6     12     1.204          55             0.72541              147.452                     26.9208
6     12     1.204          55             0.73143              93.386                     21.4242
6     12     1.204          55             0.73745              147.452                     26.9208
6     12     1.204          55             0.74347              147.452                     26.9208
6     12     1.204          55             0.74949              132.706                     25.5394
6     12     1.204          55             0.75551              167.112                     28.6594
6     12     1.204          55             0.76153              186.772                     30.2984
6     12     1.204          55             0.76755              127.791                     25.0619
6     12     1.204          55             0.77357              172.027                     29.0778
6     12     1.204          55             0.77959              157.282                     27.8037
6     12     1.204          55             0.78561              142.536                     26.4684
6     12     1.204          55             0.79163              167.112                     28.6594
6     12     1.204          55             0.79765              211.347                     32.2301
6     12     1.204          55             0.80367              196.602                     31.0855
6     12     1.204          55             0.80969              137.621                     26.008
6     12     1.204          55             0.81571              191.687                     30.6945
6     12     1.204          55             0.82173              186.772                     30.2984
6     12     1.204          55             0.82775              186.772                     30.2984
6     12     1.204          55             0.83377              162.197                     28.2348
6     12     1.204          55             0.83979              147.452                     26.9208
6     12     1.204          55             0.84581              181.857                     29.8971
6     12     1.204          55             0.85183              167.112                     28.6594
6     12     1.204          55             0.85785              245.753                     34.7547
6     12     1.204          55             0.86387              250.668                     35.1005
6     12     1.204          55             0.86989              152.367                     27.3658
6     12     1.204          55             0.87591              181.857                     29.8971
6     12     1.204          55             0.88193              191.687                     30.6945
6     12     1.204          55             0.88795              196.602                     31.0855
6     12     1.204          55             0.89397              201.517                     31.4717
6     12     1.204          55             0.89999              226.092                     33.3355
6     12     1.204          55             0.90601              226.092                     33.3355
6     12     1.204          55             0.91203              226.092                     33.3355
6     12     1.204          55             0.91805              206.432                     31.8532
6     12     1.204          55             0.92407              299.818                     38.3878
6     12     1.204          55             0.93009              260.498                     35.7821
6     12     1.204          55             0.93611              275.243                     36.7809
6     12     1.204          55             0.94213              216.262                     32.6028
6     12     1.204          55             0.94815              221.177                     32.9712
6     12     1.204          55             0.95417              240.837                     34.4054
6     12     1.204          55             0.96019              206.432                     31.8532
6     12     1.204          55             0.96621              285.073                     37.4319
6     12     1.204          55             0.97223              275.243                     36.7809
6     12     1.204          55             0.97825              235.922                     34.0525
6     12     1.204          55             0.98427              275.243                     36.7809
6     12     1.204          55             0.99029              260.498                     35.7821
6     12     1.204          55             0.99631              250.668                     35.1005
6     12     1.204          55             1.00233              289.988                     37.7532
6     12     1.204          55             1.00835              260.498                     35.7821
6     12     1.204          55             1.01437              324.393                     39.9301
6     12     1.204          55             1.02039              221.177                     32.9712
6     12     1.204          55             1.02641              265.413                     36.1181
6     12     1.204          55             1.03243              319.478                     39.6264
6     12     1.204          55             1.03845              289.988                     37.7532
6     12     1.204          55             1.04447              235.922                     34.0525
6     12     1.204          55             1.05049              289.988                     37.7532
6     12     1.204          55             1.05651              221.177                     32.9712
6     12     1.204          55             1.06253              245.753                     34.7547
6     12     1.204          55             1.06855              280.158                     37.1078
6     12     1.204          55             1.07457              181.857                     29.8971
6     12     1.204          55             1.08059              221.177                     32.9712
6     12     1.204          55             1.08661              206.432                     31.8532
6     12     1.204          55             1.09263              231.007                     33.6959
6     12     1.204          55             1.09865              172.027                     29.0778
6     12     1.204          55             1.10467              235.922                     34.0525
6     12     1.204          55             1.11069              275.243                     36.7809
6     12     1.204          55             1.11671              108.131                     23.0536
6     12     1.204          55             1.12273              0                     0
6     12     1.204          55             1.12875              0                     0
6     12     1.204          55             1.13477              0                     0
6     12     1.204          55             1.14079              0                     0
6     12     1.204          55             1.14681              0                     0
6     12     1.204          55             1.15283              0                     0
6     12     1.204          55             1.15885              0                     0
6     12     1.204          55             1.16487              0                     0
6     12     1.204          55             1.17089              0                     0
6     12     1.204          55             1.17691              0                     0
6     12     1.204          55             1.18293              0                     0
6     12     1.204          55             1.18895              0                     0
6     12     1.204          55             1.19497              0                     0
*******************************************************************************************************
 Average mean_angle 183452 +- 3174.78 deg 
 Average E' 1031.02 +- 17.8426 GeV 
