*******************************************************************************************************
Z     A     E(GeV)     Theta(deg)     Energy Loss(GeV)     Sigma(nb/sr/GeV)     ERROR     Citation     
*******************************************************************************************************
6     12     0.68          36             0.0034              56.4569                     3.15604
6     12     0.68          36             0.0102              1288.28                     15.0761
6     12     0.68          36             0.017              3446.7                     24.6596
6     12     0.68          36             0.0238              5876.99                     32.2004
6     12     0.68          36             0.0306              8698.78                     39.1753
6     12     0.68          36             0.0374              12463                     46.8917
6     12     0.68          36             0.0442              16469.9                     53.905
6     12     0.68          36             0.051              20175.6                     59.6619
6     12     0.68          36             0.0578              23546.6                     64.4537
6     12     0.68          36             0.0646              26588.7                     68.4909
6     12     0.68          36             0.0714              29094.4                     71.6454
6     12     0.68          36             0.0782              30664.6                     73.5533
6     12     0.68          36             0.085              31770.4                     74.8678
6     12     0.68          36             0.0918              32166.5                     75.3331
6     12     0.68          36             0.0986              31922                     75.0462
6     12     0.68          36             0.1054              31082.7                     74.0531
6     12     0.68          36             0.1122              29749.3                     72.4472
6     12     0.68          36             0.119              28294.6                     70.6538
6     12     0.68          36             0.1258              26310.2                     68.1311
6     12     0.68          36             0.1326              24158.6                     65.286
6     12     0.68          36             0.1394              21968.8                     62.2568
6     12     0.68          36             0.1462              19770.5                     59.0599
6     12     0.68          36             0.153              17550.2                     55.6448
6     12     0.68          36             0.1598              15568                     52.4083
6     12     0.68          36             0.1666              13688.5                     49.143
6     12     0.68          36             0.1734              11980.7                     45.9753
6     12     0.68          36             0.1802              10491.8                     43.0238
6     12     0.68          36             0.187              9390.2                     40.7025
6     12     0.68          36             0.1938              8287.35                     38.2377
6     12     0.68          36             0.2006              7524.12                     36.4344
6     12     0.68          36             0.2074              6919.5                     34.9399
6     12     0.68          36             0.2142              6380.52                     33.5515
6     12     0.68          36             0.221              6068.77                     32.7216
6     12     0.68          36             0.2278              5957.09                     32.4191
6     12     0.68          36             0.2346              5713.44                     31.7492
6     12     0.68          36             0.2414              5742.73                     31.8305
6     12     0.68          36             0.2482              5707.27                     31.732
6     12     0.68          36             0.255              5720.32                     31.7683
6     12     0.68          36             0.2618              5676.39                     31.6461
6     12     0.68          36             0.2686              5739.73                     31.8221
6     12     0.68          36             0.2754              5800.07                     31.989
6     12     0.68          36             0.2822              5790.01                     31.9612
6     12     0.68          36             0.289              5861.82                     32.1588
6     12     0.68          36             0.2958              5960.26                     32.4277
6     12     0.68          36             0.3026              6006.31                     32.5527
6     12     0.68          36             0.3094              6210.44                     33.1013
6     12     0.68          36             0.3162              6440.5                     33.7088
6     12     0.68          36             0.323              6546.01                     33.9838
6     12     0.68          36             0.3298              6810.65                     34.6639
6     12     0.68          36             0.3366              7071.41                     35.3213
6     12     0.68          36             0.3434              7325.82                     35.9511
6     12     0.68          36             0.3502              7644.98                     36.7258
6     12     0.68          36             0.357              7894.97                     37.3215
6     12     0.68          36             0.3638              8101.57                     37.8067
6     12     0.68          36             0.3706              8259.3                     38.1729
6     12     0.68          36             0.3774              8408.2                     38.5155
6     12     0.68          36             0.3842              8557.99                     38.857
6     12     0.68          36             0.391              8508.41                     38.7443
6     12     0.68          36             0.3978              8538.76                     38.8133
6     12     0.68          36             0.4046              8424.43                     38.5526
6     12     0.68          36             0.4114              8343.63                     38.3673
6     12     0.68          36             0.4182              8230.36                     38.106
6     12     0.68          36             0.425              8041.23                     37.6656
6     12     0.68          36             0.4318              7966.6                     37.4904
6     12     0.68          36             0.4386              7665.97                     36.7762
6     12     0.68          36             0.4454              7432.91                     36.2129
6     12     0.68          36             0.4522              7296.35                     35.8787
6     12     0.68          36             0.459              6951.61                     35.0208
6     12     0.68          36             0.4658              6729.67                     34.4572
6     12     0.68          36             0.4726              6530.13                     33.9426
6     12     0.68          36             0.4794              6229.49                     33.152
6     12     0.68          36             0.4862              5966.09                     32.4436
6     12     0.68          36             0.493              5750.49                     31.852
6     12     0.68          36             0.4998              5488.32                     31.1174
6     12     0.68          36             0.5066              5230.21                     30.3769
6     12     0.68          36             0.5134              4954.63                     29.5658
6     12     0.68          36             0.5202              4633.88                     28.5928
6     12     0.68          36             0.527              4247.5                     27.3748
6     12     0.68          36             0.5338              3929.76                     26.3309
6     12     0.68          36             0.5406              3706.57                     25.5723
6     12     0.68          36             0.5474              3562.79                     25.0714
6     12     0.68          36             0.5542              3422.88                     24.5742
6     12     0.68          36             0.561              3300.79                     24.132
6     12     0.68          36             0.5678              3178                     23.6788
6     12     0.68          36             0.5746              3097.55                     23.3772
6     12     0.68          36             0.5814              3050.09                     23.1974
6     12     0.68          36             0.5882              2974.05                     22.9064
6     12     0.68          36             0.595              2848.61                     22.4182
6     12     0.68          36             0.6018              1683.65                     17.2349
6     12     0.68          36             0.6086              239.413                     6.49916
6     12     0.68          36             0.6154              0                     0
6     12     0.68          36             0.6222              0                     0
6     12     0.68          36             0.629              0                     0
6     12     0.68          36             0.6358              0                     0
6     12     0.68          36             0.6426              0                     0
6     12     0.68          36             0.6494              0                     0
6     12     0.68          36             0.6562              0                     0
6     12     0.68          36             0.663              0                     0
6     12     0.68          36             0.6698              0                     0
*******************************************************************************************************
 Average angle 35.9393 +- 0.015855 deg 
 Average E' 0.463868 +- 0.00020464 GeV 
