*******************************************************************************************************
Z     A     E(GeV)     Theta(deg)     Energy Loss(GeV)     Sigma(nb/sr/GeV)     ERROR     Citation     
*******************************************************************************************************
6     12     0.4          60             0.002              0                     0
6     12     0.4          60             0.006              0                     0
6     12     0.4          60             0.01              0                     0
6     12     0.4          60             0.014              0                     0
6     12     0.4          60             0.018              0                     0
6     12     0.4          60             0.022              0                     0
6     12     0.4          60             0.026              0                     0
6     12     0.4          60             0.03              0                     0
6     12     0.4          60             0.034              0                     0
6     12     0.4          60             0.038              0                     0
6     12     0.4          60             0.042              0                     0
6     12     0.4          60             0.046              0                     0
6     12     0.4          60             0.05              0                     0
6     12     0.4          60             0.054              0                     0
6     12     0.4          60             0.058              0                     0
6     12     0.4          60             0.062              0                     0
6     12     0.4          60             0.066              0                     0
6     12     0.4          60             0.07              0                     0
6     12     0.4          60             0.074              0                     0
6     12     0.4          60             0.078              0                     0
6     12     0.4          60             0.082              0                     0
6     12     0.4          60             0.086              0                     0
6     12     0.4          60             0.09              0                     0
6     12     0.4          60             0.094              0                     0
6     12     0.4          60             0.098              0                     0
6     12     0.4          60             0.102              0                     0
6     12     0.4          60             0.106              0                     0
6     12     0.4          60             0.11              0                     0
6     12     0.4          60             0.114              0                     0
6     12     0.4          60             0.118              0                     0
6     12     0.4          60             0.122              0                     0
6     12     0.4          60             0.126              0                     0
6     12     0.4          60             0.13              0                     0
6     12     0.4          60             0.134              0                     0
6     12     0.4          60             0.138              0                     0
6     12     0.4          60             0.142              0                     0
6     12     0.4          60             0.146              0                     0
6     12     0.4          60             0.15              0                     0
6     12     0.4          60             0.154              0                     0
6     12     0.4          60             0.158              0                     0
6     12     0.4          60             0.162              0                     0
6     12     0.4          60             0.166              0.329222                     0.232795
6     12     0.4          60             0.17              1.31689                     0.46559
6     12     0.4          60             0.174              5.43216                     0.945617
6     12     0.4          60             0.178              15.1442                     1.57889
6     12     0.4          60             0.182              20.9056                     1.85507
6     12     0.4          60             0.186              39.1774                     2.53949
6     12     0.4          60             0.19              52.3462                     2.93543
6     12     0.4          60             0.194              77.3671                     3.56868
6     12     0.4          60             0.198              102.553                     4.10868
6     12     0.4          60             0.202              133.993                     4.69646
6     12     0.4          60             0.206              145.187                     4.88869
6     12     0.4          60             0.21              167.245                     5.24693
6     12     0.4          60             0.214              203.459                     5.78719
6     12     0.4          60             0.218              233.747                     6.20301
6     12     0.4          60             0.222              255.311                     6.48282
6     12     0.4          60             0.226              290.538                     6.91561
6     12     0.4          60             0.23              298.11                     7.00515
6     12     0.4          60             0.234              330.868                     7.38
6     12     0.4          60             0.238              357.205                     7.66811
6     12     0.4          60             0.242              361.979                     7.71917
6     12     0.4          60             0.246              372.185                     7.82724
6     12     0.4          60             0.25              400.663                     8.12117
6     12     0.4          60             0.254              408.235                     8.19755
6     12     0.4          60             0.258              424.367                     8.35795
6     12     0.4          60             0.262              431.116                     8.42415
6     12     0.4          60             0.266              449.058                     8.59766
6     12     0.4          60             0.27              434.572                     8.45785
6     12     0.4          60             0.274              453.173                     8.63697
6     12     0.4          60             0.278              449.223                     8.59924
6     12     0.4          60             0.282              443.461                     8.54392
6     12     0.4          60             0.286              444.943                     8.55818
6     12     0.4          60             0.29              443.461                     8.54392
6     12     0.4          60             0.294              423.543                     8.34984
6     12     0.4          60             0.298              433.914                     8.45144
6     12     0.4          60             0.302              420.91                     8.32384
6     12     0.4          60             0.306              406.424                     8.17935
6     12     0.4          60             0.31              411.198                     8.22725
6     12     0.4          60             0.314              391.938                     8.03226
6     12     0.4          60             0.318              369.387                     7.79776
6     12     0.4          60             0.322              347.987                     7.56852
6     12     0.4          60             0.326              341.073                     7.49295
6     12     0.4          60             0.33              324.448                     7.30805
6     12     0.4          60             0.334              304.036                     7.07443
6     12     0.4          60             0.338              293.501                     6.95079
6     12     0.4          60             0.342              261.237                     6.55763
6     12     0.4          60             0.346              251.196                     6.43036
6     12     0.4          60             0.35              117.861                     4.40468
6     12     0.4          60             0.354              0.493832                     0.285114
6     12     0.4          60             0.358              0                     0
6     12     0.4          60             0.362              0                     0
6     12     0.4          60             0.366              0                     0
6     12     0.4          60             0.37              0                     0
6     12     0.4          60             0.374              0                     0
6     12     0.4          60             0.378              0                     0
6     12     0.4          60             0.382              0                     0
6     12     0.4          60             0.386              0                     0
6     12     0.4          60             0.39              0                     0
6     12     0.4          60             0.394              0                     0
*******************************************************************************************************
 Average mean_angle 4.8624e+06 +- 17076.8 deg 
 Average E' 9985.49 +- 35.0692 GeV 
