*******************************************************************************************************
Z     A     E(GeV)     Theta(deg)     Energy Loss(GeV)     Sigma(nb/sr/GeV)     ERROR     Citation     
*******************************************************************************************************
6     12     0.36          60             0.0018              0.514274                     0.296916
6     12     0.36          60             0.0054              0.342849                     0.242431
6     12     0.36          60             0.009              3.25707                     0.747222
6     12     0.36          60             0.0126              7.02841                     1.09765
6     12     0.36          60             0.0162              10.114                     1.31674
6     12     0.36          60             0.0198              22.7995                     1.97696
6     12     0.36          60             0.0234              41.8276                     2.67774
6     12     0.36          60             0.027              60.3414                     3.21621
6     12     0.36          60             0.0306              83.4837                     3.78301
6     12     0.36          60             0.0342              113.483                     4.41064
6     12     0.36          60             0.0378              143.997                     4.96836
6     12     0.36          60             0.0414              179.653                     5.5495
6     12     0.36          60             0.045              208.281                     5.97532
6     12     0.36          60             0.0486              251.137                     6.56133
6     12     0.36          60             0.0522              294.165                     7.1012
6     12     0.36          60             0.0558              339.249                     7.62598
6     12     0.36          60             0.0594              369.248                     7.95602
6     12     0.36          60             0.063              423.247                     8.51792
6     12     0.36          60             0.0666              466.103                     8.93877
6     12     0.36          60             0.0702              494.388                     9.20599
6     12     0.36          60             0.0738              525.759                     9.49358
6     12     0.36          60             0.0774              561.93                     9.81471
6     12     0.36          60             0.081              632.557                     10.4132
6     12     0.36          60             0.0846              661.527                     10.649
6     12     0.36          60             0.0882              694.441                     10.9107
6     12     0.36          60             0.0918              723.926                     11.14
6     12     0.36          60             0.0954              760.611                     11.4187
6     12     0.36          60             0.099              805.352                     11.7498
6     12     0.36          60             0.1026              825.238                     11.8939
6     12     0.36          60             0.1062              876.665                     12.259
6     12     0.36          60             0.1098              915.75                     12.5292
6     12     0.36          60             0.1134              931.864                     12.639
6     12     0.36          60             0.117              962.892                     12.8477
6     12     0.36          60             0.1206              991.005                     13.0339
6     12     0.36          60             0.1242              1004.55                     13.1227
6     12     0.36          60             0.1278              1045.52                     13.3876
6     12     0.36          60             0.1314              1085.8                     13.6431
6     12     0.36          60             0.135              1131.23                     13.9255
6     12     0.36          60             0.1386              1165.17                     14.1329
6     12     0.36          60             0.1422              1191.74                     14.2931
6     12     0.36          60             0.1458              1217.8                     14.4486
6     12     0.36          60             0.1494              1281.23                     14.82
6     12     0.36          60             0.153              1259.8                     14.6956
6     12     0.36          60             0.1566              1289.97                     14.8705
6     12     0.36          60             0.1602              1360.43                     15.2712
6     12     0.36          60             0.1638              1424.54                     15.6269
6     12     0.36          60             0.1674              1416.14                     15.5808
6     12     0.36          60             0.171              1476.99                     15.912
6     12     0.36          60             0.1746              1487.96                     15.971
6     12     0.36          60             0.1782              1548.31                     16.2916
6     12     0.36          60             0.1818              1566.13                     16.3852
6     12     0.36          60             0.1854              1667.62                     16.9077
6     12     0.36          60             0.189              1724.02                     17.1912
6     12     0.36          60             0.1926              1714.25                     17.1425
6     12     0.36          60             0.1962              1770.64                     17.4222
6     12     0.36          60             0.1998              1839.04                     17.7555
6     12     0.36          60             0.2034              1904.53                     18.0688
6     12     0.36          60             0.207              1928.35                     18.1815
6     12     0.36          60             0.2106              1984.24                     18.4431
6     12     0.36          60             0.2142              1985.44                     18.4487
6     12     0.36          60             0.2178              2080.92                     18.8871
6     12     0.36          60             0.2214              2078.69                     18.8769
6     12     0.36          60             0.225              2106.46                     19.0026
6     12     0.36          60             0.2286              2137.32                     19.1413
6     12     0.36          60             0.2322              2164.58                     19.263
6     12     0.36          60             0.2358              2153.78                     19.2148
6     12     0.36          60             0.2394              2121.89                     19.0721
6     12     0.36          60             0.243              2118.81                     19.0582
6     12     0.36          60             0.2466              2148.81                     19.1927
6     12     0.36          60             0.2502              2117.78                     19.0536
6     12     0.36          60             0.2538              2028.47                     18.6475
6     12     0.36          60             0.2574              2018.7                     18.6025
6     12     0.36          60             0.261              1980.12                     18.424
6     12     0.36          60             0.2646              1926.64                     18.1734
6     12     0.36          60             0.2682              1877.44                     17.9399
6     12     0.36          60             0.2718              1807.67                     17.6034
6     12     0.36          60             0.2754              1751.27                     17.3266
6     12     0.36          60             0.279              1636.42                     16.7488
6     12     0.36          60             0.2826              1586.88                     16.4933
6     12     0.36          60             0.2862              1434.14                     15.6795
6     12     0.36          60             0.2898              1334.37                     15.1243
6     12     0.36          60             0.2934              764.553                     11.4483
6     12     0.36          60             0.297              451.875                     8.80128
6     12     0.36          60             0.3006              58.7986                     3.17483
6     12     0.36          60             0.3042              23.828                     2.02107
6     12     0.36          60             0.3078              0                     0
6     12     0.36          60             0.3114              0                     0
6     12     0.36          60             0.315              0                     0
6     12     0.36          60             0.3186              0                     0
6     12     0.36          60             0.3222              0                     0
6     12     0.36          60             0.3258              0                     0
6     12     0.36          60             0.3294              0                     0
6     12     0.36          60             0.333              0                     0
6     12     0.36          60             0.3366              0                     0
6     12     0.36          60             0.3402              0                     0
6     12     0.36          60             0.3438              0                     0
6     12     0.36          60             0.3474              0                     0
6     12     0.36          60             0.351              0                     0
6     12     0.36          60             0.3546              0                     0
*******************************************************************************************************
 Average mean_angle 3.31559e+07 +- 44594 deg 
 Average E' 90558.8 +- 121.8 GeV 
