*******************************************************************************************************
Z     A     E(GeV)     Theta(deg)     Energy Loss(GeV)     Sigma(nb/sr/GeV)     ERROR     Citation     
*******************************************************************************************************
6     12     0.32          90             0.0016              0                     0
6     12     0.32          90             0.0048              3.11668                     0.696911
6     12     0.32          90             0.008              42.5427                     2.5748
6     12     0.32          90             0.0112              107.214                     4.08749
6     12     0.32          90             0.0144              219.882                     5.85364
6     12     0.32          90             0.0176              330.68                     7.17853
6     12     0.32          90             0.0208              447.711                     8.35277
6     12     0.32          90             0.024              583.443                     9.53522
6     12     0.32          90             0.0272              731.485                     10.6766
6     12     0.32          90             0.0304              922.538                     11.9901
6     12     0.32          90             0.0336              1162.37                     13.4587
6     12     0.32          90             0.0368              1434.76                     14.9528
6     12     0.32          90             0.04              1675.06                     16.1565
6     12     0.32          90             0.0432              1974.57                     17.5416
6     12     0.32          90             0.0464              2250.24                     18.7261
6     12     0.32          90             0.0496              2512.2                     19.786
6     12     0.32          90             0.0528              2799.56                     20.887
6     12     0.32          90             0.056              3134.29                     22.1004
6     12     0.32          90             0.0592              3406.85                     23.0413
6     12     0.32          90             0.0624              3630.47                     23.7855
6     12     0.32          90             0.0656              3900.22                     24.6533
6     12     0.32          90             0.0688              4083.95                     25.2273
6     12     0.32          90             0.072              4272.35                     25.8027
6     12     0.32          90             0.0752              4507.03                     26.5019
6     12     0.32          90             0.0784              4645.42                     26.9057
6     12     0.32          90             0.0816              4737.51                     27.1711
6     12     0.32          90             0.0848              4776.94                     27.2839
6     12     0.32          90             0.088              4864.21                     27.532
6     12     0.32          90             0.0912              4848.16                     27.4865
6     12     0.32          90             0.0944              4917.66                     27.6828
6     12     0.32          90             0.0976              4795.17                     27.3359
6     12     0.32          90             0.1008              4775.85                     27.2808
6     12     0.32          90             0.104              4690.45                     27.0358
6     12     0.32          90             0.1072              4560.95                     26.6599
6     12     0.32          90             0.1104              4486                     26.44
6     12     0.32          90             0.1136              4325.33                     25.9622
6     12     0.32          90             0.1168              4147.68                     25.4234
6     12     0.32          90             0.12              3972.99                     24.8823
6     12     0.32          90             0.1232              3787.08                     24.2931
6     12     0.32          90             0.1264              3573.9                     23.5995
6     12     0.32          90             0.1296              3395.31                     23.0023
6     12     0.32          90             0.1328              3214.39                     22.3811
6     12     0.32          90             0.136              3023.03                     21.7046
6     12     0.32          90             0.1392              2797.07                     20.8777
6     12     0.32          90             0.1424              2651.52                     20.3272
6     12     0.32          90             0.1456              2459.69                     19.5781
6     12     0.32          90             0.1488              2258.97                     18.7623
6     12     0.32          90             0.152              2088.02                     18.0384
6     12     0.32          90             0.1552              1943.56                     17.4033
6     12     0.32          90             0.1584              1788.98                     16.6968
6     12     0.32          90             0.1616              1679.58                     16.1783
6     12     0.32          90             0.1648              1553.2                     15.5577
6     12     0.32          90             0.168              1481.67                     15.1952
6     12     0.32          90             0.1712              1356.54                     14.5394
6     12     0.32          90             0.1744              1253.37                     13.9756
6     12     0.32          90             0.1776              1239.97                     13.9007
6     12     0.32          90             0.1808              1168.29                     13.4929
6     12     0.32          90             0.184              1102.21                     13.1058
6     12     0.32          90             0.1872              1073.7                     12.9352
6     12     0.32          90             0.1904              1034.58                     12.6974
6     12     0.32          90             0.1936              1009.18                     12.5405
6     12     0.32          90             0.1968              1008.09                     12.5338
6     12     0.32          90             0.2              1004.04                     12.5085
6     12     0.32          90             0.2032              1038.17                     12.7193
6     12     0.32          90             0.2064              1043.31                     12.7508
6     12     0.32          90             0.2096              1046.74                     12.7717
6     12     0.32          90             0.2128              1059.52                     12.8495
6     12     0.32          90             0.216              1087.1                     13.0156
6     12     0.32          90             0.2192              1130.58                     13.2734
6     12     0.32          90             0.2224              1130.26                     13.2715
6     12     0.32          90             0.2256              1171.25                     13.51
6     12     0.32          90             0.2288              1199.77                     13.6735
6     12     0.32          90             0.232              1253.53                     13.9765
6     12     0.32          90             0.2352              1257.89                     14.0008
6     12     0.32          90             0.2384              1309.47                     14.285
6     12     0.32          90             0.2416              1327.4                     14.3824
6     12     0.32          90             0.2448              1341.26                     14.4573
6     12     0.32          90             0.248              1381.78                     14.6741
6     12     0.32          90             0.2512              1437.41                     14.9666
6     12     0.32          90             0.2544              1474.35                     15.1576
6     12     0.32          90             0.2576              1524.84                     15.415
6     12     0.32          90             0.2608              1578.76                     15.6852
6     12     0.32          90             0.264              1665.71                     16.1113
6     12     0.32          90             0.2672              1682.85                     16.194
6     12     0.32          90             0.2704              1793.34                     16.7172
6     12     0.32          90             0.2736              1877.18                     17.1035
6     12     0.32          90             0.2768              2037.53                     17.819
6     12     0.32          90             0.28              2144.43                     18.2805
6     12     0.32          90             0.2832              2072.59                     17.9717
6     12     0.32          90             0.2864              2046.88                     17.8598
6     12     0.32          90             0.2896              490.878                     8.74617
6     12     0.32          90             0.2928              0                     0
6     12     0.32          90             0.296              0                     0
6     12     0.32          90             0.2992              0                     0
6     12     0.32          90             0.3024              0                     0
6     12     0.32          90             0.3056              0                     0
6     12     0.32          90             0.3088              0                     0
6     12     0.32          90             0.312              0                     0
6     12     0.32          90             0.3152              0                     0
*******************************************************************************************************
 Average angle 89.9725 +- 0.0799755 deg 
 Average E' 0.187104 +- 0.000166315 GeV 
