*******************************************************************************************************
Z     A     E(GeV)     Theta(deg)     Energy Loss(GeV)     Sigma(nb/sr/GeV)     ERROR     Citation     
*******************************************************************************************************
6     12     2.3476          20             1.701              2171.77                     26.7286
6     12     2.3476          20             1.703              2205.32                     26.9343
6     12     2.3476          20             1.705              2178.68                     26.771
6     12     2.3476          20             1.707              2157.95                     26.6434
6     12     2.3476          20             1.709              2118.48                     26.3986
6     12     2.3476          20             1.711              2124.73                     26.4375
6     12     2.3476          20             1.713              2119.14                     26.4027
6     12     2.3476          20             1.715              2161.9                     26.6678
6     12     2.3476          20             1.717              2101.37                     26.2918
6     12     2.3476          20             1.719              2120.12                     26.4088
6     12     2.3476          20             1.721              2112.89                     26.3637
6     12     2.3476          20             1.723              2074.73                     26.1246
6     12     2.3476          20             1.725              2137.23                     26.5152
6     12     2.3476          20             1.727              2094.13                     26.2465
6     12     2.3476          20             1.729              2113.21                     26.3658
6     12     2.3476          20             1.731              2110.58                     26.3494
6     12     2.3476          20             1.733              2094.13                     26.2465
6     12     2.3476          20             1.735              2123.08                     26.4273
6     12     2.3476          20             1.737              2032.29                     25.856
6     12     2.3476          20             1.739              2055.65                     26.0042
6     12     2.3476          20             1.741              2074.73                     26.1246
6     12     2.3476          20             1.743              2082.62                     26.1742
6     12     2.3476          20             1.745              2080.32                     26.1598
6     12     2.3476          20             1.747              2080.65                     26.1618
6     12     2.3476          20             1.749              2063.87                     26.0561
6     12     2.3476          20             1.751              2015.19                     25.747
6     12     2.3476          20             1.753              2073.41                     26.1163
6     12     2.3476          20             1.755              2031.96                     25.8539
6     12     2.3476          20             1.757              2036.9                     25.8853
6     12     2.3476          20             1.759              2039.2                     25.8999
6     12     2.3476          20             1.761              2012.55                     25.7302
6     12     2.3476          20             1.763              2017.49                     25.7617
6     12     2.3476          20             1.765              2011.57                     25.7239
6     12     2.3476          20             1.767              1996.43                     25.6269
6     12     2.3476          20             1.769              1965.18                     25.4256
6     12     2.3476          20             1.771              1924.72                     25.1625
6     12     2.3476          20             1.773              1993.15                     25.6058
6     12     2.3476          20             1.775              2030.65                     25.8456
6     12     2.3476          20             1.777              2005.65                     25.686
6     12     2.3476          20             1.779              1930.97                     25.2033
6     12     2.3476          20             1.781              1967.16                     25.4383
6     12     2.3476          20             1.783              1947.42                     25.3104
6     12     2.3476          20             1.785              1994.13                     25.6121
6     12     2.3476          20             1.787              1915.84                     25.1043
6     12     2.3476          20             1.789              1970.78                     25.4617
6     12     2.3476          20             1.791              1934.92                     25.229
6     12     2.3476          20             1.793              1935.91                     25.2355
6     12     2.3476          20             1.795              1870.77                     24.8073
6     12     2.3476          20             1.797              1875.71                     24.84
*******************************************************************************************************
 Average angle 19.8695 +- 0.00598727 deg 
 Average E' 1.43261 +- 0.000431686 GeV 
