*******************************************************************************************************
Z     A     E(GeV)     Theta(deg)     Energy Loss(GeV)     Sigma(nb/sr/GeV)     ERROR     Citation     
*******************************************************************************************************
6     12     3.595          30.01             0.017975              0                     0
6     12     3.595          30.01             0.053925              0                     0
6     12     3.595          30.01             0.089875              0                     0
6     12     3.595          30.01             0.125825              0                     0
6     12     3.595          30.01             0.161775              0                     0
6     12     3.595          30.01             0.197725              0                     0
6     12     3.595          30.01             0.233675              0                     0
6     12     3.595          30.01             0.269625              0                     0
6     12     3.595          30.01             0.305575              0                     0
6     12     3.595          30.01             0.341525              0                     0
6     12     3.595          30.01             0.377475              0                     0
6     12     3.595          30.01             0.413425              0                     0
6     12     3.595          30.01             0.449375              0                     0
6     12     3.595          30.01             0.485325              0                     0
6     12     3.595          30.01             0.521275              0                     0
6     12     3.595          30.01             0.557225              0                     0
6     12     3.595          30.01             0.593175              0                     0
6     12     3.595          30.01             0.629125              0                     0
6     12     3.595          30.01             0.665075              0                     0
6     12     3.595          30.01             0.701025              0                     0
6     12     3.595          30.01             0.736975              0                     0
6     12     3.595          30.01             0.772925              0                     0
6     12     3.595          30.01             0.808875              0                     0
6     12     3.595          30.01             0.844825              0                     0
6     12     3.595          30.01             0.880775              0                     0
6     12     3.595          30.01             0.916725              0                     0
6     12     3.595          30.01             0.952675              0                     0
6     12     3.595          30.01             0.988625              0                     0
6     12     3.595          30.01             1.02458              0                     0
6     12     3.595          30.01             1.06053              0                     0
6     12     3.595          30.01             1.09648              0.0728142                     0.0728142
6     12     3.595          30.01             1.13243              0.0728142                     0.0728142
6     12     3.595          30.01             1.16838              0.5097                     0.192648
6     12     3.595          30.01             1.20433              0.873771                     0.252236
6     12     3.595          30.01             1.24028              1.82036                     0.364071
6     12     3.595          30.01             1.27623              2.62131                     0.436885
6     12     3.595          30.01             1.31218              4.80574                     0.591546
6     12     3.595          30.01             1.34813              5.6067                     0.638942
6     12     3.595          30.01             1.38408              7.35424                     0.731774
6     12     3.595          30.01             1.42003              9.39304                     0.827011
6     12     3.595          30.01             1.45598              13.4706                     0.990381
6     12     3.595          30.01             1.49193              14.8541                     1.04
6     12     3.595          30.01             1.52788              20.6792                     1.22709
6     12     3.595          30.01             1.56383              24.684                     1.34065
6     12     3.595          30.01             1.59978              28.5432                     1.44165
6     12     3.595          30.01             1.63573              37.7906                     1.65882
6     12     3.595          30.01             1.67168              40.5575                     1.71848
6     12     3.595          30.01             1.70763              49.8778                     1.90573
6     12     3.595          30.01             1.74358              57.6689                     2.04917
6     12     3.595          30.01             1.77953              66.6979                     2.20376
6     12     3.595          30.01             1.81548              73.688                     2.31636
6     12     3.595          30.01             1.85143              87.2315                     2.52026
6     12     3.595          30.01             1.88738              79.6588                     2.40838
6     12     3.595          30.01             1.92333              46.8196                     1.84638
6     12     3.595          30.01             1.95928              17.1842                     1.11859
6     12     3.595          30.01             1.99523              0.145628                     0.102975
6     12     3.595          30.01             2.03118              0                     0
6     12     3.595          30.01             2.06712              0                     0
6     12     3.595          30.01             2.10308              0                     0
6     12     3.595          30.01             2.13903              0                     0
6     12     3.595          30.01             2.17497              0                     0
6     12     3.595          30.01             2.21093              0                     0
6     12     3.595          30.01             2.24688              0                     0
6     12     3.595          30.01             2.28282              0                     0
6     12     3.595          30.01             2.31878              0                     0
6     12     3.595          30.01             2.35473              0                     0
6     12     3.595          30.01             2.39067              0                     0
6     12     3.595          30.01             2.42663              0                     0
6     12     3.595          30.01             2.46258              0                     0
6     12     3.595          30.01             2.49852              0                     0
6     12     3.595          30.01             2.53448              0                     0
6     12     3.595          30.01             2.57043              0                     0
6     12     3.595          30.01             2.60637              0                     0
6     12     3.595          30.01             2.64233              0                     0
6     12     3.595          30.01             2.67828              0                     0
6     12     3.595          30.01             2.71422              0                     0
6     12     3.595          30.01             2.75018              0                     0
6     12     3.595          30.01             2.78613              0                     0
6     12     3.595          30.01             2.82207              0                     0
6     12     3.595          30.01             2.85803              0                     0
6     12     3.595          30.01             2.89398              0                     0
6     12     3.595          30.01             2.92992              0                     0
6     12     3.595          30.01             2.96588              0                     0
6     12     3.595          30.01             3.00183              0                     0
6     12     3.595          30.01             3.03777              0                     0
6     12     3.595          30.01             3.07373              0                     0
6     12     3.595          30.01             3.10968              0                     0
6     12     3.595          30.01             3.14562              0                     0
6     12     3.595          30.01             3.18158              0                     0
6     12     3.595          30.01             3.21753              0                     0
6     12     3.595          30.01             3.25347              0                     0
6     12     3.595          30.01             3.28943              0                     0
6     12     3.595          30.01             3.32538              0                     0
6     12     3.595          30.01             3.36132              0                     0
6     12     3.595          30.01             3.39728              0                     0
6     12     3.595          30.01             3.43323              0                     0
6     12     3.595          30.01             3.46917              0                     0
6     12     3.595          30.01             3.50513              0                     0
6     12     3.595          30.01             3.54108              0                     0
*******************************************************************************************************
 Average mean_angle 284247 +- 2914.32 deg 
 Average E' 17637.2 +- 180.83 GeV 
