*******************************************************************************************************
Z     A     E(GeV)     Theta(deg)     Energy Loss(GeV)     Sigma(nb/sr/GeV)     ERROR     Citation     
*******************************************************************************************************
6     12     0.32          145             0.0016              0                     0
6     12     0.32          145             0.0048              0                     0
6     12     0.32          145             0.008              0                     0
6     12     0.32          145             0.0112              0                     0
6     12     0.32          145             0.0144              0                     0
6     12     0.32          145             0.0176              1.90182                     0.71882
6     12     0.32          145             0.0208              4.6187                     1.1202
6     12     0.32          145             0.024              5.97715                     1.27433
6     12     0.32          145             0.0272              11.9543                     1.80218
6     12     0.32          145             0.0304              18.4748                     2.2404
6     12     0.32          145             0.0336              19.8333                     2.32131
6     12     0.32          145             0.0368              30.1574                     2.86242
6     12     0.32          145             0.04              35.3195                     3.09773
6     12     0.32          145             0.0432              55.9678                     3.89946
6     12     0.32          145             0.0464              60.3149                     4.04807
6     12     0.32          145             0.0496              78.2463                     4.61071
6     12     0.32          145             0.0528              99.438                     5.19771
6     12     0.32          145             0.056              124.162                     5.80804
6     12     0.32          145             0.0592              147.799                     6.33681
6     12     0.32          145             0.0624              169.262                     6.78134
6     12     0.32          145             0.0656              205.668                     7.47514
6     12     0.32          145             0.0688              223.056                     7.78472
6     12     0.32          145             0.072              280.383                     8.72793
6     12     0.32          145             0.0752              304.835                     9.10055
6     12     0.32          145             0.0784              356.727                     9.84473
6     12     0.32          145             0.0816              413.51                     10.5993
6     12     0.32          145             0.0848              468.934                     11.2873
6     12     0.32          145             0.088              487.138                     11.5043
6     12     0.32          145             0.0912              593.911                     12.7027
6     12     0.32          145             0.0944              613.473                     12.9102
6     12     0.32          145             0.0976              698.783                     13.7787
6     12     0.32          145             0.1008              737.634                     14.1565
6     12     0.32          145             0.104              800.123                     14.744
6     12     0.32          145             0.1072              826.205                     14.9823
6     12     0.32          145             0.1104              894.67                     15.5908
6     12     0.32          145             0.1136              937.869                     15.9627
6     12     0.32          145             0.1168              971.83                     16.2492
6     12     0.32          145             0.12              1001.17                     16.4926
6     12     0.32          145             0.1232              1022.36                     16.6663
6     12     0.32          145             0.1264              1068.82                     17.0407
6     12     0.32          145             0.1296              1106.86                     17.3413
6     12     0.32          145             0.1328              1076.97                     17.1056
6     12     0.32          145             0.136              1098.16                     17.2731
6     12     0.32          145             0.1392              1066.38                     17.0212
6     12     0.32          145             0.1424              1021.82                     16.6618
6     12     0.32          145             0.1456              1058.23                     16.9561
6     12     0.32          145             0.1488              1022.64                     16.6685
6     12     0.32          145             0.152              979.437                     16.3126
6     12     0.32          145             0.1552              943.303                     16.0089
6     12     0.32          145             0.1584              901.191                     15.6475
6     12     0.32          145             0.1616              867.773                     15.3546
6     12     0.32          145             0.1648              846.581                     15.166
6     12     0.32          145             0.168              785.995                     14.6132
6     12     0.32          145             0.1712              744.698                     14.2241
6     12     0.32          145             0.1744              690.361                     13.6954
6     12     0.32          145             0.1776              631.676                     13.1003
6     12     0.32          145             0.1808              587.662                     12.6357
6     12     0.32          145             0.184              516.208                     11.8426
6     12     0.32          145             0.1872              516.752                     11.8489
6     12     0.32          145             0.1904              441.766                     10.9555
6     12     0.32          145             0.1936              380.636                     10.1693
6     12     0.32          145             0.1968              334.177                     9.52848
6     12     0.32          145             0.2              310.54                     9.18532
6     12     0.32          145             0.2032              281.741                     8.74905
6     12     0.32          145             0.2064              220.339                     7.73716
6     12     0.32          145             0.2096              220.611                     7.74193
6     12     0.32          145             0.2128              183.118                     7.05344
6     12     0.32          145             0.216              169.534                     6.78678
6     12     0.32          145             0.2192              143.995                     6.25474
6     12     0.32          145             0.2224              120.086                     5.71192
6     12     0.32          145             0.2256              107.045                     5.39286
6     12     0.32          145             0.2288              81.7782                     4.71362
6     12     0.32          145             0.232              74.171                     4.48903
6     12     0.32          145             0.2352              64.1185                     4.17376
6     12     0.32          145             0.2384              50.8058                     3.71528
6     12     0.32          145             0.2416              38.0364                     3.21466
6     12     0.32          145             0.2448              31.2442                     2.91353
6     12     0.32          145             0.248              27.7122                     2.74392
6     12     0.32          145             0.2512              21.7351                     2.43006
6     12     0.32          145             0.2544              14.1278                     1.95917
6     12     0.32          145             0.2576              14.3995                     1.97792
6     12     0.32          145             0.2608              11.4109                     1.76074
6     12     0.32          145             0.264              7.87897                     1.46309
6     12     0.32          145             0.2672              4.6187                     1.1202
6     12     0.32          145             0.2704              1.90182                     0.71882
6     12     0.32          145             0.2736              3.26026                     0.941157
6     12     0.32          145             0.2768              0.271689                     0.271689
6     12     0.32          145             0.28              1.63013                     0.665498
6     12     0.32          145             0.2832              0                     0
6     12     0.32          145             0.2864              0                     0
6     12     0.32          145             0.2896              0.271689                     0.271689
6     12     0.32          145             0.2928              0.271689                     0.271689
6     12     0.32          145             0.296              0                     0
6     12     0.32          145             0.2992              0                     0
6     12     0.32          145             0.3024              0                     0
6     12     0.32          145             0.3056              0                     0
6     12     0.32          145             0.3088              0                     0
6     12     0.32          145             0.312              0                     0
6     12     0.32          145             0.3152              0                     0
*******************************************************************************************************
 Average mean_angle 1.79268e+07 +- 50979.1 deg 
 Average E' 22521.1 +- 64.0441 GeV 
