*******************************************************************************************************
Z     A     E(GeV)     Theta(deg)     Energy Loss(GeV)     Sigma(nb/sr/GeV)     ERROR     Citation     
*******************************************************************************************************
6     12     0.4          36             0.002              36617.6                     94.2388
6     12     0.4          36             0.006              66101.3                     126.616
6     12     0.4          36             0.01              92131.6                     149.482
6     12     0.4          36             0.014              113898                     166.205
6     12     0.4          36             0.018              131454                     178.555
6     12     0.4          36             0.022              142646                     186.001
6     12     0.4          36             0.026              150480                     191.04
6     12     0.4          36             0.03              154809                     193.769
6     12     0.4          36             0.034              157662                     195.546
6     12     0.4          36             0.038              157769                     195.612
6     12     0.4          36             0.042              154963                     193.865
6     12     0.4          36             0.046              149700                     190.544
6     12     0.4          36             0.05              142631                     185.991
6     12     0.4          36             0.054              133281                     179.791
6     12     0.4          36             0.058              123351                     172.964
6     12     0.4          36             0.062              112417                     165.121
6     12     0.4          36             0.066              101620                     156.991
6     12     0.4          36             0.07              90635.7                     148.264
6     12     0.4          36             0.074              79687.7                     139.021
6     12     0.4          36             0.078              69304.9                     129.648
6     12     0.4          36             0.082              59917.7                     120.549
6     12     0.4          36             0.086              51155.5                     111.386
6     12     0.4          36             0.09              43147                     102.296
6     12     0.4          36             0.094              36060.7                     93.5195
6     12     0.4          36             0.098              29803.4                     85.0194
6     12     0.4          36             0.102              24452.6                     77.0101
6     12     0.4          36             0.106              19998.3                     69.6436
6     12     0.4          36             0.11              16108.5                     62.5048
6     12     0.4          36             0.114              12840.6                     55.8057
6     12     0.4          36             0.118              10320                     50.0294
6     12     0.4          36             0.122              8167.77                     44.5079
6     12     0.4          36             0.126              6374.48                     39.3195
6     12     0.4          36             0.13              5021.64                     34.8986
6     12     0.4          36             0.134              3866.46                     30.6226
6     12     0.4          36             0.138              3069.01                     27.2825
6     12     0.4          36             0.142              2375.12                     24.0009
6     12     0.4          36             0.146              1817.3                     20.9941
6     12     0.4          36             0.15              1388.98                     18.3541
6     12     0.4          36             0.154              1093.34                     16.284
6     12     0.4          36             0.158              856.383                     14.4118
6     12     0.4          36             0.162              677.394                     12.8176
6     12     0.4          36             0.166              511.016                     11.1327
6     12     0.4          36             0.17              415.943                     10.0439
6     12     0.4          36             0.174              320.143                     8.81165
6     12     0.4          36             0.178              252.962                     7.83271
6     12     0.4          36             0.182              211.974                     7.17011
6     12     0.4          36             0.186              171.228                     6.44425
6     12     0.4          36             0.19              128.3                     5.57825
6     12     0.4          36             0.194              98.4682                     4.8869
6     12     0.4          36             0.198              77.1254                     4.32498
6     12     0.4          36             0.202              64.2711                     3.94815
6     12     0.4          36             0.206              43.8984                     3.26294
6     12     0.4          36             0.21              41.9581                     3.19002
6     12     0.4          36             0.214              30.074                     2.70073
6     12     0.4          36             0.218              22.5555                     2.3389
6     12     0.4          36             0.222              16.9773                     2.02917
6     12     0.4          36             0.226              17.2198                     2.04362
6     12     0.4          36             0.23              11.6416                     1.68032
6     12     0.4          36             0.234              7.51851                     1.35036
6     12     0.4          36             0.238              8.24611                     1.4142
6     12     0.4          36             0.242              4.36559                     1.02898
6     12     0.4          36             0.246              3.15292                     0.874464
6     12     0.4          36             0.25              2.42533                     0.766955
6     12     0.4          36             0.254              2.18279                     0.727598
6     12     0.4          36             0.258              1.69773                     0.641681
6     12     0.4          36             0.262              0.485065                     0.342993
6     12     0.4          36             0.266              1.21266                     0.542319
6     12     0.4          36             0.27              0                     0
6     12     0.4          36             0.274              0.242533                     0.242533
6     12     0.4          36             0.278              0                     0
6     12     0.4          36             0.282              0                     0
6     12     0.4          36             0.286              0                     0
6     12     0.4          36             0.29              0                     0
6     12     0.4          36             0.294              0                     0
6     12     0.4          36             0.298              0                     0
6     12     0.4          36             0.302              0                     0
6     12     0.4          36             0.306              0                     0
6     12     0.4          36             0.31              0                     0
6     12     0.4          36             0.314              0                     0
6     12     0.4          36             0.318              0                     0
6     12     0.4          36             0.322              0                     0
6     12     0.4          36             0.326              0                     0
6     12     0.4          36             0.33              0                     0
6     12     0.4          36             0.334              0                     0
6     12     0.4          36             0.338              0                     0
6     12     0.4          36             0.342              0                     0
6     12     0.4          36             0.346              0                     0
6     12     0.4          36             0.35              0                     0
6     12     0.4          36             0.354              0                     0
6     12     0.4          36             0.358              0                     0
6     12     0.4          36             0.362              0                     0
6     12     0.4          36             0.366              0                     0
6     12     0.4          36             0.37              0                     0
6     12     0.4          36             0.374              0                     0
6     12     0.4          36             0.378              0                     0
6     12     0.4          36             0.382              0                     0
6     12     0.4          36             0.386              0                     0
6     12     0.4          36             0.39              0                     0
6     12     0.4          36             0.394              0                     0
*******************************************************************************************************
 Average mean_angle 4.00409e+08 +- 119960 deg 
 Average E' 3.9278e+06 +- 1176.74 GeV 
