*******************************************************************************************************
Z     A     E(GeV)     Theta(deg)     Energy Loss(GeV)     Sigma(nb/sr/GeV)     ERROR     Citation     
*******************************************************************************************************
6     12     3.4886          14             0.017443              0.14511                     0.14511
6     12     3.4886          14             0.052329              8.12618                     1.08591
6     12     3.4886          14             0.087215              50.2082                     2.69921
6     12     3.4886          14             0.122101              209.104                     5.50846
6     12     3.4886          14             0.156987              707.123                     10.1297
6     12     3.4886          14             0.191873              1827.67                     16.2854
6     12     3.4886          14             0.226759              3592.5                     22.8322
6     12     3.4886          14             0.261645              5728.52                     28.8317
6     12     3.4886          14             0.296531              7501.63                     32.9934
6     12     3.4886          14             0.331417              8645.97                     35.4206
6     12     3.4886          14             0.366303              9088.7                     36.3162
6     12     3.4886          14             0.401189              8930.24                     35.9982
6     12     3.4886          14             0.436075              8318.45                     34.7433
6     12     3.4886          14             0.470961              7626.57                     33.267
6     12     3.4886          14             0.505847              7197.33                     32.3173
6     12     3.4886          14             0.540733              7074.71                     32.0408
6     12     3.4886          14             0.575619              7111.71                     32.1245
6     12     3.4886          14             0.610505              7322.85                     32.5979
6     12     3.4886          14             0.645391              7377.7                     32.7197
6     12     3.4886          14             0.680277              7309.36                     32.5678
6     12     3.4886          14             0.715163              6986.92                     31.8414
6     12     3.4886          14             0.750049              6768.24                     31.3391
6     12     3.4886          14             0.784935              6546.65                     30.8219
6     12     3.4886          14             0.819821              6527.65                     30.7771
6     12     3.4886          14             0.854707              6462.06                     30.6221
6     12     3.4886          14             0.889593              6578.14                     30.8959
6     12     3.4886          14             0.924479              6896.37                     31.6344
6     12     3.4886          14             0.959365              7186.45                     32.2928
6     12     3.4886          14             0.994251              7509.32                     33.0103
6     12     3.4886          14             1.02914              7750.35                     33.5359
6     12     3.4886          14             1.06402              8109.78                     34.3047
6     12     3.4886          14             1.09891              8306.41                     34.7181
6     12     3.4886          14             1.1338              8401.89                     34.9171
6     12     3.4886          14             1.16868              8526.25                     35.1745
6     12     3.4886          14             1.20357              8454.13                     35.0255
6     12     3.4886          14             1.23845              8291.03                     34.6859
6     12     3.4886          14             1.27334              8213.68                     34.5238
6     12     3.4886          14             1.30823              7850.62                     33.7521
6     12     3.4886          14             1.34311              7588.4                     33.1837
6     12     3.4886          14             1.378              7231.72                     32.3944
6     12     3.4886          14             1.41288              6997.37                     31.8652
6     12     3.4886          14             1.44777              6629.37                     31.016
6     12     3.4886          14             1.48266              6307.37                     30.2533
6     12     3.4886          14             1.51754              6103.05                     29.7593
6     12     3.4886          14             1.55243              5837.07                     29.1036
6     12     3.4886          14             1.58731              5651.47                     28.6372
6     12     3.4886          14             1.6222              5471.97                     28.1787
6     12     3.4886          14             1.65709              5260.98                     27.6301
6     12     3.4886          14             1.69197              5064.21                     27.1085
6     12     3.4886          14             1.72686              4950.88                     26.8034
6     12     3.4886          14             1.76174              4794.01                     26.3754
6     12     3.4886          14             1.79663              4667.33                     26.0246
6     12     3.4886          14             1.83152              4562.27                     25.73
6     12     3.4886          14             1.8664              4484.64                     25.5101
6     12     3.4886          14             1.90129              4348.96                     25.1213
6     12     3.4886          14             1.93617              4004.47                     24.1058
6     12     3.4886          14             1.97106              3862.4                     23.6743
6     12     3.4886          14             2.00595              3778.09                     23.4145
6     12     3.4886          14             2.04083              3686.24                     23.1282
6     12     3.4886          14             2.07572              3610.78                     22.8902
6     12     3.4886          14             2.1106              3492.37                     22.5118
6     12     3.4886          14             2.14549              3367.87                     22.1068
6     12     3.4886          14             2.18038              3334.93                     21.9985
6     12     3.4886          14             2.21526              3213.47                     21.5942
6     12     3.4886          14             2.25015              3116.97                     21.2675
6     12     3.4886          14             2.28503              3032.23                     20.9764
6     12     3.4886          14             2.31992              2979.84                     20.7944
6     12     3.4886          14             2.35481              2837.78                     20.2926
6     12     3.4886          14             2.38969              2786.7                     20.1092
6     12     3.4886          14             2.42458              2716.18                     19.8531
6     12     3.4886          14             2.45946              2652.91                     19.6205
6     12     3.4886          14             2.49435              2475.87                     18.9545
6     12     3.4886          14             2.52923              2420.44                     18.7412
6     12     3.4886          14             2.56412              2382.28                     18.5928
6     12     3.4886          14             2.59901              2246.74                     18.0562
6     12     3.4886          14             2.63389              2223.53                     17.9626
6     12     3.4886          14             2.66878              2113.68                     17.5133
6     12     3.4886          14             2.70366              2069.27                     17.3284
6     12     3.4886          14             2.73855              1919.67                     16.6902
6     12     3.4886          14             2.77344              1894.85                     16.582
6     12     3.4886          14             2.80832              1803.87                     16.179
6     12     3.4886          14             2.84321              1744.37                     15.9099
6     12     3.4886          14             2.8781              1662.96                     15.5343
6     12     3.4886          14             2.91298              1550.07                     14.9977
6     12     3.4886          14             2.94787              1495.07                     14.7292
6     12     3.4886          14             2.98275              1376.52                     14.1332
6     12     3.4886          14             3.01764              1329.65                     13.8905
6     12     3.4886          14             3.05253              1235.32                     13.3887
6     12     3.4886          14             3.08741              1166.69                     13.0115
6     12     3.4886          14             3.1223              1081.94                     12.53
6     12     3.4886          14             3.15718              965.129                     11.8343
6     12     3.4886          14             3.19207              906.214                     11.4674
6     12     3.4886          14             3.22696              794.189                     10.7352
6     12     3.4886          14             3.26184              698.706                     10.0692
6     12     3.4886          14             3.29673              588.132                     9.23819
6     12     3.4886          14             3.33161              494.536                     8.47127
6     12     3.4886          14             3.3665              355.23                     7.17967
6     12     3.4886          14             3.40139              88.082                     3.57514
6     12     3.4886          14             3.43627              0                     0
*******************************************************************************************************
 Average angle 13.8138 +- 0.00803868 deg 
 Average E' 2.17179 +- 0.00126383 GeV 
