*******************************************************************************************************
Z     A     E(GeV)     Theta(deg)     Energy Loss(GeV)     Sigma(nb/sr/GeV)     ERROR     Citation     
*******************************************************************************************************
6     12     0.24          90             0.0012              163.493                     5.18307
6     12     0.24          90             0.0036              513.975                     9.18986
6     12     0.24          90             0.006              1002.48                     12.8344
6     12     0.24          90             0.0084              1548.17                     15.9495
6     12     0.24          90             0.0108              2153.67                     18.8117
6     12     0.24          90             0.0132              2726.14                     21.1647
6     12     0.24          90             0.0156              3327.86                     23.3841
6     12     0.24          90             0.018              3953.73                     25.4883
6     12     0.24          90             0.0204              4505.99                     27.2103
6     12     0.24          90             0.0228              5134.82                     29.0469
6     12     0.24          90             0.0252              5654.55                     30.4815
6     12     0.24          90             0.0276              6221.11                     31.9721
6     12     0.24          90             0.03              6707.48                     33.1984
6     12     0.24          90             0.0324              7314.95                     34.6692
6     12     0.24          90             0.0348              7974.18                     36.1977
6     12     0.24          90             0.0372              8550.92                     37.4838
6     12     0.24          90             0.0396              8967.62                     38.3863
6     12     0.24          90             0.042              9387.61                     39.2749
6     12     0.24          90             0.0444              9642.79                     39.8051
6     12     0.24          90             0.0468              10069                     40.6754
6     12     0.24          90             0.0492              10274.2                     41.0878
6     12     0.24          90             0.0516              10422.3                     41.3828
6     12     0.24          90             0.054              10449.9                     41.4375
6     12     0.24          90             0.0564              10507.9                     41.5524
6     12     0.24          90             0.0588              10430.3                     41.3987
6     12     0.24          90             0.0612              10344.7                     41.2285
6     12     0.24          90             0.0636              10258.3                     41.0559
6     12     0.24          90             0.066              10086.4                     40.7105
6     12     0.24          90             0.0684              9766.19                     40.059
6     12     0.24          90             0.0708              9564.08                     39.6423
6     12     0.24          90             0.0732              9197.82                     38.8759
6     12     0.24          90             0.0756              8874.45                     38.1864
6     12     0.24          90             0.078              8577.7                     37.5425
6     12     0.24          90             0.0804              8163.3                     36.6244
6     12     0.24          90             0.0828              7813.97                     35.8322
6     12     0.24          90             0.0852              7489.28                     35.0799
6     12     0.24          90             0.0876              7078.5                     34.1042
6     12     0.24          90             0.09              6604.29                     32.9421
6     12     0.24          90             0.0924              6214.37                     31.9548
6     12     0.24          90             0.0948              5801.12                     30.874
6     12     0.24          90             0.0972              5333.64                     29.604
6     12     0.24          90             0.0996              5016.85                     28.7113
6     12     0.24          90             0.102              4631.04                     27.5852
6     12     0.24          90             0.1044              4246.05                     26.4138
6     12     0.24          90             0.1068              3959.32                     25.5063
6     12     0.24          90             0.1092              3616.07                     24.3756
6     12     0.24          90             0.1116              3298.94                     23.2822
6     12     0.24          90             0.114              3002.68                     22.2122
6     12     0.24          90             0.1164              2794.82                     21.4296
6     12     0.24          90             0.1188              2550.98                     20.4735
6     12     0.24          90             0.1212              2330.47                     19.5686
6     12     0.24          90             0.1236              2142.49                     18.7628
6     12     0.24          90             0.126              1965.86                     17.9727
6     12     0.24          90             0.1284              1811.4                     17.2522
6     12     0.24          90             0.1308              1669.6                     16.5632
6     12     0.24          90             0.1332              1591.22                     16.1697
6     12     0.24          90             0.1356              1477.84                     15.583
6     12     0.24          90             0.138              1358.72                     14.9418
6     12     0.24          90             0.1404              1300.38                     14.6175
6     12     0.24          90             0.1428              1243.2                     14.2925
6     12     0.24          90             0.1452              1185.53                     13.9571
6     12     0.24          90             0.1476              1127.85                     13.6133
6     12     0.24          90             0.15              1118.49                     13.5567
6     12     0.24          90             0.1524              1092.36                     13.3974
6     12     0.24          90             0.1548              1071.33                     13.2678
6     12     0.24          90             0.1572              1048.33                     13.1246
6     12     0.24          90             0.1596              1058.18                     13.1862
6     12     0.24          90             0.162              1050.79                     13.14
6     12     0.24          90             0.1644              1051.12                     13.1421
6     12     0.24          90             0.1668              1054.08                     13.1605
6     12     0.24          90             0.1692              1059.83                     13.1964
6     12     0.24          90             0.1716              1086.12                     13.3591
6     12     0.24          90             0.174              1105.34                     13.4768
6     12     0.24          90             0.1764              1129.99                     13.6262
6     12     0.24          90             0.1788              1135.58                     13.6598
6     12     0.24          90             0.1812              1135.74                     13.6608
6     12     0.24          90             0.1836              1159.24                     13.8014
6     12     0.24          90             0.186              1182.41                     13.9387
6     12     0.24          90             0.1884              1222.99                     14.1759
6     12     0.24          90             0.1908              1211.82                     14.111
6     12     0.24          90             0.1932              1269.49                     14.4428
6     12     0.24          90             0.1956              1242.22                     14.2868
6     12     0.24          90             0.198              812.37                     11.5535
6     12     0.24          90             0.2004              4.6008                     0.86947
6     12     0.24          90             0.2028              0                     0
6     12     0.24          90             0.2052              0                     0
6     12     0.24          90             0.2076              0                     0
6     12     0.24          90             0.21              0                     0
6     12     0.24          90             0.2124              0                     0
6     12     0.24          90             0.2148              0                     0
6     12     0.24          90             0.2172              0                     0
6     12     0.24          90             0.2196              0                     0
6     12     0.24          90             0.222              0                     0
6     12     0.24          90             0.2244              0                     0
6     12     0.24          90             0.2268              0                     0
6     12     0.24          90             0.2292              0                     0
6     12     0.24          90             0.2316              0                     0
6     12     0.24          90             0.234              0                     0
6     12     0.24          90             0.2364              0                     0
*******************************************************************************************************
 Average angle 89.9716 +- 0.0604165 deg 
 Average E' 0.167248 +- 0.000112308 GeV 
