*******************************************************************************************************
Z     A     E(GeV)     Theta(deg)     Energy Loss(GeV)     Sigma(nb/sr/GeV)     ERROR     Citation     
*******************************************************************************************************
6     12     1.204          10.8             0.00602              0                     0
6     12     1.204          10.8             0.01806              0                     0
6     12     1.204          10.8             0.0301              0                     0
6     12     1.204          10.8             0.04214              0                     0
6     12     1.204          10.8             0.05418              0                     0
6     12     1.204          10.8             0.06622              0                     0
6     12     1.204          10.8             0.07826              0                     0
6     12     1.204          10.8             0.0903              0                     0
6     12     1.204          10.8             0.10234              0                     0
6     12     1.204          10.8             0.11438              0                     0
6     12     1.204          10.8             0.12642              0                     0
6     12     1.204          10.8             0.13846              0                     0
6     12     1.204          10.8             0.1505              0                     0
6     12     1.204          10.8             0.16254              0                     0
6     12     1.204          10.8             0.17458              214.865                     48.0453
6     12     1.204          10.8             0.18662              440.474                     68.7905
6     12     1.204          10.8             0.19866              934.664                     100.206
6     12     1.204          10.8             0.2107              1869.33                     141.713
6     12     1.204          10.8             0.22274              3018.86                     180.09
6     12     1.204          10.8             0.23478              4931.16                     230.167
6     12     1.204          10.8             0.24682              7756.64                     288.672
6     12     1.204          10.8             0.25886              12032.5                     359.538
6     12     1.204          10.8             0.2709              18747                     448.78
6     12     1.204          10.8             0.28294              27996.9                     548.433
6     12     1.204          10.8             0.29498              40244.3                     657.537
6     12     1.204          10.8             0.30702              54812.1                     767.373
6     12     1.204          10.8             0.31906              71786.5                     878.192
6     12     1.204          10.8             0.3311              84517.3                     952.886
6     12     1.204          10.8             0.34314              96829                     1019.93
6     12     1.204          10.8             0.35518              105112                     1062.66
6     12     1.204          10.8             0.36722              106154                     1067.91
6     12     1.204          10.8             0.37926              106025                     1067.27
6     12     1.204          10.8             0.3913              102448                     1049.11
6     12     1.204          10.8             0.40334              99192.6                     1032.3
6     12     1.204          10.8             0.41538              92800.3                     998.488
6     12     1.204          10.8             0.42742              84195                     951.067
6     12     1.204          10.8             0.43946              78017.6                     915.513
6     12     1.204          10.8             0.4515              71840.2                     878.52
6     12     1.204          10.8             0.46354              64867.8                     834.801
6     12     1.204          10.8             0.47558              58733.4                     794.348
6     12     1.204          10.8             0.48762              53791.5                     760.195
6     12     1.204          10.8             0.49966              50504.1                     736.599
6     12     1.204          10.8             0.5117              45809.3                     701.528
6     12     1.204          10.8             0.52374              41329.3                     666.342
6     12     1.204          10.8             0.53578              37687.4                     636.306
6     12     1.204          10.8             0.54782              36462.6                     625.882
6     12     1.204          10.8             0.55986              33798.3                     602.581
6     12     1.204          10.8             0.5719              30629                     573.634
6     12     1.204          10.8             0.58394              29372.1                     561.74
6     12     1.204          10.8             0.59598              26729.2                     535.872
6     12     1.204          10.8             0.60802              25117.7                     519.468
6     12     1.204          10.8             0.62006              23817.8                     505.847
6     12     1.204          10.8             0.6321              22474.9                     491.38
6     12     1.204          10.8             0.64414              22313.8                     489.615
6     12     1.204          10.8             0.65618              21432.8                     479.852
6     12     1.204          10.8             0.66822              20788.2                     472.581
6     12     1.204          10.8             0.68026              19928.8                     462.709
6     12     1.204          10.8             0.6923              19176.7                     453.895
6     12     1.204          10.8             0.70434              18704                     448.266
6     12     1.204          10.8             0.71638              17425.6                     432.675
6     12     1.204          10.8             0.72842              17038.8                     427.846
6     12     1.204          10.8             0.74046              15137.3                     403.266
6     12     1.204          10.8             0.7525              13558                     381.651
6     12     1.204          10.8             0.76454              12150.6                     361.3
6     12     1.204          10.8             0.77658              10925.9                     342.607
6     12     1.204          10.8             0.78862              8895.42                     309.137
6     12     1.204          10.8             0.80066              6660.82                     267.505
6     12     1.204          10.8             0.8127              4834.47                     227.899
6     12     1.204          10.8             0.82474              3244.47                     186.698
6     12     1.204          10.8             0.83678              1095.81                     108.502
6     12     1.204          10.8             0.84882              0                     0
6     12     1.204          10.8             0.86086              0                     0
6     12     1.204          10.8             0.8729              0                     0
6     12     1.204          10.8             0.88494              0                     0
6     12     1.204          10.8             0.89698              0                     0
6     12     1.204          10.8             0.90902              0                     0
6     12     1.204          10.8             0.92106              0                     0
6     12     1.204          10.8             0.9331              0                     0
6     12     1.204          10.8             0.94514              0                     0
6     12     1.204          10.8             0.95718              0                     0
6     12     1.204          10.8             0.96922              0                     0
6     12     1.204          10.8             0.98126              0                     0
6     12     1.204          10.8             0.9933              0                     0
6     12     1.204          10.8             1.00534              0                     0
6     12     1.204          10.8             1.01738              0                     0
6     12     1.204          10.8             1.02942              0                     0
6     12     1.204          10.8             1.04146              0                     0
6     12     1.204          10.8             1.0535              0                     0
6     12     1.204          10.8             1.06554              0                     0
6     12     1.204          10.8             1.07758              0                     0
6     12     1.204          10.8             1.08962              0                     0
6     12     1.204          10.8             1.10166              0                     0
6     12     1.204          10.8             1.1137              0                     0
6     12     1.204          10.8             1.12574              0                     0
6     12     1.204          10.8             1.13778              0                     0
6     12     1.204          10.8             1.14982              0                     0
6     12     1.204          10.8             1.16186              0                     0
6     12     1.204          10.8             1.1739              0                     0
6     12     1.204          10.8             1.18594              0                     0
*******************************************************************************************************
 Average angle 2.09517e+06 +- 4754.37 deg 
 Average E' 145763 +- 330.766 GeV 
