*******************************************************************************************************
Z     A     E(GeV)     Theta(deg)     Energy Loss(GeV)     Sigma(nb/sr/GeV)     ERROR     Citation     
*******************************************************************************************************
6     12     1.108          37.5             0.00554              0                     0
6     12     1.108          37.5             0.01662              0.141794                     0.141794
6     12     1.108          37.5             0.0277              0.141794                     0.141794
6     12     1.108          37.5             0.03878              0.708972                     0.317062
6     12     1.108          37.5             0.04986              2.12692                     0.549167
6     12     1.108          37.5             0.06094              4.39562                     0.789478
6     12     1.108          37.5             0.07202              8.64946                     1.10745
6     12     1.108          37.5             0.0831              12.1943                     1.31495
6     12     1.108          37.5             0.09418              19.993                     1.68371
6     12     1.108          37.5             0.10526              27.3663                     1.96987
6     12     1.108          37.5             0.11634              41.1204                     2.41467
6     12     1.108          37.5             0.12742              56.2924                     2.82523
6     12     1.108          37.5             0.1385              65.6508                     3.05105
6     12     1.108          37.5             0.14958              85.502                     3.48191
6     12     1.108          37.5             0.16066              100.39                     3.7729
6     12     1.108          37.5             0.17174              124.354                     4.19912
6     12     1.108          37.5             0.18282              144.063                     4.51966
6     12     1.108          37.5             0.1939              175.116                     4.98302
6     12     1.108          37.5             0.20498              200.639                     5.33381
6     12     1.108          37.5             0.21606              231.692                     5.73172
6     12     1.108          37.5             0.22714              265.014                     6.13004
6     12     1.108          37.5             0.23822              317.478                     6.70944
6     12     1.108          37.5             0.2493              354.06                     7.08546
6     12     1.108          37.5             0.26038              396.882                     7.50171
6     12     1.108          37.5             0.27146              443.533                     7.93035
6     12     1.108          37.5             0.28254              511.736                     8.51829
6     12     1.108          37.5             0.29362              567.603                     8.97122
6     12     1.108          37.5             0.3047              640.627                     9.53086
6     12     1.108          37.5             0.31578              701.457                     9.97309
6     12     1.108          37.5             0.32686              774.623                     10.4803
6     12     1.108          37.5             0.33794              828.93                     10.8415
6     12     1.108          37.5             0.34902              847.505                     10.9623
6     12     1.108          37.5             0.3601              878.416                     11.1604
6     12     1.108          37.5             0.37118              900.961                     11.3027
6     12     1.108          37.5             0.38226              879.409                     11.1667
6     12     1.108          37.5             0.39334              859.983                     11.0427
6     12     1.108          37.5             0.40442              846.938                     10.9586
6     12     1.108          37.5             0.4155              819.997                     10.7829
6     12     1.108          37.5             0.42658              782.421                     10.5329
6     12     1.108          37.5             0.43766              722.442                     10.1212
6     12     1.108          37.5             0.44874              673.523                     9.7725
6     12     1.108          37.5             0.45982              597.38                     9.20353
6     12     1.108          37.5             0.4709              529.46                     8.66455
6     12     1.108          37.5             0.48198              487.205                     8.31162
6     12     1.108          37.5             0.49306              429.353                     7.80256
6     12     1.108          37.5             0.50414              393.338                     7.46814
6     12     1.108          37.5             0.51522              352.501                     7.06984
6     12     1.108          37.5             0.5263              306.418                     6.59153
6     12     1.108          37.5             0.53738              268.133                     6.16602
6     12     1.108          37.5             0.54846              257.215                     6.03917
6     12     1.108          37.5             0.55954              228.289                     5.68947
6     12     1.108          37.5             0.57062              225.878                     5.65935
6     12     1.108          37.5             0.5817              230.841                     5.72119
6     12     1.108          37.5             0.59278              219.923                     5.58425
6     12     1.108          37.5             0.60386              229.565                     5.70535
6     12     1.108          37.5             0.61494              228.431                     5.69124
6     12     1.108          37.5             0.62602              217.654                     5.55537
6     12     1.108          37.5             0.6371              233.819                     5.75797
6     12     1.108          37.5             0.64818              229.849                     5.70887
6     12     1.108          37.5             0.65926              221.199                     5.60043
6     12     1.108          37.5             0.67034              226.587                     5.66823
6     12     1.108          37.5             0.68142              217.654                     5.55537
6     12     1.108          37.5             0.6925              204.893                     5.39005
6     12     1.108          37.5             0.70358              210.706                     5.46598
6     12     1.108          37.5             0.71466              213.826                     5.5063
6     12     1.108          37.5             0.72574              198.37                     5.30356
6     12     1.108          37.5             0.73682              194.4                     5.25022
6     12     1.108          37.5             0.7479              204.184                     5.38072
6     12     1.108          37.5             0.75898              213.684                     5.50447
6     12     1.108          37.5             0.77006              202.341                     5.35637
6     12     1.108          37.5             0.78114              186.176                     5.13797
6     12     1.108          37.5             0.79222              192.699                     5.22719
6     12     1.108          37.5             0.8033              203.333                     5.3695
6     12     1.108          37.5             0.81438              200.639                     5.33381
6     12     1.108          37.5             0.82546              190.43                     5.19633
6     12     1.108          37.5             0.83654              191.564                     5.21179
6     12     1.108          37.5             0.84762              188.87                     5.17501
6     12     1.108          37.5             0.8587              188.586                     5.17112
6     12     1.108          37.5             0.86978              204.326                     5.38259
6     12     1.108          37.5             0.88086              182.206                     5.08289
6     12     1.108          37.5             0.89194              184.191                     5.1105
6     12     1.108          37.5             0.90302              186.176                     5.13797
6     12     1.108          37.5             0.9141              188.445                     5.16918
6     12     1.108          37.5             0.92518              193.833                     5.24256
6     12     1.108          37.5             0.93626              170.579                     4.91804
6     12     1.108          37.5             0.94734              111.876                     3.98288
6     12     1.108          37.5             0.95842              44.807                     2.52059
6     12     1.108          37.5             0.9695              6.38075                     0.951185
6     12     1.108          37.5             0.98058              0                     0
6     12     1.108          37.5             0.99166              0                     0
6     12     1.108          37.5             1.00274              0                     0
6     12     1.108          37.5             1.01382              0                     0
6     12     1.108          37.5             1.0249              0                     0
6     12     1.108          37.5             1.03598              0                     0
6     12     1.108          37.5             1.04706              0                     0
6     12     1.108          37.5             1.05814              0                     0
6     12     1.108          37.5             1.06922              0                     0
6     12     1.108          37.5             1.0803              0                     0
6     12     1.108          37.5             1.09138              0                     0
*******************************************************************************************************
 Average mean_angle 6.94277e+06 +- 16120 deg 
 Average E' 117552 +- 272.937 GeV 
