*******************************************************************************************************
Z     A     E(GeV)     Theta(deg)     Energy Loss(GeV)     Sigma(nb/sr/GeV)     ERROR     Citation     
*******************************************************************************************************
6     12     3.4886          20             0.017443              0                     0
6     12     3.4886          20             0.052329              0                     0
6     12     3.4886          20             0.087215              0                     0
6     12     3.4886          20             0.122101              0                     0
6     12     3.4886          20             0.156987              0                     0
6     12     3.4886          20             0.191873              0                     0
6     12     3.4886          20             0.226759              0                     0
6     12     3.4886          20             0.261645              0                     0
6     12     3.4886          20             0.296531              0                     0
6     12     3.4886          20             0.331417              0                     0
6     12     3.4886          20             0.366303              0                     0
6     12     3.4886          20             0.401189              0                     0
6     12     3.4886          20             0.436075              0                     0
6     12     3.4886          20             0.470961              0                     0
6     12     3.4886          20             0.505847              0                     0
6     12     3.4886          20             0.540733              0                     0
6     12     3.4886          20             0.575619              0                     0
6     12     3.4886          20             0.610505              0                     0
6     12     3.4886          20             0.645391              0                     0
6     12     3.4886          20             0.680277              0                     0
6     12     3.4886          20             0.715163              0                     0
6     12     3.4886          20             0.750049              0                     0
6     12     3.4886          20             0.784935              0                     0
6     12     3.4886          20             0.819821              0                     0
6     12     3.4886          20             0.854707              0                     0
6     12     3.4886          20             0.889593              0                     0
6     12     3.4886          20             0.924479              0                     0
6     12     3.4886          20             0.959365              0                     0
6     12     3.4886          20             0.994251              0                     0
6     12     3.4886          20             1.02914              0                     0
6     12     3.4886          20             1.06402              0                     0
6     12     3.4886          20             1.09891              0                     0
6     12     3.4886          20             1.1338              0                     0
6     12     3.4886          20             1.16868              0                     0
6     12     3.4886          20             1.20357              0                     0
6     12     3.4886          20             1.23845              0                     0
6     12     3.4886          20             1.27334              0                     0
6     12     3.4886          20             1.30823              0                     0
6     12     3.4886          20             1.34311              0                     0
6     12     3.4886          20             1.378              0                     0
6     12     3.4886          20             1.41288              0                     0
6     12     3.4886          20             1.44777              5.54263                     0.754256
6     12     3.4886          20             1.48266              279.8                     5.35901
6     12     3.4886          20             1.51754              650.746                     8.17272
6     12     3.4886          20             1.55243              988.743                     10.074
6     12     3.4886          20             1.58731              1129.05                     10.7651
6     12     3.4886          20             1.6222              1184.89                     11.0281
6     12     3.4886          20             1.65709              1205.83                     11.1251
6     12     3.4886          20             1.69197              1244.53                     11.3022
6     12     3.4886          20             1.72686              1228.51                     11.2293
6     12     3.4886          20             1.76174              1279.22                     11.4586
6     12     3.4886          20             1.79663              1270.6                     11.42
6     12     3.4886          20             1.83152              1263.82                     11.3895
6     12     3.4886          20             1.8664              1262.18                     11.3821
6     12     3.4886          20             1.90129              1252.84                     11.3399
6     12     3.4886          20             1.93617              1258.59                     11.3659
6     12     3.4886          20             1.97106              1263.21                     11.3867
6     12     3.4886          20             2.00595              1237.24                     11.2691
6     12     3.4886          20             2.04083              1230.05                     11.2363
6     12     3.4886          20             2.07572              1214.55                     11.1653
6     12     3.4886          20             2.1106              1228.31                     11.2283
6     12     3.4886          20             2.14549              1192.59                     11.0639
6     12     3.4886          20             2.18038              1181.91                     11.0142
6     12     3.4886          20             2.21526              1165.18                     10.936
6     12     3.4886          20             2.25015              1157.28                     10.8988
6     12     3.4886          20             2.28503              1140.45                     10.8193
6     12     3.4886          20             2.31992              1102.37                     10.6371
6     12     3.4886          20             2.35481              1120.33                     10.7234
6     12     3.4886          20             2.38969              1090.67                     10.5805
6     12     3.4886          20             2.42458              1089.84                     10.5765
6     12     3.4886          20             2.45946              1083.99                     10.5481
6     12     3.4886          20             2.49435              1053.92                     10.4008
6     12     3.4886          20             2.52923              1039.35                     10.3286
6     12     3.4886          20             2.56412              1000.14                     10.1319
6     12     3.4886          20             2.59901              1013.48                     10.1993
6     12     3.4886          20             2.63389              960.825                     9.93077
6     12     3.4886          20             2.66878              970.678                     9.98157
6     12     3.4886          20             2.70366              980.019                     10.0295
6     12     3.4886          20             2.73855              956.514                     9.90847
6     12     3.4886          20             2.77344              903.551                     9.63024
6     12     3.4886          20             2.80832              878.507                     9.49584
6     12     3.4886          20             2.84321              860.442                     9.3977
6     12     3.4886          20             2.8781              842.89                     9.30136
6     12     3.4886          20             2.91298              820.617                     9.17764
6     12     3.4886          20             2.94787              798.96                     9.05573
6     12     3.4886          20             2.98275              751.334                     8.78168
6     12     3.4886          20             3.01764              715.82                     8.57162
6     12     3.4886          20             3.05253              697.345                     8.46028
6     12     3.4886          20             3.08741              651.156                     8.1753
6     12     3.4886          20             3.1223              618.106                     7.96512
6     12     3.4886          20             3.15718              574.175                     7.67685
6     12     3.4886          20             3.19207              540.714                     7.4498
6     12     3.4886          20             3.22696              498.426                     7.15256
6     12     3.4886          20             3.26184              451.416                     6.8069
6     12     3.4886          20             3.29673              402.251                     6.42554
6     12     3.4886          20             3.33161              350.623                     5.99903
6     12     3.4886          20             3.3665              274.976                     5.31261
6     12     3.4886          20             3.40139              206.206                     4.60057
6     12     3.4886          20             3.43627              87.8609                     3.00302
*******************************************************************************************************
 Average angle 1.02575e+07 +- 14287.7 deg 
 Average E' 604672 +- 842.249 GeV 
