*******************************************************************************************************
Z     A     E(GeV)     Theta(deg)     Energy Loss(GeV)     Sigma(nb/sr/GeV)     ERROR     Citation     
*******************************************************************************************************
6     12     1.5          11.95             0.0075              0                     0
6     12     1.5          11.95             0.0225              0                     0
6     12     1.5          11.95             0.0375              0                     0
6     12     1.5          11.95             0.0525              0                     0
6     12     1.5          11.95             0.0675              0                     0
6     12     1.5          11.95             0.0825              0                     0
6     12     1.5          11.95             0.0975              0                     0
6     12     1.5          11.95             0.1125              0                     0
6     12     1.5          11.95             0.1275              0                     0
6     12     1.5          11.95             0.1425              0                     0
6     12     1.5          11.95             0.1575              0                     0
6     12     1.5          11.95             0.1725              11.521                     2.64311
6     12     1.5          11.95             0.1875              77.0091                     6.83345
6     12     1.5          11.95             0.2025              298.941                     13.4636
6     12     1.5          11.95             0.2175              739.166                     21.1709
6     12     1.5          11.95             0.2325              1562.01                     30.7759
6     12     1.5          11.95             0.2475              2893.6                     41.8879
6     12     1.5          11.95             0.2625              5370.63                     57.0665
6     12     1.5          11.95             0.2775              9436.95                     75.6458
6     12     1.5          11.95             0.2925              15307.2                     96.3424
6     12     1.5          11.95             0.3075              24413.7                     121.671
6     12     1.5          11.95             0.3225              35501.2                     146.72
6     12     1.5          11.95             0.3375              47432.1                     169.592
6     12     1.5          11.95             0.3525              57517.3                     186.753
6     12     1.5          11.95             0.3675              64570                     197.872
6     12     1.5          11.95             0.3825              68986.8                     204.528
6     12     1.5          11.95             0.3975              69780.5                     205.701
6     12     1.5          11.95             0.4125              67937.8                     202.967
6     12     1.5          11.95             0.4275              64393.5                     197.602
6     12     1.5          11.95             0.4425              59418.9                     189.815
6     12     1.5          11.95             0.4575              54111.3                     181.14
6     12     1.5          11.95             0.4725              49181.5                     172.691
6     12     1.5          11.95             0.4875              43958.2                     163.264
6     12     1.5          11.95             0.5025              39354.7                     154.478
6     12     1.5          11.95             0.5175              35439.3                     146.593
6     12     1.5          11.95             0.5325              32114                     139.546
6     12     1.5          11.95             0.5475              28751.1                     132.037
6     12     1.5          11.95             0.5625              26366.2                     126.442
6     12     1.5          11.95             0.5775              24445.8                     121.751
6     12     1.5          11.95             0.5925              22929.9                     117.915
6     12     1.5          11.95             0.6075              21549.8                     114.312
6     12     1.5          11.95             0.6225              21215.7                     113.422
6     12     1.5          11.95             0.6375              20722.1                     112.095
6     12     1.5          11.95             0.6525              20871.3                     112.498
6     12     1.5          11.95             0.6675              21645.6                     114.566
6     12     1.5          11.95             0.6825              22071.3                     115.687
6     12     1.5          11.95             0.6975              22993                     118.077
6     12     1.5          11.95             0.7125              24005.6                     120.65
6     12     1.5          11.95             0.7275              24689.6                     122.356
6     12     1.5          11.95             0.7425              25476.1                     124.29
6     12     1.5          11.95             0.7575              26149.7                     125.922
6     12     1.5          11.95             0.7725              26684.6                     127.204
6     12     1.5          11.95             0.7875              26954.4                     127.845
6     12     1.5          11.95             0.8025              27020.5                     128.002
6     12     1.5          11.95             0.8175              27160                     128.332
6     12     1.5          11.95             0.8325              26806.4                     127.494
6     12     1.5          11.95             0.8475              26511.7                     126.791
6     12     1.5          11.95             0.8625              26154.6                     125.934
6     12     1.5          11.95             0.8775              25574.3                     124.529
6     12     1.5          11.95             0.8925              25281.4                     123.814
6     12     1.5          11.95             0.9075              24690.2                     122.358
6     12     1.5          11.95             0.9225              24404                     121.647
6     12     1.5          11.95             0.9375              23897.7                     120.378
6     12     1.5          11.95             0.9525              23091.2                     118.329
6     12     1.5          11.95             0.9675              22426.6                     116.614
6     12     1.5          11.95             0.9825              21549.2                     114.31
6     12     1.5          11.95             0.9975              20492.9                     111.473
6     12     1.5          11.95             1.0125              19731.9                     109.384
6     12     1.5          11.95             1.0275              18586.5                     106.162
6     12     1.5          11.95             1.0425              17368.9                     102.625
6     12     1.5          11.95             1.0575              16245.3                     99.2505
6     12     1.5          11.95             1.0725              15002.8                     95.3796
6     12     1.5          11.95             1.0875              13754.9                     91.3268
6     12     1.5          11.95             1.1025              12107.4                     85.683
6     12     1.5          11.95             1.1175              10130                     78.3745
6     12     1.5          11.95             1.1325              8265.44                     70.7949
6     12     1.5          11.95             1.1475              6647.04                     63.4868
6     12     1.5          11.95             1.1625              5231.16                     56.3207
6     12     1.5          11.95             1.1775              3992.35                     49.2021
6     12     1.5          11.95             1.1925              2921.49                     42.0893
6     12     1.5          11.95             1.2075              2002.84                     34.8492
6     12     1.5          11.95             1.2225              1269.13                     27.7411
6     12     1.5          11.95             1.2375              629.413                     19.5361
6     12     1.5          11.95             1.2525              156.444                     9.73976
6     12     1.5          11.95             1.2675              0                     0
6     12     1.5          11.95             1.2825              0                     0
6     12     1.5          11.95             1.2975              0                     0
6     12     1.5          11.95             1.3125              0                     0
6     12     1.5          11.95             1.3275              0                     0
6     12     1.5          11.95             1.3425              0                     0
6     12     1.5          11.95             1.3575              0                     0
6     12     1.5          11.95             1.3725              0                     0
6     12     1.5          11.95             1.3875              0                     0
6     12     1.5          11.95             1.4025              0                     0
6     12     1.5          11.95             1.4175              0                     0
6     12     1.5          11.95             1.4325              0                     0
6     12     1.5          11.95             1.4475              0                     0
6     12     1.5          11.95             1.4625              0                     0
6     12     1.5          11.95             1.4775              0                     0
*******************************************************************************************************
 Average angle 3.43423e+07 +- 20178.2 deg 
 Average E' 2.5356e+06 +- 1489.82 GeV 
