*******************************************************************************************************
Z     A     E(GeV)     Theta(deg)     Energy Loss(GeV)     Sigma(nb/sr/GeV)     ERROR     Citation     
*******************************************************************************************************
6     12     0.1597          145             0.0007985              0                     0
6     12     0.1597          145             0.0023955              0                     0
6     12     0.1597          145             0.0039925              0                     0
6     12     0.1597          145             0.0055895              0.470168                     0.332459
6     12     0.1597          145             0.0071865              1.17542                     0.525663
6     12     0.1597          145             0.0087835              1.88067                     0.664917
6     12     0.1597          145             0.0103805              2.11575                     0.705251
6     12     0.1597          145             0.0119775              3.29117                     0.879603
6     12     0.1597          145             0.0135745              6.34726                     1.22153
6     12     0.1597          145             0.0151715              6.58235                     1.24395
6     12     0.1597          145             0.0167685              8.93318                     1.44915
6     12     0.1597          145             0.0183655              20.6874                     2.20528
6     12     0.1597          145             0.0199625              17.1611                     2.00856
6     12     0.1597          145             0.0215595              22.0979                     2.27922
6     12     0.1597          145             0.0231565              24.9189                     2.42034
6     12     0.1597          145             0.0247535              32.4416                     2.76161
6     12     0.1597          145             0.0263505              41.3747                     3.11874
6     12     0.1597          145             0.0279475              47.0168                     3.32459
6     12     0.1597          145             0.0295445              63.9428                     3.8771
6     12     0.1597          145             0.0311415              69.5848                     4.04453
6     12     0.1597          145             0.0327385              78.2829                     4.28988
6     12     0.1597          145             0.0343355              88.8617                     4.57055
6     12     0.1597          145             0.0359325              102.026                     4.89742
6     12     0.1597          145             0.0375295              109.079                     5.06386
6     12     0.1597          145             0.0391265              131.177                     5.55315
6     12     0.1597          145             0.0407235              131.177                     5.55315
6     12     0.1597          145             0.0423205              160.092                     6.13474
6     12     0.1597          145             0.0439175              159.622                     6.12573
6     12     0.1597          145             0.0455145              181.485                     6.53178
6     12     0.1597          145             0.0471115              189.948                     6.68234
6     12     0.1597          145             0.0487085              188.772                     6.66163
6     12     0.1597          145             0.0503055              206.168                     6.96181
6     12     0.1597          145             0.0519025              239.08                     7.49692
6     12     0.1597          145             0.0534995              247.308                     7.62484
6     12     0.1597          145             0.0550965              244.487                     7.58122
6     12     0.1597          145             0.0566935              268.936                     7.95125
6     12     0.1597          145             0.0582905              299.262                     8.38758
6     12     0.1597          145             0.0598875              292.209                     8.28816
6     12     0.1597          145             0.0614845              312.661                     8.57331
6     12     0.1597          145             0.0630815              323.945                     8.72664
6     12     0.1597          145             0.0646785              336.17                     8.88977
6     12     0.1597          145             0.0662755              341.577                     8.96098
6     12     0.1597          145             0.0678725              366.025                     9.27613
6     12     0.1597          145             0.0694695              365.32                     9.26719
6     12     0.1597          145             0.0710665              392.12                     9.60109
6     12     0.1597          145             0.0726635              399.877                     9.6956
6     12     0.1597          145             0.0742605              395.646                     9.64417
6     12     0.1597          145             0.0758575              406.93                     9.78073
6     12     0.1597          145             0.0774545              428.323                     10.0345
6     12     0.1597          145             0.0790515              434.2                     10.1031
6     12     0.1597          145             0.0806485              439.136                     10.1604
6     12     0.1597          145             0.0822455              435.845                     10.1223
6     12     0.1597          145             0.0838425              457.943                     10.3757
6     12     0.1597          145             0.0854395              489.444                     10.7266
6     12     0.1597          145             0.0870365              488.034                     10.7112
6     12     0.1597          145             0.0886335              492.501                     10.7601
6     12     0.1597          145             0.0902305              502.609                     10.8699
6     12     0.1597          145             0.0918275              525.882                     11.1187
6     12     0.1597          145             0.0934245              516.949                     11.0239
6     12     0.1597          145             0.0950215              520.475                     11.0614
6     12     0.1597          145             0.0966185              536.931                     11.2349
6     12     0.1597          145             0.0982155              525.882                     11.1187
6     12     0.1597          145             0.0998125              554.092                     11.4131
6     12     0.1597          145             0.101409              574.31                     11.6194
6     12     0.1597          145             0.103007              569.138                     11.567
6     12     0.1597          145             0.104604              582.773                     11.7047
6     12     0.1597          145             0.106201              588.415                     11.7612
6     12     0.1597          145             0.107798              582.538                     11.7024
6     12     0.1597          145             0.109395              603.695                     11.913
6     12     0.1597          145             0.110992              620.151                     12.0742
6     12     0.1597          145             0.112589              623.677                     12.1085
6     12     0.1597          145             0.114185              613.569                     12.01
6     12     0.1597          145             0.115782              634.021                     12.2085
6     12     0.1597          145             0.117379              649.301                     12.3548
6     12     0.1597          145             0.118976              617.8                     12.0513
6     12     0.1597          145             0.120574              678.452                     12.6291
6     12     0.1597          145             0.122171              651.887                     12.3793
6     12     0.1597          145             0.123768              658.705                     12.4439
6     12     0.1597          145             0.125365              287.272                     8.21785
6     12     0.1597          145             0.126962              0                     0
6     12     0.1597          145             0.128559              0                     0
6     12     0.1597          145             0.130156              0                     0
6     12     0.1597          145             0.131753              0                     0
6     12     0.1597          145             0.13335              0                     0
6     12     0.1597          145             0.134947              0                     0
6     12     0.1597          145             0.136544              0                     0
6     12     0.1597          145             0.138141              0                     0
6     12     0.1597          145             0.139738              0                     0
6     12     0.1597          145             0.141335              0                     0
6     12     0.1597          145             0.142932              0                     0
6     12     0.1597          145             0.144529              0                     0
6     12     0.1597          145             0.146126              0                     0
6     12     0.1597          145             0.147723              0                     0
6     12     0.1597          145             0.14932              0                     0
6     12     0.1597          145             0.150917              0                     0
6     12     0.1597          145             0.152514              0                     0
6     12     0.1597          145             0.154111              0                     0
6     12     0.1597          145             0.155708              0                     0
6     12     0.1597          145             0.157305              0                     0
*******************************************************************************************************
 Average mean_angle 1.49314e+07 +- 46525.8 deg 
 Average E' 7258.84 +- 22.6184 GeV 
