*******************************************************************************************************
Z     A     E(GeV)     Theta(deg)     Energy Loss(GeV)     Sigma(nb/sr/GeV)     ERROR     Citation     
*******************************************************************************************************
6     12     1.65          13.54             0.00825              21795.3                     168.986
6     12     1.65          13.54             0.02475              91517.9                     346.276
6     12     1.65          13.54             0.04125              177059                     481.646
6     12     1.65          13.54             0.05775              245951                     567.667
6     12     1.65          13.54             0.07425              279394                     605.031
6     12     1.65          13.54             0.09075              278491                     604.053
6     12     1.65          13.54             0.10725              253368                     576.163
6     12     1.65          13.54             0.12375              214303                     529.887
6     12     1.65          13.54             0.14025              171011                     473.349
6     12     1.65          13.54             0.15675              132098                     416.023
6     12     1.65          13.54             0.17325              99389.6                     360.861
6     12     1.65          13.54             0.18975              74877                     313.216
6     12     1.65          13.54             0.20625              59400.8                     278.975
6     12     1.65          13.54             0.22275              50406.2                     256.987
6     12     1.65          13.54             0.23925              45793                     244.945
6     12     1.65          13.54             0.25575              44098.9                     240.372
6     12     1.65          13.54             0.27225              43616.8                     239.054
6     12     1.65          13.54             0.28875              43223.7                     237.975
6     12     1.65          13.54             0.30525              44113.3                     240.411
6     12     1.65          13.54             0.32175              46207                     246.05
6     12     1.65          13.54             0.33825              49018.7                     253.426
6     12     1.65          13.54             0.35475              52709.6                     262.793
6     12     1.65          13.54             0.37125              56279.9                     271.548
6     12     1.65          13.54             0.38775              58128.6                     275.972
6     12     1.65          13.54             0.40425              58952.7                     277.921
6     12     1.65          13.54             0.42075              57645.1                     274.822
6     12     1.65          13.54             0.43725              55801.7                     270.392
6     12     1.65          13.54             0.45375              52507.8                     262.29
6     12     1.65          13.54             0.47025              49249.3                     254.021
6     12     1.65          13.54             0.48675              46271.2                     246.221
6     12     1.65          13.54             0.50325              43132                     237.722
6     12     1.65          13.54             0.51975              39361.2                     227.093
6     12     1.65          13.54             0.53625              36554.7                     218.848
6     12     1.65          13.54             0.55275              34319.5                     212.051
6     12     1.65          13.54             0.56925              31938.9                     204.564
6     12     1.65          13.54             0.58575              29914.6                     197.976
6     12     1.65          13.54             0.60225              29000.1                     194.926
6     12     1.65          13.54             0.61875              27391.2                     189.441
6     12     1.65          13.54             0.63525              26691.5                     187.006
6     12     1.65          13.54             0.65175              26629.9                     186.791
6     12     1.65          13.54             0.66825              26257.8                     185.481
6     12     1.65          13.54             0.68475              26593.2                     186.662
6     12     1.65          13.54             0.70125              26741.3                     187.181
6     12     1.65          13.54             0.71775              27127.8                     188.529
6     12     1.65          13.54             0.73425              27645.3                     190.318
6     12     1.65          13.54             0.75075              28288.7                     192.52
6     12     1.65          13.54             0.76725              28351.5                     192.734
6     12     1.65          13.54             0.78375              28761.6                     194.123
6     12     1.65          13.54             0.80025              28647.7                     193.738
6     12     1.65          13.54             0.81675              28875.6                     194.507
6     12     1.65          13.54             0.83325              28338.4                     192.689
6     12     1.65          13.54             0.84975              27676.8                     190.427
6     12     1.65          13.54             0.86625              27556.3                     190.011
6     12     1.65          13.54             0.88275              26888                     187.694
6     12     1.65          13.54             0.89925              26337.8                     185.763
6     12     1.65          13.54             0.91575              25820.2                     183.929
6     12     1.65          13.54             0.93225              25197.9                     181.699
6     12     1.65          13.54             0.94875              24211.3                     178.106
6     12     1.65          13.54             0.96525              23672.8                     176.114
6     12     1.65          13.54             0.98175              23024.2                     173.685
6     12     1.65          13.54             0.99825              22154.3                     170.372
6     12     1.65          13.54             1.01475              21655.1                     168.442
6     12     1.65          13.54             1.03125              20884.7                     165.418
6     12     1.65          13.54             1.04775              19687.2                     160.606
6     12     1.65          13.54             1.06425              18747.7                     156.727
6     12     1.65          13.54             1.08075              17825.4                     152.823
6     12     1.65          13.54             1.09725              16697.3                     147.908
6     12     1.65          13.54             1.11375              15588.8                     142.915
6     12     1.65          13.54             1.13025              14717.5                     138.863
6     12     1.65          13.54             1.14675              13670.7                     133.834
6     12     1.65          13.54             1.16325              12718.2                     129.087
6     12     1.65          13.54             1.17975              11413.2                     122.285
6     12     1.65          13.54             1.19625              10817.1                     119.049
6     12     1.65          13.54             1.21275              9949.7                     114.176
6     12     1.65          13.54             1.22925              9031.25                     108.779
6     12     1.65          13.54             1.24575              8103.62                     103.041
6     12     1.65          13.54             1.26225              7550.72                     99.4635
6     12     1.65          13.54             1.27875              6963.74                     95.5193
6     12     1.65          13.54             1.29525              6552.34                     92.6548
6     12     1.65          13.54             1.31175              5838.28                     87.4605
6     12     1.65          13.54             1.32825              5331.23                     83.5764
6     12     1.65          13.54             1.34475              5044.29                     81.2961
6     12     1.65          13.54             1.36125              4545.1                     77.1688
6     12     1.65          13.54             1.37775              4002.68                     72.4178
6     12     1.65          13.54             1.39425              3160.22                     64.347
6     12     1.65          13.54             1.41075              2219.49                     53.9258
6     12     1.65          13.54             1.42725              1487.08                     44.1405
6     12     1.65          13.54             1.44375              1028.51                     36.7092
6     12     1.65          13.54             1.46025              378.65                     22.2735
6     12     1.65          13.54             1.47675              20.9633                     5.24082
6     12     1.65          13.54             1.49325              0                     0
6     12     1.65          13.54             1.50975              0                     0
6     12     1.65          13.54             1.52625              0                     0
6     12     1.65          13.54             1.54275              0                     0
6     12     1.65          13.54             1.55925              0                     0
6     12     1.65          13.54             1.57575              0                     0
6     12     1.65          13.54             1.59225              0                     0
6     12     1.65          13.54             1.60875              0                     0
6     12     1.65          13.54             1.62525              0                     0
*******************************************************************************************************
 Average angle 13.3896 +- 0.00755863 deg 
 Average E' 1.28901 +- 0.000727665 GeV 
