*******************************************************************************************************
Z     A     E(GeV)     Theta(deg)     Energy Loss(GeV)     Sigma(nb/sr/GeV)     ERROR     Citation     
*******************************************************************************************************
6     12     5.011          46             0.0125275              0                     0
6     12     5.011          46             0.0375825              0                     0
6     12     5.011          46             0.0626375              0                     0
6     12     5.011          46             0.0876925              0                     0
6     12     5.011          46             0.112748              0                     0
6     12     5.011          46             0.137802              0                     0
6     12     5.011          46             0.162858              0                     0
6     12     5.011          46             0.187913              0                     0
6     12     5.011          46             0.212968              0                     0
6     12     5.011          46             0.238022              0                     0
6     12     5.011          46             0.263078              0                     0
6     12     5.011          46             0.288133              0                     0
6     12     5.011          46             0.313188              0                     0
6     12     5.011          46             0.338243              0                     0
6     12     5.011          46             0.363298              0                     0
6     12     5.011          46             0.388353              0                     0
6     12     5.011          46             0.413408              0                     0
6     12     5.011          46             0.438463              0                     0
6     12     5.011          46             0.463518              0                     0
6     12     5.011          46             0.488573              0                     0
6     12     5.011          46             0.513628              0                     0
6     12     5.011          46             0.538683              0                     0
6     12     5.011          46             0.563738              0                     0
6     12     5.011          46             0.588793              0                     0
6     12     5.011          46             0.613848              0                     0
6     12     5.011          46             0.638903              0                     0
6     12     5.011          46             0.663958              0                     0
6     12     5.011          46             0.689013              0                     0
6     12     5.011          46             0.714068              0                     0
6     12     5.011          46             0.739123              0                     0
6     12     5.011          46             0.764178              0                     0
6     12     5.011          46             0.789233              0                     0
6     12     5.011          46             0.814288              0                     0
6     12     5.011          46             0.839343              0                     0
6     12     5.011          46             0.864398              0                     0
6     12     5.011          46             0.889453              0                     0
6     12     5.011          46             0.914508              0                     0
6     12     5.011          46             0.939563              0                     0
6     12     5.011          46             0.964618              0                     0
6     12     5.011          46             0.989673              0                     0
6     12     5.011          46             1.01473              0                     0
6     12     5.011          46             1.03978              0                     0
6     12     5.011          46             1.06484              0                     0
6     12     5.011          46             1.08989              0                     0
6     12     5.011          46             1.11495              0                     0
6     12     5.011          46             1.14              0                     0
6     12     5.011          46             1.16506              0                     0
6     12     5.011          46             1.19011              0                     0
6     12     5.011          46             1.21517              0                     0
6     12     5.011          46             1.24022              0                     0
6     12     5.011          46             1.26528              0                     0
6     12     5.011          46             1.29033              0                     0
6     12     5.011          46             1.31539              0                     0
6     12     5.011          46             1.34044              0                     0
6     12     5.011          46             1.3655              0                     0
6     12     5.011          46             1.39055              0                     0
6     12     5.011          46             1.41561              0                     0
6     12     5.011          46             1.44066              0                     0
6     12     5.011          46             1.46572              0                     0
6     12     5.011          46             1.49077              0                     0
6     12     5.011          46             1.51583              0                     0
6     12     5.011          46             1.54088              0                     0
6     12     5.011          46             1.56594              0                     0
6     12     5.011          46             1.59099              0                     0
6     12     5.011          46             1.61605              0                     0
6     12     5.011          46             1.6411              0                     0
6     12     5.011          46             1.66616              0                     0
6     12     5.011          46             1.69121              0                     0
6     12     5.011          46             1.71627              0                     0
6     12     5.011          46             1.74132              0                     0
6     12     5.011          46             1.76638              0                     0
6     12     5.011          46             1.79143              0                     0
6     12     5.011          46             1.81649              0                     0
6     12     5.011          46             1.84154              0                     0
6     12     5.011          46             1.8666              0                     0
6     12     5.011          46             1.89165              0                     0
6     12     5.011          46             1.91671              0                     0
6     12     5.011          46             1.94176              0                     0
6     12     5.011          46             1.96682              0                     0
6     12     5.011          46             1.99187              0                     0
6     12     5.011          46             2.01693              0                     0
6     12     5.011          46             2.04198              0                     0
6     12     5.011          46             2.06704              0                     0
6     12     5.011          46             2.09209              0                     0
6     12     5.011          46             2.11715              0                     0
6     12     5.011          46             2.1422              0                     0
6     12     5.011          46             2.16726              0                     0
6     12     5.011          46             2.19231              0                     0
6     12     5.011          46             2.21737              0                     0
6     12     5.011          46             2.24242              0                     0
6     12     5.011          46             2.26748              0                     0
6     12     5.011          46             2.29253              0                     0
6     12     5.011          46             2.31759              0                     0
6     12     5.011          46             2.34264              0                     0
6     12     5.011          46             2.3677              0                     0
6     12     5.011          46             2.39275              0                     0
6     12     5.011          46             2.41781              0                     0
6     12     5.011          46             2.44286              0                     0
6     12     5.011          46             2.46792              0                     0
6     12     5.011          46             2.49297              0                     0
6     12     5.011          46             2.51803              0                     0
6     12     5.011          46             2.54308              0                     0
6     12     5.011          46             2.56814              0                     0
6     12     5.011          46             2.59319              0                     0
6     12     5.011          46             2.61825              0                     0
6     12     5.011          46             2.6433              0                     0
6     12     5.011          46             2.66836              0                     0
6     12     5.011          46             2.69341              0                     0
6     12     5.011          46             2.71847              0                     0
6     12     5.011          46             2.74352              0                     0
6     12     5.011          46             2.76858              0                     0
6     12     5.011          46             2.79363              0                     0
6     12     5.011          46             2.81869              0                     0
6     12     5.011          46             2.84374              0                     0
6     12     5.011          46             2.8688              0                     0
6     12     5.011          46             2.89385              0                     0
6     12     5.011          46             2.91891              0                     0
6     12     5.011          46             2.94396              0                     0
6     12     5.011          46             2.96902              0                     0
6     12     5.011          46             2.99407              0                     0
6     12     5.011          46             3.01913              0                     0
6     12     5.011          46             3.04418              0                     0
6     12     5.011          46             3.06924              0                     0
6     12     5.011          46             3.09429              0                     0
6     12     5.011          46             3.11935              0.261379                     0.261379
6     12     5.011          46             3.1444              0.784138                     0.452723
6     12     5.011          46             3.16946              0.784138                     0.452723
6     12     5.011          46             3.19451              0.522759                     0.369646
6     12     5.011          46             3.21957              0.522759                     0.369646
6     12     5.011          46             3.24462              0.784138                     0.452723
6     12     5.011          46             3.26968              1.3069                     0.584462
6     12     5.011          46             3.29473              2.09104                     0.739293
6     12     5.011          46             3.31979              0.522759                     0.369646
6     12     5.011          46             3.34484              2.09104                     0.739293
6     12     5.011          46             3.3699              1.3069                     0.584462
6     12     5.011          46             3.39495              3.92069                     1.01232
6     12     5.011          46             3.42001              5.22759                     1.16892
6     12     5.011          46             3.44506              3.13655                     0.905445
6     12     5.011          46             3.47012              3.13655                     0.905445
6     12     5.011          46             3.49517              4.70483                     1.10894
6     12     5.011          46             3.52023              3.13655                     0.905445
6     12     5.011          46             3.54528              2.35242                     0.784138
6     12     5.011          46             3.57034              4.18207                     1.04552
6     12     5.011          46             3.59539              6.01173                     1.25353
6     12     5.011          46             3.62045              5.22759                     1.16892
6     12     5.011          46             3.6455              4.70483                     1.10894
6     12     5.011          46             3.67056              7.31863                     1.38309
6     12     5.011          46             3.69561              8.62552                     1.50151
6     12     5.011          46             3.72067              8.36414                     1.47859
6     12     5.011          46             3.74572              6.79587                     1.33278
6     12     5.011          46             3.77078              8.62552                     1.50151
6     12     5.011          46             3.79583              5.48897                     1.19779
6     12     5.011          46             3.82089              7.31863                     1.38309
6     12     5.011          46             3.84594              7.31863                     1.38309
6     12     5.011          46             3.871              10.1938                     1.63231
6     12     5.011          46             3.89605              8.36414                     1.47859
6     12     5.011          46             3.92111              6.79587                     1.33278
6     12     5.011          46             3.94616              18.2966                     2.18686
6     12     5.011          46             3.97122              10.7166                     1.67365
6     12     5.011          46             3.99627              12.0235                     1.77276
6     12     5.011          46             4.02133              13.3304                     1.86662
6     12     5.011          46             4.04638              14.1145                     1.92074
6     12     5.011          46             4.07144              14.6373                     1.95598
6     12     5.011          46             4.09649              20.3876                     2.30844
6     12     5.011          46             4.12155              20.649                     2.32319
6     12     5.011          46             4.1466              15.4214                     2.00769
6     12     5.011          46             4.17166              18.8193                     2.21788
6     12     5.011          46             4.19671              19.0807                     2.23323
6     12     5.011          46             4.22177              19.0807                     2.23323
6     12     5.011          46             4.24682              23.5242                     2.47966
6     12     5.011          46             4.27188              27.1835                     2.66556
6     12     5.011          46             4.29693              29.0131                     2.7538
6     12     5.011          46             4.32199              23.2628                     2.46585
6     12     5.011          46             4.34704              25.3538                     2.57429
6     12     5.011          46             4.3721              28.4904                     2.72888
6     12     5.011          46             4.39715              26.1379                     2.61379
6     12     5.011          46             4.42221              35.809                     3.05937
6     12     5.011          46             4.44726              31.1042                     2.85131
6     12     5.011          46             4.47232              35.809                     3.05937
6     12     5.011          46             4.49737              40.2524                     3.24363
6     12     5.011          46             4.52243              36.0704                     3.07051
6     12     5.011          46             4.54748              39.9911                     3.23309
6     12     5.011          46             4.57254              43.1276                     3.35748
6     12     5.011          46             4.59759              37.6386                     3.13655
6     12     5.011          46             4.62265              41.5593                     3.29587
6     12     5.011          46             4.6477              43.9118                     3.38787
6     12     5.011          46             4.67276              46.5255                     3.48724
6     12     5.011          46             4.69781              45.2186                     3.43791
6     12     5.011          46             4.72287              47.5711                     3.5262
6     12     5.011          46             4.74792              49.4007                     3.59337
6     12     5.011          46             4.77298              50.4462                     3.6312
6     12     5.011          46             4.79803              53.8442                     3.7515
6     12     5.011          46             4.82309              53.3214                     3.73325
6     12     5.011          46             4.84814              54.3669                     3.76967
6     12     5.011          46             4.8732              61.1628                     3.99834
6     12     5.011          46             4.89825              65.6062                     4.14103
6     12     5.011          46             4.92331              60.9014                     3.98978
6     12     5.011          46             4.94836              55.1511                     3.79676
6     12     5.011          46             4.97342              43.6504                     3.37777
*******************************************************************************************************
 Average angle 45.9288 +- 0.585282 deg 
 Average E' 0.49903 +- 0.00635927 GeV 
