*******************************************************************************************************
Z     A     E(GeV)     Theta(deg)     Energy Loss(GeV)     Sigma(nb/sr/GeV)     ERROR     Citation     
*******************************************************************************************************
6     12     4.6286          16             0.015              0                     0
6     12     4.6286          16             0.045              0                     0
6     12     4.6286          16             0.075              0                     0
6     12     4.6286          16             0.105              0                     0
6     12     4.6286          16             0.135              0                     0
6     12     4.6286          16             0.165              0                     0
6     12     4.6286          16             0.195              0                     0
6     12     4.6286          16             0.225              0                     0
6     12     4.6286          16             0.255              0                     0
6     12     4.6286          16             0.285              0                     0
6     12     4.6286          16             0.315              0                     0
6     12     4.6286          16             0.345              0                     0
6     12     4.6286          16             0.375              0                     0
6     12     4.6286          16             0.405              0                     0
6     12     4.6286          16             0.435              0                     0
6     12     4.6286          16             0.465              0                     0
6     12     4.6286          16             0.495              0                     0
6     12     4.6286          16             0.525              0                     0
6     12     4.6286          16             0.555              0.0303274                     0.00661798
6     12     4.6286          16             0.585              0.311939                     0.0212248
6     12     4.6286          16             0.615              1.00514                     0.0380996
6     12     4.6286          16             0.645              2.5114                     0.0602234
6     12     4.6286          16             0.675              5.26686                     0.0872135
6     12     4.6286          16             0.705              9.5098                     0.117191
6     12     4.6286          16             0.735              15.545                     0.149831
6     12     4.6286          16             0.765              23.9428                     0.185949
6     12     4.6286          16             0.795              34.7234                     0.223934
6     12     4.6286          16             0.825              48.0371                     0.263388
6     12     4.6286          16             0.855              63.3135                     0.302382
6     12     4.6286          16             0.885              81.0146                     0.34205
6     12     4.6286          16             0.915              99.7872                     0.379617
6     12     4.6286          16             0.945              122.461                     0.420539
6     12     4.6286          16             0.975              144.543                     0.456885
6     12     4.6286          16             1.005              169.714                     0.495069
6     12     4.6286          16             1.035              195.925                     0.531928
6     12     4.6286          16             1.065              225.067                     0.570117
6     12     4.6286          16             1.095              253.468                     0.605019
6     12     4.6286          16             1.125              285.22                     0.641798
6     12     4.6286          16             1.155              317.448                     0.677087
6     12     4.6286          16             1.185              352.088                     0.713072
6     12     4.6286          16             1.215              386.788                     0.747385
6     12     4.6286          16             1.245              421.829                     0.780506
6     12     4.6286          16             1.275              461.81                     0.816656
6     12     4.6286          16             1.305              502.538                     0.851907
6     12     4.6286          16             1.335              544.164                     0.886488
6     12     4.6286          16             1.365              589.459                     0.922645
6     12     4.6286          16             1.395              635.701                     0.958152
6     12     4.6286          16             1.425              683.917                     0.993825
6     12     4.6286          16             1.455              737.883                     1.03229
6     12     4.6286          16             1.485              788.781                     1.0673
6     12     4.6286          16             1.515              845.825                     1.10522
6     12     4.6286          16             1.545              892.854                     1.13553
6     12     4.6286          16             1.575              761.596                     1.04875
6     12     4.6286          16             1.605              577.786                     0.913464
6     12     4.6286          16             1.635              416.717                     0.775762
6     12     4.6286          16             1.665              273.141                     0.628061
6     12     4.6286          16             1.695              141.323                     0.451766
6     12     4.6286          16             1.725              27.2181                     0.198261
6     12     4.6286          16             1.755              0                     0
6     12     4.6286          16             1.785              0                     0
6     12     4.6286          16             1.815              0                     0
6     12     4.6286          16             1.845              0                     0
6     12     4.6286          16             1.875              0                     0
6     12     4.6286          16             1.905              0                     0
6     12     4.6286          16             1.935              0                     0
6     12     4.6286          16             1.965              0                     0
6     12     4.6286          16             1.995              0                     0
6     12     4.6286          16             2.025              0                     0
6     12     4.6286          16             2.055              0                     0
6     12     4.6286          16             2.085              0                     0
6     12     4.6286          16             2.115              0                     0
6     12     4.6286          16             2.145              0                     0
6     12     4.6286          16             2.175              0                     0
6     12     4.6286          16             2.205              0                     0
6     12     4.6286          16             2.235              0                     0
6     12     4.6286          16             2.265              0                     0
6     12     4.6286          16             2.295              0                     0
6     12     4.6286          16             2.325              0                     0
6     12     4.6286          16             2.355              0                     0
6     12     4.6286          16             2.385              0                     0
6     12     4.6286          16             2.415              0                     0
6     12     4.6286          16             2.445              0                     0
6     12     4.6286          16             2.475              0                     0
6     12     4.6286          16             2.505              0                     0
6     12     4.6286          16             2.535              0                     0
6     12     4.6286          16             2.565              0                     0
6     12     4.6286          16             2.595              0                     0
6     12     4.6286          16             2.625              0                     0
6     12     4.6286          16             2.655              0                     0
6     12     4.6286          16             2.685              0                     0
6     12     4.6286          16             2.715              0                     0
6     12     4.6286          16             2.745              0                     0
6     12     4.6286          16             2.775              0                     0
6     12     4.6286          16             2.805              0                     0
6     12     4.6286          16             2.835              0                     0
6     12     4.6286          16             2.865              0                     0
6     12     4.6286          16             2.895              0                     0
6     12     4.6286          16             2.925              0                     0
6     12     4.6286          16             2.955              0                     0
*******************************************************************************************************
 Average mean_angle 1.32469e+08 +- 45688.7 deg 
 Average E' 2.73696e+07 +- 9439.78 GeV 
