*******************************************************************************************************
Z     A     E(GeV)     Theta(deg)     Energy Loss(GeV)     Sigma(nb/sr/GeV)     ERROR     Citation     
*******************************************************************************************************
6     12     0.1597          90             0.0007985              6389.46                     29.3521
6     12     0.1597          90             0.0023955              8510.6                     33.8756
6     12     0.1597          90             0.0039925              10738.7                     38.0524
6     12     0.1597          90             0.0055895              12712.6                     41.4022
6     12     0.1597          90             0.0071865              14399.1                     44.0631
6     12     0.1597          90             0.0087835              16203.1                     46.7419
6     12     0.1597          90             0.0103805              17779                     48.9622
6     12     0.1597          90             0.0119775              19193.9                     50.8731
6     12     0.1597          90             0.0135745              20485.2                     52.5566
6     12     0.1597          90             0.0151715              21779.7                     54.1917
6     12     0.1597          90             0.0167685              22550                     55.1417
6     12     0.1597          90             0.0183655              23389.8                     56.1591
6     12     0.1597          90             0.0199625              24127.9                     57.0383
6     12     0.1597          90             0.0215595              24373.5                     57.3279
6     12     0.1597          90             0.0231565              24600.5                     57.5942
6     12     0.1597          90             0.0247535              24860.3                     57.8976
6     12     0.1597          90             0.0263505              24759.9                     57.7805
6     12     0.1597          90             0.0279475              24524.6                     57.5053
6     12     0.1597          90             0.0295445              24387                     57.3438
6     12     0.1597          90             0.0311415              24140.9                     57.0537
6     12     0.1597          90             0.0327385              23894.2                     56.7614
6     12     0.1597          90             0.0343355              23554.9                     56.357
6     12     0.1597          90             0.0359325              23023.5                     55.7177
6     12     0.1597          90             0.0375295              22536.4                     55.125
6     12     0.1597          90             0.0391265              21974.2                     54.4332
6     12     0.1597          90             0.0407235              21368.9                     53.6783
6     12     0.1597          90             0.0423205              20629.6                     52.7415
6     12     0.1597          90             0.0439175              19884.1                     51.7797
6     12     0.1597          90             0.0455145              19092.5                     50.7385
6     12     0.1597          90             0.0471115              18316.1                     49.6962
6     12     0.1597          90             0.0487085              17424.6                     48.4718
6     12     0.1597          90             0.0503055              16519.9                     47.1966
6     12     0.1597          90             0.0519025              15565.8                     45.8134
6     12     0.1597          90             0.0534995              14697.1                     44.5167
6     12     0.1597          90             0.0550965              13936.5                     43.3495
6     12     0.1597          90             0.0566935              12990.5                     41.8523
6     12     0.1597          90             0.0582905              12089.8                     40.3753
6     12     0.1597          90             0.0598875              11174.3                     38.8166
6     12     0.1597          90             0.0614845              10366.5                     37.3872
6     12     0.1597          90             0.0630815              9503.15                     35.7965
6     12     0.1597          90             0.0646785              8639.64                     34.1315
6     12     0.1597          90             0.0662755              7796.36                     32.423
6     12     0.1597          90             0.0678725              7045.18                     30.8214
6     12     0.1597          90             0.0694695              6359.39                     29.2829
6     12     0.1597          90             0.0710665              5672.12                     27.6554
6     12     0.1597          90             0.0726635              5060.89                     26.1229
6     12     0.1597          90             0.0742605              4483.38                     24.5872
6     12     0.1597          90             0.0758575              3901.01                     22.9348
6     12     0.1597          90             0.0774545              3429.48                     21.5041
6     12     0.1597          90             0.0790515              2976.7                     20.0343
6     12     0.1597          90             0.0806485              2523.91                     18.4478
6     12     0.1597          90             0.0822455              2171.44                     17.1112
6     12     0.1597          90             0.0838425              1848.91                     15.7894
6     12     0.1597          90             0.0854395              1525.7                     14.343
6     12     0.1597          90             0.0870365              1280.56                     13.1404
6     12     0.1597          90             0.0886335              1065.22                     11.9847
6     12     0.1597          90             0.0902305              879.417                     10.8894
6     12     0.1597          90             0.0918275              735.14                     9.95616
6     12     0.1597          90             0.0934245              626.325                     9.18982
6     12     0.1597          90             0.0950215              504.97                     8.25163
6     12     0.1597          90             0.0966185              274.262                     6.0812
6     12     0.1597          90             0.0982155              55.149                     2.72694
6     12     0.1597          90             0.0998125              0                     0
6     12     0.1597          90             0.101409              0                     0
6     12     0.1597          90             0.103007              0                     0
6     12     0.1597          90             0.104604              0                     0
6     12     0.1597          90             0.106201              0                     0
6     12     0.1597          90             0.107798              0                     0
6     12     0.1597          90             0.109395              0                     0
6     12     0.1597          90             0.110992              0                     0
6     12     0.1597          90             0.112589              0                     0
6     12     0.1597          90             0.114185              0                     0
6     12     0.1597          90             0.115782              0                     0
6     12     0.1597          90             0.117379              0                     0
6     12     0.1597          90             0.118976              0                     0
6     12     0.1597          90             0.120574              0                     0
6     12     0.1597          90             0.122171              0                     0
6     12     0.1597          90             0.123768              0                     0
6     12     0.1597          90             0.125365              0                     0
6     12     0.1597          90             0.126962              0                     0
6     12     0.1597          90             0.128559              0                     0
6     12     0.1597          90             0.130156              0                     0
6     12     0.1597          90             0.131753              0                     0
6     12     0.1597          90             0.13335              0                     0
6     12     0.1597          90             0.134947              0                     0
6     12     0.1597          90             0.136544              0                     0
6     12     0.1597          90             0.138141              0                     0
6     12     0.1597          90             0.139738              0                     0
6     12     0.1597          90             0.141335              0                     0
6     12     0.1597          90             0.142932              0                     0
6     12     0.1597          90             0.144529              0                     0
6     12     0.1597          90             0.146126              0                     0
6     12     0.1597          90             0.147723              0                     0
6     12     0.1597          90             0.14932              0                     0
6     12     0.1597          90             0.150917              0                     0
6     12     0.1597          90             0.152514              0                     0
6     12     0.1597          90             0.154111              0                     0
6     12     0.1597          90             0.155708              0                     0
6     12     0.1597          90             0.157305              0                     0
*******************************************************************************************************
 Average mean_angle 5.3866e+08 +- 220142 deg 
 Average E' 747507 +- 305.495 GeV 
