*******************************************************************************************************
Z     A     E(GeV)     Theta(deg)     Energy Loss(GeV)     Sigma(nb/sr/GeV)     ERROR     Citation     
*******************************************************************************************************
6     12     3.269          21.98             0.016345              0                     0
6     12     3.269          21.98             0.049035              0                     0
6     12     3.269          21.98             0.081725              0                     0
6     12     3.269          21.98             0.114415              0                     0
6     12     3.269          21.98             0.147105              0                     0
6     12     3.269          21.98             0.179795              0                     0
6     12     3.269          21.98             0.212485              0                     0
6     12     3.269          21.98             0.245175              0.189753                     0.134176
6     12     3.269          21.98             0.277865              0.474383                     0.212151
6     12     3.269          21.98             0.310555              1.13852                     0.328662
6     12     3.269          21.98             0.343245              3.51044                     0.577112
6     12     3.269          21.98             0.375935              10.1518                     0.981412
6     12     3.269          21.98             0.408625              23.5294                     1.49412
6     12     3.269          21.98             0.441315              47.8178                     2.12998
6     12     3.269          21.98             0.474005              83.1119                     2.80809
6     12     3.269          21.98             0.506695              139.469                     3.63763
6     12     3.269          21.98             0.539385              200.19                     4.35813
6     12     3.269          21.98             0.572075              260.436                     4.97085
6     12     3.269          21.98             0.604765              313.852                     5.45685
6     12     3.269          21.98             0.637455              338.71                     5.66883
6     12     3.269          21.98             0.670145              369.07                     5.91744
6     12     3.269          21.98             0.702835              355.598                     5.80844
6     12     3.269          21.98             0.735525              347.154                     5.73906
6     12     3.269          21.98             0.768215              319.545                     5.50612
6     12     3.269          21.98             0.800905              268.027                     5.04276
6     12     3.269          21.98             0.833595              231.973                     4.69136
6     12     3.269          21.98             0.866285              189.279                     4.23771
6     12     3.269          21.98             0.898975              158.539                     3.87836
6     12     3.269          21.98             0.931665              115.939                     3.31661
6     12     3.269          21.98             0.964355              90.0379                     2.92276
6     12     3.269          21.98             0.997045              72.8653                     2.6293
6     12     3.269          21.98             1.02974              54.0797                     2.26515
6     12     3.269          21.98             1.06243              44.2125                     2.04811
6     12     3.269          21.98             1.09512              34.9146                     1.82005
6     12     3.269          21.98             1.12781              27.2296                     1.60731
6     12     3.269          21.98             1.1605              22.8653                     1.47288
6     12     3.269          21.98             1.19319              17.4573                     1.28697
6     12     3.269          21.98             1.22588              15.0854                     1.19635
6     12     3.269          21.98             1.25857              12.7135                     1.09828
6     12     3.269          21.98             1.29126              10.7211                     1.00855
6     12     3.269          21.98             1.32395              8.44402                     0.895065
6     12     3.269          21.98             1.35664              6.83112                     0.805055
6     12     3.269          21.98             1.38933              5.02846                     0.690712
6     12     3.269          21.98             1.42202              4.55408                     0.657325
6     12     3.269          21.98             1.45471              3.41556                     0.56926
6     12     3.269          21.98             1.4874              4.36433                     0.643485
6     12     3.269          21.98             1.52009              3.32068                     0.561298
6     12     3.269          21.98             1.55278              2.08729                     0.445011
6     12     3.269          21.98             1.58547              2.08729                     0.445011
6     12     3.269          21.98             1.61816              1.89753                     0.424301
6     12     3.269          21.98             1.65085              1.42315                     0.367456
6     12     3.269          21.98             1.68354              1.2334                     0.342083
6     12     3.269          21.98             1.71623              1.13852                     0.328662
6     12     3.269          21.98             1.74892              0.56926                     0.232399
6     12     3.269          21.98             1.78161              0.379507                     0.189753
6     12     3.269          21.98             1.8143              0.189753                     0.134176
6     12     3.269          21.98             1.84699              0.0948767                     0.0948767
6     12     3.269          21.98             1.87968              0                     0
6     12     3.269          21.98             1.91237              0                     0
6     12     3.269          21.98             1.94506              0                     0
6     12     3.269          21.98             1.97775              0                     0
6     12     3.269          21.98             2.01044              0                     0
6     12     3.269          21.98             2.04312              0                     0
6     12     3.269          21.98             2.07581              0                     0
6     12     3.269          21.98             2.10851              0                     0
6     12     3.269          21.98             2.1412              0                     0
6     12     3.269          21.98             2.17389              0                     0
6     12     3.269          21.98             2.20657              0                     0
6     12     3.269          21.98             2.23927              0                     0
6     12     3.269          21.98             2.27196              0                     0
6     12     3.269          21.98             2.30465              0                     0
6     12     3.269          21.98             2.33733              0                     0
6     12     3.269          21.98             2.37003              0                     0
6     12     3.269          21.98             2.40272              0                     0
6     12     3.269          21.98             2.43541              0                     0
6     12     3.269          21.98             2.46809              0                     0
6     12     3.269          21.98             2.50079              0                     0
6     12     3.269          21.98             2.53348              0                     0
6     12     3.269          21.98             2.56617              0                     0
6     12     3.269          21.98             2.59885              0                     0
6     12     3.269          21.98             2.63155              0                     0
6     12     3.269          21.98             2.66424              0                     0
6     12     3.269          21.98             2.69693              0                     0
6     12     3.269          21.98             2.72962              0                     0
6     12     3.269          21.98             2.76231              0                     0
6     12     3.269          21.98             2.795              0                     0
6     12     3.269          21.98             2.82769              0                     0
6     12     3.269          21.98             2.86038              0                     0
6     12     3.269          21.98             2.89306              0                     0
6     12     3.269          21.98             2.92576              0                     0
6     12     3.269          21.98             2.95845              0                     0
6     12     3.269          21.98             2.99114              0                     0
6     12     3.269          21.98             3.02382              0                     0
6     12     3.269          21.98             3.05652              0                     0
6     12     3.269          21.98             3.08921              0                     0
6     12     3.269          21.98             3.1219              0                     0
6     12     3.269          21.98             3.15459              0                     0
6     12     3.269          21.98             3.18728              0                     0
6     12     3.269          21.98             3.21997              0                     0
*******************************************************************************************************
 Average mean_angle 969936 +- 4595.25 deg 
 Average E' 112699 +- 533.935 GeV 
