*******************************************************************************************************
Z     A     E(GeV)     Theta(deg)     Energy Loss(GeV)     Sigma(nb/sr/GeV)     ERROR     Citation     
*******************************************************************************************************
6     12     1.299          37.5             0.006495              0                     0
6     12     1.299          37.5             0.019485              0                     0
6     12     1.299          37.5             0.032475              0                     0
6     12     1.299          37.5             0.045465              0.182229                     0.182229
6     12     1.299          37.5             0.058455              0.546688                     0.315631
6     12     1.299          37.5             0.071445              0.728918                     0.364459
6     12     1.299          37.5             0.084435              1.09338                     0.446369
6     12     1.299          37.5             0.097425              2.36898                     0.657038
6     12     1.299          37.5             0.110415              3.64459                     0.814955
6     12     1.299          37.5             0.123405              9.11147                     1.28856
6     12     1.299          37.5             0.136395              11.4805                     1.4464
6     12     1.299          37.5             0.149385              13.1205                     1.54627
6     12     1.299          37.5             0.162375              22.0498                     2.00452
6     12     1.299          37.5             0.175365              26.97                     2.21692
6     12     1.299          37.5             0.188355              34.9881                     2.52505
6     12     1.299          37.5             0.201345              39.3616                     2.67822
6     12     1.299          37.5             0.214335              53.0288                     3.1086
6     12     1.299          37.5             0.227325              72.8918                     3.64459
6     12     1.299          37.5             0.240315              84.9189                     3.93379
6     12     1.299          37.5             0.253305              98.0394                     4.22678
6     12     1.299          37.5             0.266295              105.875                     4.39245
6     12     1.299          37.5             0.279285              130.294                     4.87272
6     12     1.299          37.5             0.292275              155.624                     5.32534
6     12     1.299          37.5             0.305265              182.412                     5.76548
6     12     1.299          37.5             0.318255              214.12                     6.24651
6     12     1.299          37.5             0.331245              242.365                     6.64576
6     12     1.299          37.5             0.344235              278.264                     7.12095
6     12     1.299          37.5             0.357225              334.209                     7.80402
6     12     1.299          37.5             0.370215              362.637                     8.12915
6     12     1.299          37.5             0.383205              385.78                     8.38454
6     12     1.299          37.5             0.396195              410.381                     8.64774
6     12     1.299          37.5             0.409185              440.995                     8.9645
6     12     1.299          37.5             0.422175              453.569                     9.09141
6     12     1.299          37.5             0.435165              457.578                     9.1315
6     12     1.299          37.5             0.448155              456.667                     9.1224
6     12     1.299          37.5             0.461145              440.266                     8.95709
6     12     1.299          37.5             0.474135              424.959                     8.8
6     12     1.299          37.5             0.487125              405.461                     8.59575
6     12     1.299          37.5             0.500115              407.283                     8.61504
6     12     1.299          37.5             0.513105              355.165                     8.04497
6     12     1.299          37.5             0.526095              331.475                     7.77204
6     12     1.299          37.5             0.539085              300.132                     7.39546
6     12     1.299          37.5             0.552075              270.246                     7.01761
6     12     1.299          37.5             0.565065              253.481                     6.79645
6     12     1.299          37.5             0.578055              209.017                     6.17164
6     12     1.299          37.5             0.591045              195.168                     5.96367
6     12     1.299          37.5             0.604035              180.772                     5.7395
6     12     1.299          37.5             0.617025              157.446                     5.35643
6     12     1.299          37.5             0.630015              136.854                     4.99389
6     12     1.299          37.5             0.643005              127.925                     4.82822
6     12     1.299          37.5             0.655995              132.116                     4.90668
6     12     1.299          37.5             0.668985              122.64                     4.72744
6     12     1.299          37.5             0.681975              134.668                     4.95383
6     12     1.299          37.5             0.694965              138.312                     5.02041
6     12     1.299          37.5             0.707955              135.396                     4.96722
6     12     1.299          37.5             0.720945              139.588                     5.04351
6     12     1.299          37.5             0.733935              126.103                     4.79371
6     12     1.299          37.5             0.746925              129.383                     4.85565
6     12     1.299          37.5             0.759915              121.365                     4.70279
6     12     1.299          37.5             0.772905              119.907                     4.67446
6     12     1.299          37.5             0.785895              133.574                     4.93368
6     12     1.299          37.5             0.798885              127.925                     4.82822
6     12     1.299          37.5             0.811875              123.005                     4.73446
6     12     1.299          37.5             0.824865              114.076                     4.55938
6     12     1.299          37.5             0.837855              122.458                     4.72393
6     12     1.299          37.5             0.850845              120.089                     4.67801
6     12     1.299          37.5             0.863835              116.445                     4.60648
6     12     1.299          37.5             0.876825              119.725                     4.67091
6     12     1.299          37.5             0.889815              113.164                     4.54113
6     12     1.299          37.5             0.902805              113.893                     4.55574
6     12     1.299          37.5             0.915795              114.622                     4.57029
6     12     1.299          37.5             0.928785              123.369                     4.74147
6     12     1.299          37.5             0.941775              116.08                     4.59926
6     12     1.299          37.5             0.954765              120.818                     4.69219
6     12     1.299          37.5             0.967755              122.823                     4.73095
6     12     1.299          37.5             0.980745              112.618                     4.53015
6     12     1.299          37.5             0.993735              123.187                     4.73797
6     12     1.299          37.5             1.00672              123.005                     4.73446
6     12     1.299          37.5             1.01971              123.005                     4.73446
6     12     1.299          37.5             1.0327              120.454                     4.6851
6     12     1.299          37.5             1.04569              130.112                     4.86931
6     12     1.299          37.5             1.05868              119.543                     4.66735
6     12     1.299          37.5             1.07167              132.663                     4.91682
6     12     1.299          37.5             1.08466              131.205                     4.88973
6     12     1.299          37.5             1.09765              129.201                     4.85223
6     12     1.299          37.5             1.11064              137.765                     5.01048
6     12     1.299          37.5             1.12363              120.089                     4.67801
6     12     1.299          37.5             1.13662              73.8029                     3.6673
6     12     1.299          37.5             1.14961              20.0452                     1.91124
6     12     1.299          37.5             1.1626              2.55121                     0.68184
6     12     1.299          37.5             1.17559              0                     0
6     12     1.299          37.5             1.18859              0                     0
6     12     1.299          37.5             1.20157              0                     0
6     12     1.299          37.5             1.21456              0                     0
6     12     1.299          37.5             1.22755              0                     0
6     12     1.299          37.5             1.24055              0                     0
6     12     1.299          37.5             1.25353              0                     0
6     12     1.299          37.5             1.26652              0                     0
6     12     1.299          37.5             1.27951              0                     0
*******************************************************************************************************
 Average mean_angle 2.87142e+06 +- 10366.3 deg 
 Average E' 54243.7 +- 195.83 GeV 
