*******************************************************************************************************
Z     A     E(GeV)     Theta(deg)     Energy Loss(GeV)     Sigma(nb/sr/GeV)     ERROR     Citation     
*******************************************************************************************************
6     12     0.5568          90             0.002784              0                     0
6     12     0.5568          90             0.008352              0                     0
6     12     0.5568          90             0.01392              0                     0
6     12     0.5568          90             0.019488              0                     0
6     12     0.5568          90             0.025056              0                     0
6     12     0.5568          90             0.030624              0.356127                     0.20561
6     12     0.5568          90             0.036192              0.356127                     0.20561
6     12     0.5568          90             0.04176              0.474836                     0.237418
6     12     0.5568          90             0.047328              1.42451                     0.41122
6     12     0.5568          90             0.052896              2.37418                     0.530883
6     12     0.5568          90             0.058464              2.73031                     0.569309
6     12     0.5568          90             0.064032              3.44256                     0.639268
6     12     0.5568          90             0.0696              5.2232                     0.787427
6     12     0.5568          90             0.075168              7.35996                     0.934716
6     12     0.5568          90             0.080736              8.30964                     0.993192
6     12     0.5568          90             0.086304              15.3135                     1.34828
6     12     0.5568          90             0.091872              16.6193                     1.40458
6     12     0.5568          90             0.09744              20.8928                     1.57485
6     12     0.5568          90             0.103008              32.2889                     1.9578
6     12     0.5568          90             0.108576              44.872                     2.30797
6     12     0.5568          90             0.114144              62.3223                     2.71997
6     12     0.5568          90             0.119712              84.046                     3.15864
6     12     0.5568          90             0.12528              99.0034                     3.42821
6     12     0.5568          90             0.130848              126.544                     3.87581
6     12     0.5568          90             0.136416              153.372                     4.26693
6     12     0.5568          90             0.141984              196.701                     4.8322
6     12     0.5568          90             0.147552              232.551                     5.25413
6     12     0.5568          90             0.15312              280.628                     5.77175
6     12     0.5568          90             0.158688              333.335                     6.29046
6     12     0.5568          90             0.164256              398.032                     6.87386
6     12     0.5568          90             0.169824              434.95                     7.18558
6     12     0.5568          90             0.175392              499.29                     7.69872
6     12     0.5568          90             0.18096              555.915                     8.12355
6     12     0.5568          90             0.186528              595.92                     8.41077
6     12     0.5568          90             0.192096              654.443                     8.8141
6     12     0.5568          90             0.197664              699.078                     9.10971
6     12     0.5568          90             0.203232              727.687                     9.29425
6     12     0.5568          90             0.2088              772.677                     9.57726
6     12     0.5568          90             0.214368              779.088                     9.6169
6     12     0.5568          90             0.219936              802.473                     9.76017
6     12     0.5568          90             0.225504              845.684                     10.0195
6     12     0.5568          90             0.231072              835.593                     9.95954
6     12     0.5568          90             0.23664              814.582                     9.83353
6     12     0.5568          90             0.242208              847.702                     10.0314
6     12     0.5568          90             0.247776              825.74                     9.90065
6     12     0.5568          90             0.253344              781.818                     9.63374
6     12     0.5568          90             0.258912              767.573                     9.54557
6     12     0.5568          90             0.26448              763.062                     9.51748
6     12     0.5568          90             0.270048              726.974                     9.2897
6     12     0.5568          90             0.275616              705.963                     9.15446
6     12     0.5568          90             0.281184              657.411                     8.83406
6     12     0.5568          90             0.286752              651.357                     8.79329
6     12     0.5568          90             0.29232              646.727                     8.76199
6     12     0.5568          90             0.297888              590.578                     8.37299
6     12     0.5568          90             0.303456              582.031                     8.31218
6     12     0.5568          90             0.309024              573.365                     8.25007
6     12     0.5568          90             0.314592              557.577                     8.13569
6     12     0.5568          90             0.32016              547.249                     8.05999
6     12     0.5568          90             0.325728              536.684                     7.98181
6     12     0.5568          90             0.331296              529.799                     7.93044
6     12     0.5568          90             0.336864              545.35                     8.04599
6     12     0.5568          90             0.342432              543.688                     8.03372
6     12     0.5568          90             0.348              556.033                     8.12442
6     12     0.5568          90             0.353568              588.085                     8.3553
6     12     0.5568          90             0.359136              602.211                     8.45505
6     12     0.5568          90             0.364704              638.892                     8.70875
6     12     0.5568          90             0.370272              678.779                     8.97648
6     12     0.5568          90             0.37584              714.985                     9.21277
6     12     0.5568          90             0.381408              728.993                     9.30258
6     12     0.5568          90             0.386976              795.114                     9.71531
6     12     0.5568          90             0.392544              845.327                     10.0174
6     12     0.5568          90             0.398112              875.717                     10.1959
6     12     0.5568          90             0.40368              924.15                     10.474
6     12     0.5568          90             0.409248              1003.8                     10.9161
6     12     0.5568          90             0.414816              1013.06                     10.9663
6     12     0.5568          90             0.420384              1066.48                     11.2517
6     12     0.5568          90             0.425952              1082.98                     11.3384
6     12     0.5568          90             0.43152              1137.23                     11.6189
6     12     0.5568          90             0.437088              1158.36                     11.7264
6     12     0.5568          90             0.442656              1164.54                     11.7576
6     12     0.5568          90             0.448224              1179.14                     11.8311
6     12     0.5568          90             0.453792              1197.42                     11.9224
6     12     0.5568          90             0.45936              1184.6                     11.8584
6     12     0.5568          90             0.464928              1200.86                     11.9396
6     12     0.5568          90             0.470496              1185.31                     11.862
6     12     0.5568          90             0.476064              1178.07                     11.8257
6     12     0.5568          90             0.481632              1144.59                     11.6565
6     12     0.5568          90             0.4872              1148.51                     11.6764
6     12     0.5568          90             0.492768              1109.46                     11.4762
6     12     0.5568          90             0.498336              1093.07                     11.3911
6     12     0.5568          90             0.503904              1042.27                     11.1232
6     12     0.5568          90             0.509472              1024.7                     11.0291
6     12     0.5568          90             0.51504              971.634                     10.7397
6     12     0.5568          90             0.520608              872.156                     10.1751
6     12     0.5568          90             0.526176              776.714                     9.60224
6     12     0.5568          90             0.531744              736.352                     9.34942
6     12     0.5568          90             0.537312              543.688                     8.03372
6     12     0.5568          90             0.54288              0                     0
6     12     0.5568          90             0.548448              0                     0
*******************************************************************************************************
 Average angle 89.9735 +- 0.130198 deg 
 Average E' 0.193679 +- 0.000280266 GeV 
