*******************************************************************************************************
Z     A     E(GeV)     Theta(deg)     Energy Loss(GeV)     Sigma(nb/sr/GeV)     ERROR     Citation     
*******************************************************************************************************
6     12     1.3          13.54             0.0065              0                     0
6     12     1.3          13.54             0.0195              0                     0
6     12     1.3          13.54             0.0325              0                     0
6     12     1.3          13.54             0.0455              0                     0
6     12     1.3          13.54             0.0585              0                     0
6     12     1.3          13.54             0.0715              0                     0
6     12     1.3          13.54             0.0845              0                     0
6     12     1.3          13.54             0.0975              0                     0
6     12     1.3          13.54             0.1105              0                     0
6     12     1.3          13.54             0.1235              0                     0
6     12     1.3          13.54             0.1365              0                     0
6     12     1.3          13.54             0.1495              0                     0
6     12     1.3          13.54             0.1625              1.24372                     0.718062
6     12     1.3          13.54             0.1755              14.5101                     2.45265
6     12     1.3          13.54             0.1885              75.4523                     5.5929
6     12     1.3          13.54             0.2015              211.847                     9.37156
6     12     1.3          13.54             0.2145              516.558                     14.6339
6     12     1.3          13.54             0.2275              1076.65                     21.127
6     12     1.3          13.54             0.2405              1896.67                     28.0412
6     12     1.3          13.54             0.2535              3166.1                     36.2295
6     12     1.3          13.54             0.2665              5192.95                     46.3989
6     12     1.3          13.54             0.2795              8317.58                     58.7218
6     12     1.3          13.54             0.2925              13047.9                     73.5479
6     12     1.3          13.54             0.3055              19289.3                     89.4249
6     12     1.3          13.54             0.3185              26921.6                     105.645
6     12     1.3          13.54             0.3315              35250.3                     120.888
6     12     1.3          13.54             0.3445              42497.9                     132.735
6     12     1.3          13.54             0.3575              48838                     142.292
6     12     1.3          13.54             0.3705              53138.8                     148.425
6     12     1.3          13.54             0.3835              54909.4                     150.877
6     12     1.3          13.54             0.3965              55137.8                     151.191
6     12     1.3          13.54             0.4095              53829.9                     149.387
6     12     1.3          13.54             0.4225              50928.7                     145.305
6     12     1.3          13.54             0.4355              47787.5                     140.753
6     12     1.3          13.54             0.4485              44133.8                     135.265
6     12     1.3          13.54             0.4615              40373.6                     129.375
6     12     1.3          13.54             0.4745              36911.1                     123.703
6     12     1.3          13.54             0.4875              33450.3                     117.761
6     12     1.3          13.54             0.5005              30394                     112.252
6     12     1.3          13.54             0.5135              27493.7                     106.762
6     12     1.3          13.54             0.5265              25171.2                     102.153
6     12     1.3          13.54             0.5395              23132.8                     97.9297
6     12     1.3          13.54             0.5525              21177.6                     93.7
6     12     1.3          13.54             0.5655              19756.5                     90.5015
6     12     1.3          13.54             0.5785              18597.3                     87.8064
6     12     1.3          13.54             0.5915              17504.9                     85.1885
6     12     1.3          13.54             0.6045              16968.9                     83.874
6     12     1.3          13.54             0.6175              16424.6                     82.5178
6     12     1.3          13.54             0.6305              16177.1                     81.8937
6     12     1.3          13.54             0.6435              16280.7                     82.1556
6     12     1.3          13.54             0.6565              16369.8                     82.3802
6     12     1.3          13.54             0.6695              16825.9                     83.5198
6     12     1.3          13.54             0.6825              17354.9                     84.8225
6     12     1.3          13.54             0.6955              17758.2                     85.8027
6     12     1.3          13.54             0.7085              18681.1                     88.0039
6     12     1.3          13.54             0.7215              19067.5                     88.9093
6     12     1.3          13.54             0.7345              19786.8                     90.5707
6     12     1.3          13.54             0.7475              20427.3                     92.025
6     12     1.3          13.54             0.7605              20693.4                     92.6226
6     12     1.3          13.54             0.7735              20897.4                     93.0779
6     12     1.3          13.54             0.7865              20877.5                     93.0336
6     12     1.3          13.54             0.7995              21075.2                     93.4732
6     12     1.3          13.54             0.8125              21093.1                     93.5127
6     12     1.3          13.54             0.8255              21059.9                     93.4392
6     12     1.3          13.54             0.8385              20885                     93.0502
6     12     1.3          13.54             0.8515              20704.2                     92.6467
6     12     1.3          13.54             0.8645              20383.7                     91.9269
6     12     1.3          13.54             0.8775              19764.8                     90.5204
6     12     1.3          13.54             0.8905              19735.8                     90.454
6     12     1.3          13.54             0.9035              19572.8                     90.0798
6     12     1.3          13.54             0.9165              19036                     88.8358
6     12     1.3          13.54             0.9295              18955.1                     88.647
6     12     1.3          13.54             0.9425              18346.5                     87.2123
6     12     1.3          13.54             0.9555              17199                     84.4408
6     12     1.3          13.54             0.9685              15133.6                     79.2085
6     12     1.3          13.54             0.9815              13198.4                     73.9708
6     12     1.3          13.54             0.9945              11202.6                     68.1491
6     12     1.3          13.54             1.0075              9392.16                     62.3998
6     12     1.3          13.54             1.0205              7335.46                     55.146
6     12     1.3          13.54             1.0335              5500.14                     47.7516
6     12     1.3          13.54             1.0465              3747.33                     39.415
6     12     1.3          13.54             1.0595              1929.42                     28.2823
6     12     1.3          13.54             1.0725              396.332                     12.8183
6     12     1.3          13.54             1.0855              0                     0
6     12     1.3          13.54             1.0985              0                     0
6     12     1.3          13.54             1.1115              0                     0
6     12     1.3          13.54             1.1245              0                     0
6     12     1.3          13.54             1.1375              0                     0
6     12     1.3          13.54             1.1505              0                     0
6     12     1.3          13.54             1.1635              0                     0
6     12     1.3          13.54             1.1765              0                     0
6     12     1.3          13.54             1.1895              0                     0
6     12     1.3          13.54             1.2025              0                     0
6     12     1.3          13.54             1.2155              0                     0
6     12     1.3          13.54             1.2285              0                     0
6     12     1.3          13.54             1.2415              0                     0
6     12     1.3          13.54             1.2545              0                     0
6     12     1.3          13.54             1.2675              0                     0
6     12     1.3          13.54             1.2805              0                     0
*******************************************************************************************************
 Average angle 4.74589e+07 +- 25286.3 deg 
 Average E' 2.52563e+06 +- 1345.67 GeV 
