*******************************************************************************************************
Z     A     E(GeV)     Theta(deg)     Energy Loss(GeV)     Sigma(nb/sr/GeV)     ERROR     Citation     
*******************************************************************************************************
6     12     3.4886          40             0.017443              0                     0
6     12     3.4886          40             0.052329              0                     0
6     12     3.4886          40             0.087215              0                     0
6     12     3.4886          40             0.122101              0                     0
6     12     3.4886          40             0.156987              0                     0
6     12     3.4886          40             0.191873              0                     0
6     12     3.4886          40             0.226759              0                     0
6     12     3.4886          40             0.261645              0                     0
6     12     3.4886          40             0.296531              0                     0
6     12     3.4886          40             0.331417              0                     0
6     12     3.4886          40             0.366303              0                     0
6     12     3.4886          40             0.401189              0                     0
6     12     3.4886          40             0.436075              0                     0
6     12     3.4886          40             0.470961              0                     0
6     12     3.4886          40             0.505847              0                     0
6     12     3.4886          40             0.540733              0                     0
6     12     3.4886          40             0.575619              0                     0
6     12     3.4886          40             0.610505              0                     0
6     12     3.4886          40             0.645391              0                     0
6     12     3.4886          40             0.680277              0                     0
6     12     3.4886          40             0.715163              0                     0
6     12     3.4886          40             0.750049              0                     0
6     12     3.4886          40             0.784935              0                     0
6     12     3.4886          40             0.819821              0                     0
6     12     3.4886          40             0.854707              0                     0
6     12     3.4886          40             0.889593              0                     0
6     12     3.4886          40             0.924479              0                     0
6     12     3.4886          40             0.959365              0                     0
6     12     3.4886          40             0.994251              0                     0
6     12     3.4886          40             1.02914              0                     0
6     12     3.4886          40             1.06402              0                     0
6     12     3.4886          40             1.09891              0                     0
6     12     3.4886          40             1.1338              0                     0
6     12     3.4886          40             1.16868              0                     0
6     12     3.4886          40             1.20357              0                     0
6     12     3.4886          40             1.23845              0                     0
6     12     3.4886          40             1.27334              0                     0
6     12     3.4886          40             1.30823              0                     0
6     12     3.4886          40             1.34311              0                     0
6     12     3.4886          40             1.378              0                     0
6     12     3.4886          40             1.41288              0                     0
6     12     3.4886          40             1.44777              0                     0
6     12     3.4886          40             1.48266              0.109229                     0.0772362
6     12     3.4886          40             1.51754              0.218457                     0.109229
6     12     3.4886          40             1.55243              0.3823                     0.144496
6     12     3.4886          40             1.58731              0.600757                     0.181135
6     12     3.4886          40             1.6222              1.58381                     0.294107
6     12     3.4886          40             1.65709              1.69304                     0.304079
6     12     3.4886          40             1.69197              2.56687                     0.374417
6     12     3.4886          40             1.72686              3.4407                     0.433487
6     12     3.4886          40             1.76174              5.7345                     0.55963
6     12     3.4886          40             1.79663              7.53677                     0.641572
6     12     3.4886          40             1.83152              10.4313                     0.754784
6     12     3.4886          40             1.8664              12.7251                     0.833651
6     12     3.4886          40             1.90129              16.712                     0.95536
6     12     3.4886          40             1.93617              19.7158                     1.03767
6     12     3.4886          40             1.97106              24.1941                     1.1495
6     12     3.4886          40             2.00595              27.8533                     1.23336
6     12     3.4886          40             2.04083              31.2394                     1.30618
6     12     3.4886          40             2.07572              35.2262                     1.38703
6     12     3.4886          40             2.1106              36.7008                     1.41576
6     12     3.4886          40             2.14549              42.7084                     1.52725
6     12     3.4886          40             2.18038              49.7536                     1.64841
6     12     3.4886          40             2.21526              50.7913                     1.66551
6     12     3.4886          40             2.25015              52.102                     1.68687
6     12     3.4886          40             2.28503              55.0512                     1.73395
6     12     3.4886          40             2.31992              53.4128                     1.70795
6     12     3.4886          40             2.35481              60.8403                     1.82284
6     12     3.4886          40             2.38969              64.1172                     1.87129
6     12     3.4886          40             2.42458              64.5541                     1.87765
6     12     3.4886          40             2.45946              69.0324                     1.94169
6     12     3.4886          40             2.49435              72.3093                     1.98724
6     12     3.4886          40             2.52923              76.7877                     2.04785
6     12     3.4886          40             2.56412              79.8461                     2.08824
6     12     3.4886          40             2.59901              83.5598                     2.13625
6     12     3.4886          40             2.63389              83.9421                     2.14113
6     12     3.4886          40             2.66878              90.6597                     2.22515
6     12     3.4886          40             2.70366              94.2096                     2.2683
6     12     3.4886          40             2.73855              100.982                     2.34841
6     12     3.4886          40             2.77344              104.422                     2.38809
6     12     3.4886          40             2.80832              109.665                     2.4473
6     12     3.4886          40             2.84321              109.665                     2.4473
6     12     3.4886          40             2.8781              116.492                     2.52233
6     12     3.4886          40             2.91298              116.547                     2.52292
6     12     3.4886          40             2.94787              123.647                     2.59863
6     12     3.4886          40             2.98275              131.402                     2.67888
6     12     3.4886          40             3.01764              134.133                     2.70658
6     12     3.4886          40             3.05253              132.986                     2.69498
6     12     3.4886          40             3.08741              129.217                     2.65652
6     12     3.4886          40             3.1223              137.246                     2.7378
6     12     3.4886          40             3.15718              141.997                     2.78479
6     12     3.4886          40             3.19207              141.942                     2.78426
6     12     3.4886          40             3.22696              149.588                     2.85826
6     12     3.4886          40             3.26184              141.506                     2.77997
6     12     3.4886          40             3.29673              145.929                     2.82309
6     12     3.4886          40             3.33161              138.884                     2.7541
6     12     3.4886          40             3.3665              128.016                     2.64414
6     12     3.4886          40             3.40139              109.829                     2.44913
6     12     3.4886          40             3.43627              76.8969                     2.04931
*******************************************************************************************************
 Average angle 39.9358 +- 0.14697 deg 
 Average E' 0.635973 +- 0.00234048 GeV 
