*******************************************************************************************************
Z     A     E(GeV)     Theta(deg)     Energy Loss(GeV)     Sigma(nb/sr/GeV)     ERROR     Citation     
*******************************************************************************************************
6     12     1.204          22.01             0.00602              5.37155                     5.37155
6     12     1.204          22.01             0.01806              21.4862                     10.7431
6     12     1.204          22.01             0.0301              112.803                     24.6155
6     12     1.204          22.01             0.04214              273.949                     38.3605
6     12     1.204          22.01             0.05418              413.609                     47.1351
6     12     1.204          22.01             0.06622              805.732                     65.7878
6     12     1.204          22.01             0.07826              972.25                     72.2668
6     12     1.204          22.01             0.0903              1224.71                     81.1086
6     12     1.204          22.01             0.10234              1729.64                     96.389
6     12     1.204          22.01             0.11438              1965.99                     102.764
6     12     1.204          22.01             0.12642              2315.14                     111.516
6     12     1.204          22.01             0.13846              2535.37                     116.7
6     12     1.204          22.01             0.1505              3002.7                     127.001
6     12     1.204          22.01             0.16254              3330.36                     133.75
6     12     1.204          22.01             0.17458              3432.42                     135.784
6     12     1.204          22.01             0.18662              3980.32                     146.221
6     12     1.204          22.01             0.19866              4420.78                     154.099
6     12     1.204          22.01             0.2107              5500.47                     171.89
6     12     1.204          22.01             0.22274              5516.58                     172.141
6     12     1.204          22.01             0.23478              5973.16                     179.123
6     12     1.204          22.01             0.24682              6547.92                     187.543
6     12     1.204          22.01             0.25886              7342.91                     198.602
6     12     1.204          22.01             0.2709              7455.71                     200.122
6     12     1.204          22.01             0.28294              7863.95                     205.528
6     12     1.204          22.01             0.29498              7820.98                     204.965
6     12     1.204          22.01             0.30702              7278.45                     197.728
6     12     1.204          22.01             0.31906              6929.3                     192.928
6     12     1.204          22.01             0.3311              6569.4                     187.851
6     12     1.204          22.01             0.34314              5790.53                     176.364
6     12     1.204          22.01             0.35518              5398.41                     170.287
6     12     1.204          22.01             0.36722              4598.05                     157.158
6     12     1.204          22.01             0.37926              4367.07                     153.16
6     12     1.204          22.01             0.3913              3324.99                     133.643
6     12     1.204          22.01             0.40334              2938.24                     125.63
6     12     1.204          22.01             0.41538              2460.17                     114.956
6     12     1.204          22.01             0.42742              2078.79                     105.671
6     12     1.204          22.01             0.43946              1788.73                     98.0216
6     12     1.204          22.01             0.4515              1761.87                     97.2829
6     12     1.204          22.01             0.46354              1353.63                     85.2707
6     12     1.204          22.01             0.47558              1423.46                     87.4425
6     12     1.204          22.01             0.48762              1332.14                     84.5912
6     12     1.204          22.01             0.49966              1439.58                     87.936
6     12     1.204          22.01             0.5117              1326.77                     84.4205
6     12     1.204          22.01             0.52374              1321.4                     84.2495
6     12     1.204          22.01             0.53578              1342.89                     84.9316
6     12     1.204          22.01             0.54782              1396.6                     86.6136
6     12     1.204          22.01             0.55986              1450.32                     88.2636
6     12     1.204          22.01             0.5719              1133.4                     78.0263
6     12     1.204          22.01             0.58394              1310.66                     83.9063
6     12     1.204          22.01             0.59598              1181.74                     79.6729
6     12     1.204          22.01             0.60802              1337.52                     84.7616
6     12     1.204          22.01             0.62006              1160.25                     78.9453
6     12     1.204          22.01             0.6321              1095.8                     76.7211
6     12     1.204          22.01             0.64414              999.108                     73.2582
6     12     1.204          22.01             0.65618              1101.17                     76.9089
6     12     1.204          22.01             0.66822              1009.85                     73.651
6     12     1.204          22.01             0.68026              940.021                     71.0589
6     12     1.204          22.01             0.6923              1004.48                     73.4548
6     12     1.204          22.01             0.70434              966.879                     72.0669
6     12     1.204          22.01             0.71638              918.535                     70.2421
6     12     1.204          22.01             0.72842              768.131                     64.2344
6     12     1.204          22.01             0.74046              940.021                     71.0589
6     12     1.204          22.01             0.7525              649.957                     59.087
6     12     1.204          22.01             0.76454              907.792                     69.8301
6     12     1.204          22.01             0.77658              741.274                     63.1014
6     12     1.204          22.01             0.78862              821.847                     66.4424
6     12     1.204          22.01             0.80066              762.76                     64.0094
6     12     1.204          22.01             0.8127              585.499                     56.0806
6     12     1.204          22.01             0.82474              547.898                     54.25
6     12     1.204          22.01             0.83678              392.123                     45.8945
6     12     1.204          22.01             0.84882              273.949                     38.3605
6     12     1.204          22.01             0.86086              107.431                     24.0223
6     12     1.204          22.01             0.8729              48.3439                     16.1146
6     12     1.204          22.01             0.88494              32.2293                     13.1576
6     12     1.204          22.01             0.89698              0                     0
6     12     1.204          22.01             0.90902              0                     0
6     12     1.204          22.01             0.92106              0                     0
6     12     1.204          22.01             0.9331              0                     0
6     12     1.204          22.01             0.94514              0                     0
6     12     1.204          22.01             0.95718              0                     0
6     12     1.204          22.01             0.96922              0                     0
6     12     1.204          22.01             0.98126              0                     0
6     12     1.204          22.01             0.9933              0                     0
6     12     1.204          22.01             1.00534              0                     0
6     12     1.204          22.01             1.01738              0                     0
6     12     1.204          22.01             1.02942              0                     0
6     12     1.204          22.01             1.04146              0                     0
6     12     1.204          22.01             1.0535              0                     0
6     12     1.204          22.01             1.06554              0                     0
6     12     1.204          22.01             1.07758              0                     0
6     12     1.204          22.01             1.08962              0                     0
6     12     1.204          22.01             1.10166              0                     0
6     12     1.204          22.01             1.1137              0                     0
6     12     1.204          22.01             1.12574              0                     0
6     12     1.204          22.01             1.13778              0                     0
6     12     1.204          22.01             1.14982              0                     0
6     12     1.204          22.01             1.16186              0                     0
6     12     1.204          22.01             1.1739              0                     0
6     12     1.204          22.01             1.18594              0                     0
*******************************************************************************************************
 Average mean_angle 710070 +- 3945.57 deg 
 Average E' 27905.3 +- 155.058 GeV 
