*******************************************************************************************************
Z     A     E(GeV)     Theta(deg)     Energy Loss(GeV)     Sigma(nb/sr/GeV)     ERROR     Citation     
*******************************************************************************************************
6     12     0.4          90             0.002              0                     0
6     12     0.4          90             0.006              0                     0
6     12     0.4          90             0.01              0                     0
6     12     0.4          90             0.014              0                     0
6     12     0.4          90             0.018              0                     0
6     12     0.4          90             0.022              0                     0
6     12     0.4          90             0.026              0                     0
6     12     0.4          90             0.03              0                     0
6     12     0.4          90             0.034              0                     0
6     12     0.4          90             0.038              0                     0
6     12     0.4          90             0.042              0                     0
6     12     0.4          90             0.046              0                     0
6     12     0.4          90             0.05              0                     0
6     12     0.4          90             0.054              0                     0
6     12     0.4          90             0.058              0                     0
6     12     0.4          90             0.062              0                     0
6     12     0.4          90             0.066              0                     0
6     12     0.4          90             0.07              0                     0
6     12     0.4          90             0.074              0                     0
6     12     0.4          90             0.078              0                     0
6     12     0.4          90             0.082              0                     0
6     12     0.4          90             0.086              0                     0
6     12     0.4          90             0.09              0                     0
6     12     0.4          90             0.094              0                     0
6     12     0.4          90             0.098              0                     0
6     12     0.4          90             0.102              0                     0
6     12     0.4          90             0.106              0                     0
6     12     0.4          90             0.11              0                     0
6     12     0.4          90             0.114              0                     0
6     12     0.4          90             0.118              0                     0
6     12     0.4          90             0.122              0                     0
6     12     0.4          90             0.126              0                     0
6     12     0.4          90             0.13              0                     0
6     12     0.4          90             0.134              0                     0
6     12     0.4          90             0.138              0                     0
6     12     0.4          90             0.142              0                     0
6     12     0.4          90             0.146              0                     0
6     12     0.4          90             0.15              0                     0
6     12     0.4          90             0.154              0                     0
6     12     0.4          90             0.158              0                     0
6     12     0.4          90             0.162              0                     0
6     12     0.4          90             0.166              0                     0
6     12     0.4          90             0.17              0                     0
6     12     0.4          90             0.174              0                     0
6     12     0.4          90             0.178              0                     0
6     12     0.4          90             0.182              0                     0
6     12     0.4          90             0.186              0.142557                     0.142557
6     12     0.4          90             0.19              0.570228                     0.285114
6     12     0.4          90             0.194              1.71069                     0.493832
6     12     0.4          90             0.198              2.70858                     0.621392
6     12     0.4          90             0.202              5.55973                     0.890269
6     12     0.4          90             0.206              8.41087                     1.095
6     12     0.4          90             0.21              12.545                     1.3373
6     12     0.4          90             0.214              16.6792                     1.54199
6     12     0.4          90             0.218              24.2347                     1.85872
6     12     0.4          90             0.222              27.9412                     1.9958
6     12     0.4          90             0.226              32.6456                     2.15728
6     12     0.4          90             0.23              38.7755                     2.35111
6     12     0.4          90             0.234              48.3269                     2.62475
6     12     0.4          90             0.238              58.4484                     2.88656
6     12     0.4          90             0.242              69.853                     3.15564
6     12     0.4          90             0.246              81.5427                     3.40947
6     12     0.4          90             0.25              85.5343                     3.49192
6     12     0.4          90             0.254              100.075                     3.77709
6     12     0.4          90             0.258              110.482                     3.96862
6     12     0.4          90             0.262              119.605                     4.12924
6     12     0.4          90             0.266              125.593                     4.23133
6     12     0.4          90             0.27              130.44                     4.3122
6     12     0.4          90             0.274              151.681                     4.65007
6     12     0.4          90             0.278              142.129                     4.50128
6     12     0.4          90             0.282              152.679                     4.66534
6     12     0.4          90             0.286              155.957                     4.71517
6     12     0.4          90             0.29              158.523                     4.7538
6     12     0.4          90             0.294              158.238                     4.74953
6     12     0.4          90             0.298              168.645                     4.90322
6     12     0.4          90             0.302              160.947                     4.79
6     12     0.4          90             0.306              173.064                     4.96705
6     12     0.4          90             0.31              169.786                     4.91977
6     12     0.4          90             0.314              170.071                     4.9239
6     12     0.4          90             0.318              174.062                     4.98135
6     12     0.4          90             0.322              164.083                     4.83645
6     12     0.4          90             0.326              170.356                     4.92802
6     12     0.4          90             0.33              176.486                     5.0159
6     12     0.4          90             0.334              158.381                     4.75167
6     12     0.4          90             0.338              152.821                     4.66752
6     12     0.4          90             0.342              150.683                     4.63475
6     12     0.4          90             0.346              134.716                     4.38233
6     12     0.4          90             0.35              139.136                     4.45363
6     12     0.4          90             0.354              128.587                     4.28146
6     12     0.4          90             0.358              111.48                     3.9865
6     12     0.4          90             0.362              101.928                     3.8119
6     12     0.4          90             0.366              94.8005                     3.6762
6     12     0.4          90             0.37              84.2512                     3.46563
6     12     0.4          90             0.374              62.8677                     2.9937
6     12     0.4          90             0.378              0                     0
6     12     0.4          90             0.382              0                     0
6     12     0.4          90             0.386              0                     0
6     12     0.4          90             0.39              0                     0
6     12     0.4          90             0.394              0                     0
*******************************************************************************************************
 Average mean_angle 3.07286e+06 +- 16628.5 deg 
 Average E' 3281.7 +- 17.7587 GeV 
