*******************************************************************************************************
Z     A     E(GeV)     Theta(deg)     Energy Loss(GeV)     Sigma(nb/sr/GeV)     ERROR     Citation     
*******************************************************************************************************
6     12     0.32          145             0.0016              0                     0
6     12     0.32          145             0.0048              0                     0
6     12     0.32          145             0.008              0                     0
6     12     0.32          145             0.0112              0                     0
6     12     0.32          145             0.0144              0                     0
6     12     0.32          145             0.0176              0                     0
6     12     0.32          145             0.0208              0                     0
6     12     0.32          145             0.024              0                     0
6     12     0.32          145             0.0272              0                     0
6     12     0.32          145             0.0304              0                     0
6     12     0.32          145             0.0336              0                     0
6     12     0.32          145             0.0368              0                     0
6     12     0.32          145             0.04              0                     0
6     12     0.32          145             0.0432              0                     0
6     12     0.32          145             0.0464              0                     0
6     12     0.32          145             0.0496              0                     0
6     12     0.32          145             0.0528              0                     0
6     12     0.32          145             0.056              0                     0
6     12     0.32          145             0.0592              0                     0
6     12     0.32          145             0.0624              0                     0
6     12     0.32          145             0.0656              0                     0
6     12     0.32          145             0.0688              0                     0
6     12     0.32          145             0.072              0                     0
6     12     0.32          145             0.0752              0                     0
6     12     0.32          145             0.0784              0                     0
6     12     0.32          145             0.0816              0                     0
6     12     0.32          145             0.0848              0                     0
6     12     0.32          145             0.088              0                     0
6     12     0.32          145             0.0912              0                     0
6     12     0.32          145             0.0944              0                     0
6     12     0.32          145             0.0976              0                     0
6     12     0.32          145             0.1008              0                     0
6     12     0.32          145             0.104              0                     0
6     12     0.32          145             0.1072              0                     0
6     12     0.32          145             0.1104              0                     0
6     12     0.32          145             0.1136              0                     0
6     12     0.32          145             0.1168              0                     0
6     12     0.32          145             0.12              0                     0
6     12     0.32          145             0.1232              0                     0
6     12     0.32          145             0.1264              0                     0
6     12     0.32          145             0.1296              0                     0
6     12     0.32          145             0.1328              0                     0
6     12     0.32          145             0.136              0                     0
6     12     0.32          145             0.1392              0                     0
6     12     0.32          145             0.1424              0                     0
6     12     0.32          145             0.1456              0                     0
6     12     0.32          145             0.1488              0                     0
6     12     0.32          145             0.152              0                     0
6     12     0.32          145             0.1552              0                     0
6     12     0.32          145             0.1584              0                     0
6     12     0.32          145             0.1616              0                     0
6     12     0.32          145             0.1648              0                     0
6     12     0.32          145             0.168              0                     0
6     12     0.32          145             0.1712              0                     0
6     12     0.32          145             0.1744              0                     0
6     12     0.32          145             0.1776              0                     0
6     12     0.32          145             0.1808              0                     0
6     12     0.32          145             0.184              0.271689                     0.271689
6     12     0.32          145             0.1872              0.815066                     0.470578
6     12     0.32          145             0.1904              0.815066                     0.470578
6     12     0.32          145             0.1936              1.08675                     0.543377
6     12     0.32          145             0.1968              2.4452                     0.815066
6     12     0.32          145             0.2              4.34702                     1.08675
6     12     0.32          145             0.2032              3.26026                     0.941157
6     12     0.32          145             0.2064              7.87897                     1.46309
6     12     0.32          145             0.2096              9.78079                     1.63013
6     12     0.32          145             0.2128              12.4977                     1.84268
6     12     0.32          145             0.216              12.7694                     1.8626
6     12     0.32          145             0.2192              18.4748                     2.2404
6     12     0.32          145             0.2224              19.8333                     2.32131
6     12     0.32          145             0.2256              26.8972                     2.70327
6     12     0.32          145             0.2288              27.9839                     2.75734
6     12     0.32          145             0.232              30.9725                     2.90084
6     12     0.32          145             0.2352              41.5683                     3.3606
6     12     0.32          145             0.2384              46.4587                     3.55279
6     12     0.32          145             0.2416              44.0135                     3.45803
6     12     0.32          145             0.2448              55.1528                     3.87097
6     12     0.32          145             0.248              57.598                     3.95584
6     12     0.32          145             0.2512              65.7486                     4.22648
6     12     0.32          145             0.2544              66.292                     4.24391
6     12     0.32          145             0.2576              79.6047                     4.65056
6     12     0.32          145             0.2608              82.865                     4.74484
6     12     0.32          145             0.264              85.8536                     4.82964
6     12     0.32          145             0.2672              77.7029                     4.59467
6     12     0.32          145             0.2704              87.212                     4.8677
6     12     0.32          145             0.2736              86.9403                     4.86011
6     12     0.32          145             0.2768              101.068                     5.24014
6     12     0.32          145             0.28              84.2234                     4.78357
6     12     0.32          145             0.2832              90.2006                     4.9504
6     12     0.32          145             0.2864              87.212                     4.8677
6     12     0.32          145             0.2896              90.4723                     4.95785
6     12     0.32          145             0.2928              77.4312                     4.58663
6     12     0.32          145             0.296              80.4198                     4.67431
6     12     0.32          145             0.2992              77.1595                     4.57858
6     12     0.32          145             0.3024              39.1231                     3.26026
6     12     0.32          145             0.3056              0                     0
6     12     0.32          145             0.3088              0                     0
6     12     0.32          145             0.312              0                     0
6     12     0.32          145             0.3152              0                     0
*******************************************************************************************************
 Average mean_angle 952227 +- 11749.6 deg 
 Average E' 353.333 +- 4.35981 GeV 
