*******************************************************************************************************
Z     A     E(GeV)     Theta(deg)     Energy Loss(GeV)     Sigma(nb/sr/GeV)     ERROR     Citation     
*******************************************************************************************************
6     12     0.5568          60             0.002784              0.137073                     0.137073
6     12     0.5568          60             0.008352              0.274147                     0.193851
6     12     0.5568          60             0.01392              8.49855                     1.07932
6     12     0.5568          60             0.019488              43.4523                     2.44052
6     12     0.5568          60             0.025056              82.6553                     3.36598
6     12     0.5568          60             0.030624              143.379                     4.43322
6     12     0.5568          60             0.036192              233.847                     5.66165
6     12     0.5568          60             0.04176              357.076                     6.99612
6     12     0.5568          60             0.047328              501.689                     8.29266
6     12     0.5568          60             0.052896              693.18                     9.74765
6     12     0.5568          60             0.058464              913.183                     11.1881
6     12     0.5568          60             0.064032              1139.08                     12.4955
6     12     0.5568          60             0.0696              1388.01                     13.7934
6     12     0.5568          60             0.075168              1776.47                     15.6047
6     12     0.5568          60             0.080736              2067.07                     16.8327
6     12     0.5568          60             0.086304              2442.37                     18.2971
6     12     0.5568          60             0.091872              2793.01                     19.5665
6     12     0.5568          60             0.09744              3160.23                     20.8131
6     12     0.5568          60             0.103008              3523.47                     21.9767
6     12     0.5568          60             0.108576              3837.51                     22.9351
6     12     0.5568          60             0.114144              4159.77                     23.8787
6     12     0.5568          60             0.119712              4413.22                     24.5954
6     12     0.5568          60             0.12528              4582.91                     25.0638
6     12     0.5568          60             0.130848              4730.13                     25.4632
6     12     0.5568          60             0.136416              4864.6                     25.8226
6     12     0.5568          60             0.141984              4875.43                     25.8513
6     12     0.5568          60             0.147552              4831.29                     25.7341
6     12     0.5568          60             0.15312              4820.87                     25.7063
6     12     0.5568          60             0.158688              4710.12                     25.4093
6     12     0.5568          60             0.164256              4532.74                     24.9263
6     12     0.5568          60             0.169824              4389.91                     24.5304
6     12     0.5568          60             0.175392              4213.91                     24.0336
6     12     0.5568          60             0.18096              3947.58                     23.2617
6     12     0.5568          60             0.186528              3728.53                     22.6071
6     12     0.5568          60             0.192096              3508.67                     21.9305
6     12     0.5568          60             0.197664              3286.06                     21.2234
6     12     0.5568          60             0.203232              3069.21                     20.5112
6     12     0.5568          60             0.2088              2834.4                     19.711
6     12     0.5568          60             0.214368              2598.78                     18.8739
6     12     0.5568          60             0.219936              2461.84                     18.3699
6     12     0.5568          60             0.225504              2280.63                     17.6809
6     12     0.5568          60             0.231072              2147.94                     17.1588
6     12     0.5568          60             0.23664              1976.74                     16.4608
6     12     0.5568          60             0.242208              1909.84                     16.1799
6     12     0.5568          60             0.247776              1845.56                     15.9052
6     12     0.5568          60             0.253344              1778.67                     15.6143
6     12     0.5568          60             0.258912              1735.62                     15.4243
6     12     0.5568          60             0.26448              1704.65                     15.286
6     12     0.5568          60             0.270048              1669.83                     15.1291
6     12     0.5568          60             0.275616              1660.1                     15.0849
6     12     0.5568          60             0.281184              1678.46                     15.1682
6     12     0.5568          60             0.286752              1670.79                     15.1334
6     12     0.5568          60             0.29232              1661.6                     15.0918
6     12     0.5568          60             0.297888              1704.51                     15.2854
6     12     0.5568          60             0.303456              1715.47                     15.3345
6     12     0.5568          60             0.309024              1746.18                     15.4711
6     12     0.5568          60             0.314592              1808.41                     15.7444
6     12     0.5568          60             0.32016              1842.13                     15.8905
6     12     0.5568          60             0.325728              1912.45                     16.1909
6     12     0.5568          60             0.331296              1985.1                     16.4956
6     12     0.5568          60             0.336864              2058.02                     16.7958
6     12     0.5568          60             0.342432              2147.94                     17.1588
6     12     0.5568          60             0.348              2269.94                     17.6394
6     12     0.5568          60             0.353568              2346.56                     17.9346
6     12     0.5568          60             0.359136              2463.21                     18.375
6     12     0.5568          60             0.364704              2529.28                     18.6198
6     12     0.5568          60             0.370272              2649.49                     19.0572
6     12     0.5568          60             0.37584              2764.36                     19.4659
6     12     0.5568          60             0.381408              2808.36                     19.6202
6     12     0.5568          60             0.386976              2897.18                     19.928
6     12     0.5568          60             0.392544              2985.19                     20.2284
6     12     0.5568          60             0.398112              2981.48                     20.2159
6     12     0.5568          60             0.40368              3026.31                     20.3673
6     12     0.5568          60             0.409248              3047.55                     20.4387
6     12     0.5568          60             0.414816              3030.69                     20.382
6     12     0.5568          60             0.420384              3047.28                     20.4377
6     12     0.5568          60             0.425952              3014.38                     20.3271
6     12     0.5568          60             0.43152              2989.3                     20.2424
6     12     0.5568          60             0.437088              2961.33                     20.1475
6     12     0.5568          60             0.442656              2904.86                     19.9544
6     12     0.5568          60             0.448224              2853.46                     19.7771
6     12     0.5568          60             0.453792              2826.32                     19.6828
6     12     0.5568          60             0.45936              2758.19                     19.4441
6     12     0.5568          60             0.464928              2706.24                     19.2602
6     12     0.5568          60             0.470496              2606.59                     18.9022
6     12     0.5568          60             0.476064              2556.97                     18.7214
6     12     0.5568          60             0.481632              2446.76                     18.3135
6     12     0.5568          60             0.4872              2289.4                     17.7149
6     12     0.5568          60             0.492768              2060.08                     16.8042
6     12     0.5568          60             0.498336              1933.56                     16.28
6     12     0.5568          60             0.503904              1847.34                     15.9129
6     12     0.5568          60             0.509472              1770.3                     15.5776
6     12     0.5568          60             0.51504              1709.85                     15.3093
6     12     0.5568          60             0.520608              875.488                     10.9547
6     12     0.5568          60             0.526176              0                     0
6     12     0.5568          60             0.531744              0                     0
6     12     0.5568          60             0.537312              0                     0
6     12     0.5568          60             0.54288              0                     0
6     12     0.5568          60             0.548448              0                     0
*******************************************************************************************************
 Average angle 59.9616 +- 0.0464657 deg 
 Average E' 0.285806 +- 0.000221478 GeV 
