*******************************************************************************************************
Z     A     E(GeV)     Theta(deg)     Energy Loss(GeV)     Sigma(nb/sr/GeV)     ERROR     Citation     
*******************************************************************************************************
6     12     1.93          16             0.00965              213.342                     16.9725
6     12     1.93          16             0.02895              2809.9                     61.5963
6     12     1.93          16             0.04825              9256.05                     111.795
6     12     1.93          16             0.06755              18732.2                     159.039
6     12     1.93          16             0.08685              31551.6                     206.405
6     12     1.93          16             0.10615              42892.5                     240.658
6     12     1.93          16             0.12545              53037                     267.608
6     12     1.93          16             0.14475              56599                     276.448
6     12     1.93          16             0.16405              55967.1                     274.9
6     12     1.93          16             0.18335              51227.6                     263.003
6     12     1.93          16             0.20265              44183.3                     244.252
6     12     1.93          16             0.22195              36700.1                     222.609
6     12     1.93          16             0.24125              28392                     195.797
6     12     1.93          16             0.26055              20912.9                     168.041
6     12     1.93          16             0.27985              15158.1                     143.064
6     12     1.93          16             0.29915              10530.7                     119.244
6     12     1.93          16             0.31845              7360.28                     99.6911
6     12     1.93          16             0.33775              5022.98                     82.355
6     12     1.93          16             0.35705              3289.24                     66.6434
6     12     1.93          16             0.37635              2452.08                     57.5409
6     12     1.93          16             0.39565              1663.52                     47.394
6     12     1.93          16             0.41495              1142.32                     39.2739
6     12     1.93          16             0.43425              792.604                     32.7143
6     12     1.93          16             0.45355              588.715                     28.1943
6     12     1.93          16             0.47285              402.378                     23.3092
6     12     1.93          16             0.49215              321.363                     20.8308
6     12     1.93          16             0.51145              205.24                     16.6472
6     12     1.93          16             0.53075              195.788                     16.2593
6     12     1.93          16             0.55005              121.524                     12.8097
6     12     1.93          16             0.56935              106.671                     12.0014
6     12     1.93          16             0.58865              55.3608                     8.6459
6     12     1.93          16             0.60795              60.7618                     9.05784
6     12     1.93          16             0.62725              48.6095                     8.10158
6     12     1.93          16             0.64655              31.056                     6.47563
6     12     1.93          16             0.66585              22.9545                     5.56728
6     12     1.93          16             0.68515              17.5534                     4.86844
6     12     1.93          16             0.70445              5.40105                     2.70053
6     12     1.93          16             0.72375              12.1524                     4.05079
6     12     1.93          16             0.74305              5.40105                     2.70053
6     12     1.93          16             0.76235              6.75131                     3.01928
6     12     1.93          16             0.78165              5.40105                     2.70053
6     12     1.93          16             0.80095              4.05079                     2.33872
6     12     1.93          16             0.82025              4.05079                     2.33872
6     12     1.93          16             0.83955              4.05079                     2.33872
6     12     1.93          16             0.85885              0                     0
6     12     1.93          16             0.87815              0                     0
6     12     1.93          16             0.89745              0                     0
6     12     1.93          16             0.91675              0                     0
6     12     1.93          16             0.93605              2.70053                     1.90956
6     12     1.93          16             0.95535              1.35026                     1.35026
6     12     1.93          16             0.97465              0                     0
6     12     1.93          16             0.99395              0                     0
6     12     1.93          16             1.01325              1.35026                     1.35026
6     12     1.93          16             1.03255              0                     0
6     12     1.93          16             1.05185              0                     0
6     12     1.93          16             1.07115              0                     0
6     12     1.93          16             1.09045              0                     0
6     12     1.93          16             1.10975              0                     0
6     12     1.93          16             1.12905              0                     0
6     12     1.93          16             1.14835              0                     0
6     12     1.93          16             1.16765              0                     0
6     12     1.93          16             1.18695              0                     0
6     12     1.93          16             1.20625              0                     0
6     12     1.93          16             1.22555              0                     0
6     12     1.93          16             1.24485              0                     0
6     12     1.93          16             1.26415              0                     0
6     12     1.93          16             1.28345              0                     0
6     12     1.93          16             1.30275              0                     0
6     12     1.93          16             1.32205              0                     0
6     12     1.93          16             1.34135              0                     0
6     12     1.93          16             1.36065              0                     0
6     12     1.93          16             1.37995              0                     0
6     12     1.93          16             1.39925              0                     0
6     12     1.93          16             1.41855              0                     0
6     12     1.93          16             1.43785              0                     0
6     12     1.93          16             1.45715              0                     0
6     12     1.93          16             1.47645              0                     0
6     12     1.93          16             1.49575              0                     0
6     12     1.93          16             1.51505              0                     0
6     12     1.93          16             1.53435              0                     0
6     12     1.93          16             1.55365              0                     0
6     12     1.93          16             1.57295              0                     0
6     12     1.93          16             1.59225              0                     0
6     12     1.93          16             1.61155              0                     0
6     12     1.93          16             1.63085              0                     0
6     12     1.93          16             1.65015              0                     0
6     12     1.93          16             1.66945              0                     0
6     12     1.93          16             1.68875              0                     0
6     12     1.93          16             1.70805              0                     0
6     12     1.93          16             1.72735              0                     0
6     12     1.93          16             1.74665              0                     0
6     12     1.93          16             1.76595              0                     0
6     12     1.93          16             1.78525              0                     0
6     12     1.93          16             1.80455              0                     0
6     12     1.93          16             1.82385              0                     0
6     12     1.93          16             1.84315              0                     0
6     12     1.93          16             1.86245              0                     0
6     12     1.93          16             1.88175              0                     0
6     12     1.93          16             1.90105              0                     0
*******************************************************************************************************
 Average mean_angle 5.8761e+06 +- 9635.98 deg 
 Average E' 652485 +- 1069.98 GeV 
