*******************************************************************************************************
Z     A     E(GeV)     Theta(deg)     Energy Loss(GeV)     Sigma(nb/sr/GeV)     ERROR     Citation     
*******************************************************************************************************
6     12     0.1999          90             0.0009995              1242.27                     14.2069
6     12     0.1999          90             0.0029985              2430.12                     19.8703
6     12     0.1999          90             0.0049975              3661.18                     24.3894
6     12     0.1999          90             0.0069965              4816.2                     27.9733
6     12     0.1999          90             0.0089955              5916.96                     31.0056
6     12     0.1999          90             0.0109945              7085.14                     33.9286
6     12     0.1999          90             0.0129935              8132.29                     36.3494
6     12     0.1999          90             0.0149925              9232.88                     38.7311
6     12     0.1999          90             0.0169915              10104.6                     40.5182
6     12     0.1999          90             0.0189905              11008.2                     42.2912
6     12     0.1999          90             0.0209895              11808.1                     43.8007
6     12     0.1999          90             0.0229885              12471.6                     45.0145
6     12     0.1999          90             0.0249875              13186.3                     46.2864
6     12     0.1999          90             0.0269865              13685.5                     47.1543
6     12     0.1999          90             0.0289855              14183.1                     48.004
6     12     0.1999          90             0.0309845              14647.5                     48.7835
6     12     0.1999          90             0.0329835              15066.8                     49.4768
6     12     0.1999          90             0.0349825              15520.6                     50.2164
6     12     0.1999          90             0.0369815              15597.1                     50.34
6     12     0.1999          90             0.0389805              15879.2                     50.7932
6     12     0.1999          90             0.0409795              15886.8                     50.8054
6     12     0.1999          90             0.0429785              15834.7                     50.7219
6     12     0.1999          90             0.0449775              15711.2                     50.5238
6     12     0.1999          90             0.0469765              15484.7                     50.1583
6     12     0.1999          90             0.0489755              15289.2                     49.8407
6     12     0.1999          90             0.0509745              14917.2                     49.2305
6     12     0.1999          90             0.0529735              14572.7                     48.6588
6     12     0.1999          90             0.0549725              14116                     47.8903
6     12     0.1999          90             0.0569715              13614.6                     47.0321
6     12     0.1999          90             0.0589705              13172.5                     46.2622
6     12     0.1999          90             0.0609695              12477                     45.0242
6     12     0.1999          90             0.0629685              11893.9                     43.9595
6     12     0.1999          90             0.0649675              11320                     42.8859
6     12     0.1999          90             0.0669665              10672.2                     41.6408
6     12     0.1999          90             0.0689655              10105.7                     40.5204
6     12     0.1999          90             0.0709645              9427.36                     39.1369
6     12     0.1999          90             0.0729635              8837.58                     37.8929
6     12     0.1999          90             0.0749625              8142.52                     36.3723
6     12     0.1999          90             0.0769615              7540.72                     35.0024
6     12     0.1999          90             0.0789605              6928.03                     33.5503
6     12     0.1999          90             0.0809595              6328.67                     32.0662
6     12     0.1999          90             0.0829585              5786.01                     30.6606
6     12     0.1999          90             0.0849575              5213.61                     29.1045
6     12     0.1999          90             0.0869565              4672.41                     27.5526
6     12     0.1999          90             0.0889555              4219.76                     26.184
6     12     0.1999          90             0.0909545              3782.71                     24.7909
6     12     0.1999          90             0.0929535              3329.57                     23.2587
6     12     0.1999          90             0.0949525              2930.7                     21.8211
6     12     0.1999          90             0.0969515              2576.99                     20.462
6     12     0.1999          90             0.0989505              2290.23                     19.2899
6     12     0.1999          90             0.100949              1955.69                     17.8255
6     12     0.1999          90             0.102948              1657.39                     16.4098
6     12     0.1999          90             0.104947              1421.48                     15.1971
6     12     0.1999          90             0.106946              1220.99                     14.0847
6     12     0.1999          90             0.108946              1023.75                     12.897
6     12     0.1999          90             0.110945              881.906                     11.9702
6     12     0.1999          90             0.112943              730.968                     10.8978
6     12     0.1999          90             0.114942              572.069                     9.64085
6     12     0.1999          90             0.116941              495.707                     8.97436
6     12     0.1999          90             0.11894              402.609                     8.08785
6     12     0.1999          90             0.120939              309.999                     7.09695
6     12     0.1999          90             0.122938              245.01                     6.30933
6     12     0.1999          90             0.124937              203.904                     5.75578
6     12     0.1999          90             0.126936              167.51                     5.21689
6     12     0.1999          90             0.128935              126.404                     4.53182
6     12     0.1999          90             0.130934              115.194                     4.32619
6     12     0.1999          90             0.132933              89.8478                     3.82072
6     12     0.1999          90             0.134932              70.351                     3.38085
6     12     0.1999          90             0.136931              57.6781                     3.06123
6     12     0.1999          90             0.13893              46.9548                     2.76205
6     12     0.1999          90             0.140929              36.8815                     2.44791
6     12     0.1999          90             0.142928              33.632                     2.33759
6     12     0.1999          90             0.144927              23.7211                     1.96317
6     12     0.1999          90             0.146926              17.0597                     1.66486
6     12     0.1999          90             0.148925              9.91088                     1.26896
6     12     0.1999          90             0.150924              1.13731                     0.429864
6     12     0.1999          90             0.152923              0                     0
6     12     0.1999          90             0.154922              0                     0
6     12     0.1999          90             0.156921              0                     0
6     12     0.1999          90             0.15892              0                     0
6     12     0.1999          90             0.160919              0                     0
6     12     0.1999          90             0.162918              0                     0
6     12     0.1999          90             0.164917              0                     0
6     12     0.1999          90             0.166916              0                     0
6     12     0.1999          90             0.168915              0                     0
6     12     0.1999          90             0.170914              0                     0
6     12     0.1999          90             0.172913              0                     0
6     12     0.1999          90             0.174912              0                     0
6     12     0.1999          90             0.176911              0                     0
6     12     0.1999          90             0.17891              0                     0
6     12     0.1999          90             0.180909              0                     0
6     12     0.1999          90             0.182908              0                     0
6     12     0.1999          90             0.184907              0                     0
6     12     0.1999          90             0.186906              0                     0
6     12     0.1999          90             0.188905              0                     0
6     12     0.1999          90             0.190904              0                     0
6     12     0.1999          90             0.192903              0                     0
6     12     0.1999          90             0.194902              0                     0
6     12     0.1999          90             0.196901              0                     0
*******************************************************************************************************
 Average mean_angle 2.7946e+08 +- 158565 deg 
 Average E' 472162 +- 267.904 GeV 
