*******************************************************************************************************
Z     A     E(GeV)     Theta(deg)     Energy Loss(GeV)     Sigma(nb/sr/GeV)     ERROR     Citation     
*******************************************************************************************************
6     12     4.045          23             0.020225              0                     0
6     12     4.045          23             0.060675              0                     0
6     12     4.045          23             0.101125              0                     0
6     12     4.045          23             0.141575              0                     0
6     12     4.045          23             0.182025              0                     0
6     12     4.045          23             0.222475              0                     0
6     12     4.045          23             0.262925              0                     0
6     12     4.045          23             0.303375              0                     0
6     12     4.045          23             0.343825              0                     0
6     12     4.045          23             0.384275              0                     0
6     12     4.045          23             0.424725              0                     0
6     12     4.045          23             0.465175              0                     0
6     12     4.045          23             0.505625              0                     0
6     12     4.045          23             0.546075              0                     0
6     12     4.045          23             0.586525              0                     0
6     12     4.045          23             0.626975              0                     0
6     12     4.045          23             0.667425              0                     0
6     12     4.045          23             0.707875              0                     0
6     12     4.045          23             0.748325              0                     0
6     12     4.045          23             0.788775              0                     0
6     12     4.045          23             0.829225              0                     0
6     12     4.045          23             0.869675              0.0747049                     0.0747049
6     12     4.045          23             0.910125              0.373524                     0.167045
6     12     4.045          23             0.950575              0.747049                     0.236238
6     12     4.045          23             0.991025              1.79292                     0.365978
6     12     4.045          23             1.03147              4.48229                     0.578662
6     12     4.045          23             1.07193              7.09696                     0.728133
6     12     4.045          23             1.11237              10.384                     0.880758
6     12     4.045          23             1.15282              13.4469                     1.00227
6     12     4.045          23             1.19327              17.0327                     1.12802
6     12     4.045          23             1.23372              25.6238                     1.38355
6     12     4.045          23             1.27417              31.9737                     1.54551
6     12     4.045          23             1.31462              38.8465                     1.70353
6     12     4.045          23             1.35508              52.6669                     1.98355
6     12     4.045          23             1.39552              62.1545                     2.15482
6     12     4.045          23             1.43598              75.5266                     2.37533
6     12     4.045          23             1.47642              85.0889                     2.52122
6     12     4.045          23             1.51687              107.949                     2.83977
6     12     4.045          23             1.55732              111.534                     2.88655
6     12     4.045          23             1.59777              131.331                     3.13226
6     12     4.045          23             1.63822              156.357                     3.4177
6     12     4.045          23             1.67867              174.361                     3.6091
6     12     4.045          23             1.71913              199.611                     3.8616
6     12     4.045          23             1.75957              210.518                     3.9657
6     12     4.045          23             1.80002              147.99                     3.325
6     12     4.045          23             1.84047              86.2094                     2.53777
6     12     4.045          23             1.88092              28.8361                     1.46772
6     12     4.045          23             1.92137              0                     0
6     12     4.045          23             1.96182              0                     0
6     12     4.045          23             2.00228              0                     0
6     12     4.045          23             2.04272              0                     0
6     12     4.045          23             2.08317              0                     0
6     12     4.045          23             2.12363              0                     0
6     12     4.045          23             2.16407              0                     0
6     12     4.045          23             2.20452              0                     0
6     12     4.045          23             2.24497              0                     0
6     12     4.045          23             2.28543              0                     0
6     12     4.045          23             2.32587              0                     0
6     12     4.045          23             2.36632              0                     0
6     12     4.045          23             2.40678              0                     0
6     12     4.045          23             2.44722              0                     0
6     12     4.045          23             2.48767              0                     0
6     12     4.045          23             2.52812              0                     0
6     12     4.045          23             2.56858              0                     0
6     12     4.045          23             2.60902              0                     0
6     12     4.045          23             2.64947              0                     0
6     12     4.045          23             2.68993              0                     0
6     12     4.045          23             2.73037              0                     0
6     12     4.045          23             2.77082              0                     0
6     12     4.045          23             2.81127              0                     0
6     12     4.045          23             2.85173              0                     0
6     12     4.045          23             2.89217              0                     0
6     12     4.045          23             2.93262              0                     0
6     12     4.045          23             2.97308              0                     0
6     12     4.045          23             3.01353              0                     0
6     12     4.045          23             3.05397              0                     0
6     12     4.045          23             3.09442              0                     0
6     12     4.045          23             3.13488              0                     0
6     12     4.045          23             3.17532              0                     0
6     12     4.045          23             3.21577              0                     0
6     12     4.045          23             3.25622              0                     0
6     12     4.045          23             3.29668              0                     0
6     12     4.045          23             3.33712              0                     0
6     12     4.045          23             3.37757              0                     0
6     12     4.045          23             3.41803              0                     0
6     12     4.045          23             3.45847              0                     0
6     12     4.045          23             3.49892              0                     0
6     12     4.045          23             3.53937              0                     0
6     12     4.045          23             3.57983              0                     0
6     12     4.045          23             3.62027              0                     0
6     12     4.045          23             3.66072              0                     0
6     12     4.045          23             3.70118              0                     0
6     12     4.045          23             3.74162              0                     0
6     12     4.045          23             3.78207              0                     0
6     12     4.045          23             3.82252              0                     0
6     12     4.045          23             3.86298              0                     0
6     12     4.045          23             3.90342              0                     0
6     12     4.045          23             3.94387              0                     0
6     12     4.045          23             3.98433              0                     0
*******************************************************************************************************
 Average mean_angle 544420 +- 3524.96 deg 
 Average E' 58110.5 +- 376.248 GeV 
