3.700e+01 0.00000e+00 0.00000e+00
3.800e+01 6.87115e-06 4.34692e-06
3.900e+01 8.37339e-05 5.29634e-05
4.000e+01 2.87983e-04 1.82069e-04
4.100e+01 6.48161e-04 4.13976e-04
4.200e+01 1.18177e-03 7.79517e-04
4.300e+01 1.89008e-03 1.29257e-03
4.400e+01 2.67651e-03 1.89877e-03
4.500e+01 3.45426e-03 2.54751e-03
4.600e+01 4.18644e-03 3.21126e-03
4.700e+01 4.85535e-03 3.84780e-03
4.800e+01 5.45464e-03 4.43357e-03
4.900e+01 6.01094e-03 4.97704e-03
5.000e+01 6.54734e-03 5.48881e-03
5.100e+01 7.07046e-03 5.97302e-03
5.200e+01 7.58028e-03 6.43842e-03
5.300e+01 8.07504e-03 6.88885e-03
5.400e+01 8.56069e-03 7.32913e-03
5.500e+01 9.04226e-03 7.76204e-03
5.600e+01 9.52063e-03 8.18787e-03
5.700e+01 9.99522e-03 8.60818e-03
5.800e+01 1.04653e-02 9.02351e-03
5.900e+01 1.09311e-02 9.43402e-03
6.000e+01 1.13928e-02 9.83962e-03
6.100e+01 1.18503e-02 1.02400e-02
6.200e+01 1.23033e-02 1.06351e-02
6.300e+01 1.27512e-02 1.10246e-02
6.400e+01 1.31925e-02 1.14074e-02
6.500e+01 1.36260e-02 1.17828e-02
6.600e+01 1.40513e-02 1.21502e-02
6.700e+01 1.44682e-02 1.25091e-02
6.800e+01 1.48763e-02 1.28591e-02
6.900e+01 1.52751e-02 1.31996e-02
7.000e+01 1.56637e-02 1.35303e-02
7.100e+01 1.60420e-02 1.38508e-02
7.200e+01 1.64098e-02 1.41610e-02
7.300e+01 1.67671e-02 1.44607e-02
7.400e+01 1.71147e-02 1.47502e-02
7.500e+01 1.74532e-02 1.50301e-02
7.600e+01 1.77829e-02 1.53005e-02
7.700e+01 1.81041e-02 1.55618e-02
7.800e+01 1.84192e-02 1.58116e-02
7.900e+01 1.87228e-02 1.60590e-02
8.000e+01 1.90213e-02 1.62957e-02
8.100e+01 1.93132e-02 1.65250e-02
8.200e+01 1.95988e-02 1.67472e-02
8.300e+01 1.98782e-02 1.69625e-02
8.400e+01 2.01519e-02 1.71713e-02
8.500e+01 2.04199e-02 1.73738e-02
8.600e+01 2.06823e-02 1.75701e-02
8.700e+01 2.09392e-02 1.77602e-02
8.800e+01 2.11908e-02 1.79443e-02
8.900e+01 2.14372e-02 1.81226e-02
9.000e+01 2.16789e-02 1.82955e-02
9.100e+01 2.19160e-02 1.84628e-02
9.200e+01 2.21479e-02 1.86245e-02
9.300e+01 2.23745e-02 1.87805e-02
9.400e+01 2.25958e-02 1.89310e-02
9.500e+01 2.28113e-02 1.90753e-02
9.600e+01 2.30202e-02 1.92131e-02
9.700e+01 2.32222e-02 1.93443e-02
9.800e+01 2.34173e-02 1.94686e-02
9.900e+01 2.36045e-02 1.95854e-02
1.000e+02 2.37833e-02 1.96943e-02
1.010e+02 2.39536e-02 1.97953e-02
1.020e+02 2.41152e-02 1.98881e-02
1.030e+02 2.42674e-02 1.99722e-02
1.040e+02 2.44096e-02 2.00472e-02
1.050e+02 2.45416e-02 2.01131e-02
1.060e+02 2.46632e-02 2.01697e-02
1.070e+02 2.47739e-02 2.02163e-02
1.080e+02 2.48731e-02 2.02530e-02
1.090e+02 2.49606e-02 2.02796e-02
1.100e+02 2.50363e-02 2.02959e-02
1.110e+02 2.51001e-02 2.03017e-02
1.120e+02 2.51512e-02 2.02967e-02
1.130e+02 2.51895e-02 2.02810e-02
1.140e+02 2.52151e-02 2.02545e-02
1.150e+02 2.52275e-02 2.02169e-02
1.160e+02 2.52265e-02 2.01689e-02
1.170e+02 2.52116e-02 2.01083e-02
1.180e+02 2.51832e-02 2.00372e-02
1.190e+02 2.51412e-02 1.99550e-02
1.200e+02 2.50855e-02 1.98617e-02
1.210e+02 2.50159e-02 1.97574e-02
1.220e+02 2.49330e-02 1.96423e-02
1.230e+02 2.48369e-02 1.95168e-02
1.240e+02 2.47278e-02 1.93809e-02
1.250e+02 2.46055e-02 1.92348e-02
1.260e+02 2.44704e-02 1.90788e-02
1.270e+02 2.43230e-02 1.89134e-02
1.280e+02 2.41633e-02 1.87385e-02
1.290e+02 2.39918e-02 1.85548e-02
1.300e+02 2.38090e-02 1.83626e-02
1.310e+02 2.36155e-02 1.81623e-02
1.320e+02 2.34118e-02 1.79545e-02
1.330e+02 2.31982e-02 1.77395e-02
1.340e+02 2.29753e-02 1.75179e-02
1.350e+02 2.27436e-02 1.72900e-02
1.360e+02 2.25034e-02 1.70564e-02
1.370e+02 2.22551e-02 1.68173e-02
1.380e+02 2.19993e-02 1.65732e-02
1.390e+02 2.17364e-02 1.63245e-02
1.400e+02 2.14670e-02 1.60717e-02
1.410e+02 2.11919e-02 1.58153e-02
1.420e+02 2.09115e-02 1.55558e-02
1.430e+02 2.06257e-02 1.52942e-02
1.440e+02 2.03362e-02 1.50288e-02
1.450e+02 2.00419e-02 1.47621e-02
1.460e+02 1.97439e-02 1.44936e-02
1.470e+02 1.94425e-02 1.42237e-02
1.480e+02 1.91383e-02 1.39529e-02
1.490e+02 1.88318e-02 1.36814e-02
1.500e+02 1.85233e-02 1.34097e-02
1.510e+02 1.82133e-02 1.31380e-02
1.520e+02 1.79019e-02 1.28667e-02
1.530e+02 1.75896e-02 1.25959e-02
1.540e+02 1.72768e-02 1.23261e-02
1.550e+02 1.69639e-02 1.20574e-02
1.560e+02 1.66511e-02 1.17902e-02
1.570e+02 1.63388e-02 1.15247e-02
1.580e+02 1.60274e-02 1.12611e-02
1.590e+02 1.57173e-02 1.09997e-02
1.600e+02 1.54087e-02 1.07408e-02
1.610e+02 1.51020e-02 1.04845e-02
1.620e+02 1.47975e-02 1.02311e-02
1.630e+02 1.44956e-02 9.98086e-03
1.640e+02 1.41965e-02 9.73390e-03
1.650e+02 1.39006e-02 9.49041e-03
1.660e+02 1.36079e-02 9.25055e-03
1.670e+02 1.33187e-02 9.01444e-03
1.680e+02 1.30314e-02 8.78269e-03
1.690e+02 1.27513e-02 8.55384e-03
1.700e+02 1.24734e-02 8.32957e-03
1.710e+02 1.21996e-02 8.10934e-03
1.720e+02 1.19297e-02 7.89315e-03
1.730e+02 1.16639e-02 7.68105e-03
1.740e+02 1.14022e-02 7.47311e-03
1.750e+02 1.11449e-02 7.26930e-03
1.760e+02 1.08920e-02 7.06971e-03
1.770e+02 1.06436e-02 6.87436e-03
1.780e+02 1.03997e-02 6.68324e-03
1.790e+02 1.01603e-02 6.49629e-03
1.800e+02 9.92520e-03 6.31348e-03
1.810e+02 9.69459e-03 6.13481e-03
1.820e+02 9.46859e-03 5.96031e-03
1.830e+02 9.24714e-03 5.78989e-03
1.840e+02 9.03020e-03 5.62354e-03
1.850e+02 8.81787e-03 5.46128e-03
1.860e+02 8.61025e-03 5.30310e-03
1.870e+02 8.40731e-03 5.14894e-03
1.880e+02 8.20911e-03 4.99884e-03
1.890e+02 8.01566e-03 4.85275e-03
1.900e+02 7.82684e-03 4.71058e-03
1.910e+02 7.64244e-03 4.57226e-03
1.920e+02 7.46235e-03 4.43766e-03
1.930e+02 7.28652e-03 4.30671e-03
1.940e+02 7.11492e-03 4.17932e-03
1.950e+02 6.94747e-03 4.05543e-03
1.960e+02 6.78420e-03 3.93499e-03
1.970e+02 6.62510e-03 3.81797e-03
1.980e+02 6.47017e-03 3.70430e-03
1.990e+02 6.31941e-03 3.59391e-03
2.000e+02 6.17273e-03 3.48689e-03
2.010e+02 6.03013e-03 3.38304e-03
2.020e+02 5.89150e-03 3.28232e-03
2.030e+02 5.75672e-03 3.18467e-03
2.040e+02 5.62577e-03 3.09002e-03
2.050e+02 5.49854e-03 2.99827e-03
2.060e+02 5.37498e-03 2.90937e-03
2.070e+02 5.25512e-03 2.82328e-03
2.080e+02 5.13897e-03 2.73995e-03
2.090e+02 5.02650e-03 2.65933e-03
2.100e+02 4.91767e-03 2.58139e-03
2.110e+02 4.81248e-03 2.50608e-03
2.120e+02 4.71082e-03 2.43333e-03
2.130e+02 4.61256e-03 2.36305e-03
2.140e+02 4.51759e-03 2.29517e-03
2.150e+02 4.42581e-03 2.22961e-03
2.160e+02 4.33718e-03 2.16630e-03
2.170e+02 4.25160e-03 2.10515e-03
2.180e+02 4.16901e-03 2.04611e-03
2.190e+02 4.08940e-03 1.98913e-03
2.200e+02 4.01280e-03 1.93419e-03
2.210e+02 3.93919e-03 1.88122e-03
2.220e+02 3.86849e-03 1.83019e-03
2.230e+02 3.80069e-03 1.78106e-03
2.240e+02 3.73573e-03 1.73377e-03
2.250e+02 3.67348e-03 1.68827e-03
2.260e+02 3.61381e-03 1.64445e-03
2.270e+02 3.55665e-03 1.60227e-03
2.280e+02 3.50196e-03 1.56167e-03
2.290e+02 3.44968e-03 1.52258e-03
2.300e+02 3.39973e-03 1.48494e-03
2.310e+02 3.35210e-03 1.44874e-03
2.320e+02 3.30684e-03 1.41394e-03
2.330e+02 3.26390e-03 1.38050e-03
2.340e+02 3.22321e-03 1.34837e-03
2.350e+02 3.18477e-03 1.31754e-03
2.360e+02 3.14857e-03 1.28796e-03
2.370e+02 3.11453e-03 1.25959e-03
2.380e+02 3.08254e-03 1.23237e-03
2.390e+02 3.05257e-03 1.20627e-03
2.400e+02 3.02460e-03 1.18124e-03
2.410e+02 2.99859e-03 1.15724e-03
2.420e+02 2.97449e-03 1.13423e-03
2.430e+02 2.95230e-03 1.11221e-03
2.440e+02 2.93205e-03 1.09112e-03
2.450e+02 2.91373e-03 1.07097e-03
2.460e+02 2.89732e-03 1.05170e-03
2.470e+02 2.88282e-03 1.03332e-03
2.480e+02 2.87022e-03 1.01580e-03
2.490e+02 2.85955e-03 9.99116e-04
2.500e+02 2.85076e-03 9.83240e-04
2.510e+02 2.84384e-03 9.68145e-04
2.520e+02 2.83875e-03 9.53805e-04
2.530e+02 2.83556e-03 9.40210e-04
2.540e+02 2.83425e-03 9.27334e-04
2.550e+02 2.83479e-03 9.15149e-04
2.560e+02 2.83723e-03 9.03649e-04
2.570e+02 2.84163e-03 8.92830e-04
2.580e+02 2.84796e-03 8.82658e-04
2.590e+02 2.85617e-03 8.73108e-04
2.600e+02 2.86625e-03 8.64162e-04
2.610e+02 2.87812e-03 8.55775e-04
2.620e+02 2.89166e-03 8.47894e-04
2.630e+02 2.90673e-03 8.40469e-04
2.640e+02 2.92325e-03 8.33448e-04
2.650e+02 2.94113e-03 8.26785e-04
2.660e+02 2.96031e-03 8.20434e-04
2.670e+02 2.98073e-03 8.14365e-04
2.680e+02 3.00239e-03 8.08548e-04
2.690e+02 3.02525e-03 8.02960e-04
2.700e+02 3.04929e-03 7.97578e-04
2.710e+02 3.07451e-03 7.92386e-04
2.720e+02 3.10091e-03 7.87368e-04
2.730e+02 3.12848e-03 7.82511e-04
2.740e+02 3.15725e-03 7.77805e-04
2.750e+02 3.18722e-03 7.73238e-04
2.760e+02 3.21840e-03 7.68801e-04
2.770e+02 3.25081e-03 7.64487e-04
2.780e+02 3.28447e-03 7.60279e-04
2.790e+02 3.31939e-03 7.56181e-04
2.800e+02 3.35561e-03 7.52179e-04
2.810e+02 3.39315e-03 7.48268e-04
2.820e+02 3.43203e-03 7.44439e-04
2.830e+02 3.47227e-03 7.40688e-04
2.840e+02 3.51392e-03 7.37007e-04
2.850e+02 3.55701e-03 7.33391e-04
2.860e+02 3.60157e-03 7.29833e-04
2.870e+02 3.64763e-03 7.26330e-04
2.880e+02 3.69525e-03 7.22872e-04
2.890e+02 3.74446e-03 7.19456e-04
2.900e+02 3.79533e-03 7.16084e-04
2.910e+02 3.84773e-03 7.12859e-04
2.920e+02 3.90226e-03 7.09432e-04
2.930e+02 3.95845e-03 7.06152e-04
2.940e+02 4.01655e-03 7.02897e-04
2.950e+02 4.07663e-03 6.99667e-04
2.960e+02 4.13877e-03 6.96457e-04
2.970e+02 4.20307e-03 6.93267e-04
2.980e+02 4.26961e-03 6.90098e-04
2.990e+02 4.33851e-03 6.86942e-04
3.000e+02 4.40986e-03 6.83803e-04
3.010e+02 4.48377e-03 6.80679e-04
3.020e+02 4.56037e-03 6.77567e-04
3.030e+02 4.63978e-03 6.74468e-04
3.040e+02 4.72213e-03 6.71378e-04
3.050e+02 4.80757e-03 6.68297e-04
3.060e+02 4.89625e-03 6.65224e-04
3.070e+02 4.98834e-03 6.62155e-04
3.080e+02 5.08402e-03 6.59095e-04
3.090e+02 5.18348e-03 6.56039e-04
3.100e+02 5.28691e-03 6.52988e-04
3.110e+02 5.39455e-03 6.49942e-04
3.120e+02 5.50662e-03 6.46898e-04
3.130e+02 5.62337e-03 6.43860e-04
3.140e+02 5.74509e-03 6.40825e-04
3.150e+02 5.87206e-03 6.37792e-04
3.160e+02 6.00457e-03 6.34763e-04
3.170e+02 6.14299e-03 6.31736e-04
3.180e+02 6.28768e-03 6.28713e-04
3.190e+02 6.43904e-03 6.25689e-04
3.200e+02 6.59748e-03 6.22668e-04
3.210e+02 6.76348e-03 6.19650e-04
3.220e+02 6.93756e-03 6.16628e-04
3.230e+02 7.12021e-03 6.13622e-04
3.240e+02 7.31207e-03 6.10610e-04
3.250e+02 7.51378e-03 6.07602e-04
3.260e+02 7.72604e-03 6.04595e-04
3.270e+02 7.94964e-03 6.01591e-04
3.280e+02 8.18541e-03 5.98589e-04
3.290e+02 8.43428e-03 5.95591e-04
3.300e+02 8.69729e-03 5.92595e-04
3.310e+02 8.97556e-03 5.89603e-04
3.320e+02 9.27032e-03 5.86615e-04
3.330e+02 9.58295e-03 5.83629e-04
3.340e+02 9.91498e-03 5.80648e-04
3.350e+02 1.02681e-02 5.77672e-04
3.360e+02 1.06441e-02 5.74699e-04
3.370e+02 1.10452e-02 5.71732e-04
3.380e+02 1.14737e-02 5.68769e-04
3.390e+02 1.19322e-02 5.65811e-04
3.400e+02 1.24236e-02 5.62858e-04
3.410e+02 1.29514e-02 5.59910e-04
3.420e+02 1.35191e-02 5.56966e-04
3.430e+02 1.41312e-02 5.54029e-04
3.440e+02 1.47924e-02 5.51096e-04
3.450e+02 1.55083e-02 5.48171e-04
3.460e+02 1.62853e-02 5.45248e-04
3.470e+02 1.71307e-02 5.42331e-04
3.480e+02 1.80529e-02 5.39420e-04
3.490e+02 1.90618e-02 5.36516e-04
3.500e+02 2.01689e-02 5.33614e-04
3.510e+02 2.13876e-02 5.30719e-04
3.520e+02 2.27337e-02 5.27830e-04
3.530e+02 2.42262e-02 5.24947e-04
3.540e+02 2.58875e-02 5.22070e-04
3.550e+02 2.77446e-02 5.19202e-04
3.560e+02 2.98303e-02 5.16340e-04
3.570e+02 3.21844e-02 5.13488e-04
3.580e+02 3.48560e-02 5.10645e-04
3.590e+02 3.79059e-02 5.07811e-04
3.600e+02 4.14105e-02 5.04988e-04
3.610e+02 4.54664e-02 5.02174e-04
3.620e+02 5.01975e-02 4.99369e-04
3.630e+02 5.57652e-02 4.96573e-04
3.640e+02 6.23819e-02 4.93784e-04
3.650e+02 7.03329e-02 4.90994e-04
3.660e+02 8.00077e-02 4.88204e-04
3.670e+02 9.19502e-02 4.85404e-04
3.680e+02 1.06938e-01 4.82585e-04
3.690e+02 1.26116e-01 4.79727e-04
3.700e+02 1.51225e-01 4.76810e-04
3.710e+02 1.85015e-01 4.73792e-04
3.720e+02 2.32054e-01 4.70611e-04
3.730e+02 3.00368e-01 4.67152e-04
3.740e+02 4.05168e-01 4.63203e-04
3.750e+02 5.78221e-01 4.58313e-04
3.760e+02 8.95413e-01 4.51408e-04
3.770e+02 1.57773e+00 4.39347e-04
3.780e+02 3.51884e+00 4.09399e-04
