4.000e+01 0.00000e+00 0.00000e+00
4.500e+01 7.70523e-09 1.07299e-08
5.000e+01 1.46928e-07 2.27478e-07
5.500e+01 3.60446e-06 5.50793e-06
6.000e+01 2.18199e-05 3.66191e-05
6.500e+01 6.17001e-05 1.09830e-04
7.000e+01 1.28130e-04 2.34662e-04
7.500e+01 2.27975e-04 4.23798e-04
8.000e+01 3.68013e-04 6.90212e-04
8.500e+01 5.53450e-04 1.04372e-03
9.000e+01 7.88650e-04 1.49145e-03
9.500e+01 1.07803e-03 2.04056e-03
1.000e+02 1.42405e-03 2.69424e-03
1.050e+02 1.82665e-03 3.45062e-03
1.100e+02 2.28307e-03 4.30264e-03
1.150e+02 2.78438e-03 5.23218e-03
1.200e+02 3.31674e-03 6.21123e-03
1.250e+02 3.86498e-03 7.20835e-03
1.300e+02 4.41457e-03 8.19445e-03
1.350e+02 4.95368e-03 9.14512e-03
1.400e+02 5.47109e-03 1.00395e-02
1.450e+02 5.95988e-03 1.08635e-02
1.500e+02 6.41493e-03 1.16082e-02
1.550e+02 6.83613e-03 1.22731e-02
1.600e+02 7.22613e-03 1.28640e-02
1.650e+02 7.58797e-03 1.33876e-02
1.700e+02 7.92412e-03 1.38500e-02
1.750e+02 8.23367e-03 1.42515e-02
1.800e+02 8.51792e-03 1.45946e-02
1.850e+02 8.77226e-03 1.48753e-02
1.900e+02 8.98790e-03 1.50805e-02
1.950e+02 9.15847e-03 1.52006e-02
2.000e+02 9.27678e-03 1.52268e-02
2.050e+02 9.33593e-03 1.51511e-02
2.100e+02 9.32852e-03 1.49648e-02
2.150e+02 9.24946e-03 1.46639e-02
2.200e+02 9.09718e-03 1.42473e-02
2.250e+02 8.87585e-03 1.37278e-02
2.300e+02 8.59049e-03 1.31155e-02
2.350e+02 8.25045e-03 1.24292e-02
2.400e+02 7.86482e-03 1.16860e-02
2.450e+02 7.44385e-03 1.09035e-02
2.500e+02 6.99643e-03 1.00984e-02
2.550e+02 6.53183e-03 9.28524e-03
2.600e+02 6.06075e-03 8.48031e-03
2.650e+02 5.59196e-03 7.69693e-03
2.700e+02 5.13390e-03 6.94662e-03
2.750e+02 4.69431e-03 6.23949e-03
2.800e+02 4.27766e-03 5.58106e-03
2.850e+02 3.88556e-03 4.97266e-03
2.900e+02 3.52110e-03 4.41618e-03
2.950e+02 3.18480e-03 3.91104e-03
3.000e+02 2.87743e-03 3.45630e-03
3.050e+02 2.59904e-03 3.05041e-03
3.100e+02 2.34709e-03 2.68872e-03
3.150e+02 2.12124e-03 2.36861e-03
3.200e+02 1.92022e-03 2.08720e-03
3.250e+02 1.74250e-03 1.84096e-03
3.300e+02 1.58771e-03 1.62774e-03
3.350e+02 1.45335e-03 1.44371e-03
3.400e+02 1.33782e-03 1.28547e-03
3.450e+02 1.24015e-03 1.15075e-03
3.500e+02 1.15779e-03 1.03599e-03
3.550e+02 1.08966e-03 9.38736e-04
3.600e+02 1.03477e-03 8.57116e-04
3.650e+02 9.91547e-04 7.88788e-04
3.700e+02 9.59538e-04 7.32298e-04
3.750e+02 9.38409e-04 6.86549e-04
3.800e+02 9.27828e-04 6.50420e-04
3.850e+02 9.27670e-04 6.23003e-04
3.900e+02 9.35380e-04 6.02034e-04
3.950e+02 9.48037e-04 5.84599e-04
4.000e+02 9.64455e-04 5.69283e-04
4.050e+02 9.84115e-04 5.55382e-04
4.100e+02 1.00670e-03 5.42411e-04
4.150e+02 1.03205e-03 5.30026e-04
4.200e+02 1.06017e-03 5.18003e-04
4.250e+02 1.09121e-03 5.06208e-04
4.300e+02 1.12542e-03 4.94567e-04
4.350e+02 1.16303e-03 4.82990e-04
4.400e+02 1.20419e-03 4.71406e-04
4.450e+02 1.24913e-03 4.59776e-04
4.500e+02 1.29820e-03 4.48094e-04
4.550e+02 1.35258e-03 4.36426e-04
4.600e+02 1.41381e-03 4.24850e-04
4.650e+02 1.48319e-03 4.13388e-04
4.700e+02 1.56229e-03 4.02050e-04
4.750e+02 1.65308e-03 3.90850e-04
4.800e+02 1.75820e-03 3.79832e-04
4.850e+02 1.88120e-03 3.69076e-04
4.900e+02 2.02671e-03 3.58663e-04
4.950e+02 2.20066e-03 3.48627e-04
5.000e+02 2.41091e-03 3.38953e-04
5.050e+02 2.66834e-03 3.29622e-04
5.100e+02 2.98838e-03 3.20614e-04
5.150e+02 3.39354e-03 3.11910e-04
5.200e+02 3.91773e-03 3.03494e-04
5.250e+02 4.61414e-03 2.95344e-04
5.300e+02 5.57019e-03 2.87444e-04
5.350e+02 6.93828e-03 2.79780e-04
5.400e+02 9.00447e-03 2.72338e-04
5.450e+02 1.23606e-02 2.65102e-04
5.500e+02 1.84068e-02 2.58053e-04
5.550e+02 3.11791e-02 2.51157e-04
5.600e+02 6.68253e-02 2.44297e-04
5.650e+02 2.54560e-01 2.36635e-04
