3.500e+01 0.00000e+00 0.00000e+00
3.600e+01 2.19332e-08 3.91062e-09
3.700e+01 1.30316e-04 2.39225e-05
3.800e+01 9.71131e-04 1.81104e-04
3.900e+01 2.93708e-03 5.52395e-04
4.000e+01 6.19770e-03 1.18960e-03
4.100e+01 1.08216e-02 2.15244e-03
4.200e+01 1.66187e-02 3.43075e-03
4.300e+01 2.26069e-02 4.84949e-03
4.400e+01 2.80729e-02 6.27275e-03
4.500e+01 3.27259e-02 7.61203e-03
4.600e+01 3.64513e-02 8.76425e-03
4.700e+01 3.92771e-02 9.68988e-03
4.800e+01 4.15115e-02 1.04311e-02
4.900e+01 4.33830e-02 1.10211e-02
5.000e+01 4.49757e-02 1.14906e-02
5.100e+01 4.63166e-02 1.18692e-02
5.200e+01 4.74407e-02 1.21784e-02
5.300e+01 4.84311e-02 1.24382e-02
5.400e+01 4.93484e-02 1.26617e-02
5.500e+01 5.02134e-02 1.28564e-02
5.600e+01 5.10322e-02 1.30307e-02
5.700e+01 5.18064e-02 1.31884e-02
5.800e+01 5.25439e-02 1.33323e-02
5.900e+01 5.32527e-02 1.34641e-02
6.000e+01 5.39358e-02 1.35846e-02
6.100e+01 5.45947e-02 1.36949e-02
6.200e+01 5.52145e-02 1.37932e-02
6.300e+01 5.57590e-02 1.38735e-02
6.400e+01 5.62169e-02 1.39342e-02
6.500e+01 5.65864e-02 1.39735e-02
6.600e+01 5.68689e-02 1.39897e-02
6.700e+01 5.70570e-02 1.39812e-02
6.800e+01 5.71336e-02 1.39458e-02
6.900e+01 5.70949e-02 1.38832e-02
7.000e+01 5.69416e-02 1.37931e-02
7.100e+01 5.66758e-02 1.36755e-02
7.200e+01 5.63056e-02 1.35318e-02
7.300e+01 5.58474e-02 1.33653e-02
7.400e+01 5.53089e-02 1.31778e-02
7.500e+01 5.46939e-02 1.29711e-02
7.600e+01 5.40054e-02 1.27473e-02
7.700e+01 5.32508e-02 1.25081e-02
7.800e+01 5.24449e-02 1.22565e-02
7.900e+01 5.15954e-02 1.19942e-02
8.000e+01 5.07067e-02 1.17229e-02
8.100e+01 4.97819e-02 1.14443e-02
8.200e+01 4.88266e-02 1.11598e-02
8.300e+01 4.78507e-02 1.08713e-02
8.400e+01 4.68595e-02 1.05802e-02
8.500e+01 4.58563e-02 1.02875e-02
8.600e+01 4.48436e-02 9.99433e-03
8.700e+01 4.38253e-02 9.70165e-03
8.800e+01 4.28077e-02 9.41069e-03
8.900e+01 4.17942e-02 9.12219e-03
9.000e+01 4.07868e-02 8.83679e-03
9.100e+01 3.97871e-02 8.55514e-03
9.200e+01 3.87966e-02 8.27770e-03
9.300e+01 3.78184e-02 8.00500e-03
9.400e+01 3.68544e-02 7.73739e-03
9.500e+01 3.59054e-02 7.47517e-03
9.600e+01 3.49722e-02 7.21858e-03
9.700e+01 3.40558e-02 6.96782e-03
9.800e+01 3.31579e-02 6.72316e-03
9.900e+01 3.22792e-02 6.48467e-03
1.000e+02 3.14197e-02 6.25241e-03
1.010e+02 3.05792e-02 6.02641e-03
1.020e+02 2.97580e-02 5.80668e-03
1.030e+02 2.89574e-02 5.59330e-03
1.040e+02 2.81778e-02 5.38627e-03
1.050e+02 2.74196e-02 5.18561e-03
1.060e+02 2.66827e-02 4.99128e-03
1.070e+02 2.59671e-02 4.80325e-03
1.080e+02 2.52729e-02 4.62145e-03
1.090e+02 2.45999e-02 4.44576e-03
1.100e+02 2.39475e-02 4.27606e-03
1.110e+02 2.33154e-02 4.11222e-03
1.120e+02 2.27037e-02 3.95413e-03
1.130e+02 2.21127e-02 3.80175e-03
1.140e+02 2.15426e-02 3.65496e-03
1.150e+02 2.09932e-02 3.51366e-03
1.160e+02 2.04641e-02 3.37775e-03
1.170e+02 1.99550e-02 3.24707e-03
1.180e+02 1.94657e-02 3.12152e-03
1.190e+02 1.89962e-02 3.00096e-03
1.200e+02 1.85459e-02 2.88523e-03
1.210e+02 1.81149e-02 2.77423e-03
1.220e+02 1.77031e-02 2.66784e-03
1.230e+02 1.73106e-02 2.56594e-03
1.240e+02 1.69372e-02 2.46842e-03
1.250e+02 1.65825e-02 2.37513e-03
1.260e+02 1.62459e-02 2.28592e-03
1.270e+02 1.59269e-02 2.20061e-03
1.280e+02 1.56252e-02 2.11907e-03
1.290e+02 1.53404e-02 2.04113e-03
1.300e+02 1.50724e-02 1.96668e-03
1.310e+02 1.48211e-02 1.89558e-03
1.320e+02 1.45865e-02 1.82774e-03
1.330e+02 1.43688e-02 1.76304e-03
1.340e+02 1.41678e-02 1.70138e-03
1.350e+02 1.39832e-02 1.64261e-03
1.360e+02 1.38146e-02 1.58667e-03
1.370e+02 1.36618e-02 1.53334e-03
1.380e+02 1.35246e-02 1.48262e-03
1.390e+02 1.34032e-02 1.43427e-03
1.400e+02 1.32976e-02 1.38828e-03
1.410e+02 1.32081e-02 1.34453e-03
1.420e+02 1.31327e-02 1.30283e-03
1.430e+02 1.30661e-02 1.26277e-03
1.440e+02 1.30061e-02 1.22416e-03
1.450e+02 1.29529e-02 1.18689e-03
1.460e+02 1.29071e-02 1.15078e-03
1.470e+02 1.28720e-02 1.11593e-03
1.480e+02 1.28549e-02 1.08265e-03
1.490e+02 1.28588e-02 1.05102e-03
1.500e+02 1.28838e-02 1.02103e-03
1.510e+02 1.29295e-02 9.92732e-04
1.520e+02 1.29955e-02 9.66033e-04
1.530e+02 1.30826e-02 9.40856e-04
1.540e+02 1.31921e-02 9.17134e-04
1.550e+02 1.33250e-02 8.94801e-04
1.560e+02 1.34825e-02 8.73800e-04
1.570e+02 1.36663e-02 8.54091e-04
1.580e+02 1.38781e-02 8.35623e-04
1.590e+02 1.41195e-02 8.18350e-04
1.600e+02 1.43930e-02 8.02235e-04
1.610e+02 1.47008e-02 7.87241e-04
1.620e+02 1.50457e-02 7.73306e-04
1.630e+02 1.54302e-02 7.60392e-04
1.640e+02 1.58570e-02 7.48435e-04
1.650e+02 1.63289e-02 7.37357e-04
1.660e+02 1.68490e-02 7.27080e-04
1.670e+02 1.74207e-02 7.17519e-04
1.680e+02 1.80483e-02 7.08611e-04
1.690e+02 1.87367e-02 7.00277e-04
1.700e+02 1.94919e-02 6.92465e-04
1.710e+02 2.03211e-02 6.85128e-04
1.720e+02 2.12323e-02 6.78226e-04
1.730e+02 2.22351e-02 6.71724e-04
1.740e+02 2.33405e-02 6.65590e-04
1.750e+02 2.45615e-02 6.59797e-04
1.760e+02 2.59134e-02 6.54318e-04
1.770e+02 2.74142e-02 6.49128e-04
1.780e+02 2.90853e-02 6.44205e-04
1.790e+02 3.09525e-02 6.39527e-04
1.800e+02 3.30466e-02 6.35078e-04
1.810e+02 3.54050e-02 6.30839e-04
1.820e+02 3.80733e-02 6.26793e-04
1.830e+02 4.11076e-02 6.22924e-04
1.840e+02 4.45776e-02 6.19217e-04
1.850e+02 4.85707e-02 6.15601e-04
1.860e+02 5.31970e-02 6.12225e-04
1.870e+02 5.85987e-02 6.08905e-04
1.880e+02 6.49601e-02 6.05679e-04
1.890e+02 7.25240e-02 6.02528e-04
1.900e+02 8.16162e-02 5.99416e-04
1.910e+02 9.26817e-02 5.96327e-04
1.920e+02 1.06342e-01 5.93217e-04
1.930e+02 1.23484e-01 5.90041e-04
1.940e+02 1.45416e-01 5.86730e-04
1.950e+02 1.74123e-01 5.83191e-04
1.960e+02 2.12748e-01 5.79276e-04
1.970e+02 2.66499e-01 5.74745e-04
1.980e+02 3.44535e-01 5.69173e-04
1.990e+02 4.64207e-01 5.61757e-04
2.000e+02 6.61744e-01 5.50805e-04
2.010e+02 1.02368e+00 5.32248e-04
2.020e+02 1.80197e+00 4.94134e-04
2.030e+02 4.01554e+00 3.87724e-04
