8.100e+02 0.00000e+00 0.00000e+00
8.200e+02 3.42847e-17 2.92558e-15
8.300e+02 1.05454e-15 8.85473e-14
8.400e+02 6.18343e-15 4.96206e-13
8.500e+02 2.05096e-14 1.54347e-12
8.600e+02 6.79007e-14 4.98992e-12
8.700e+02 1.60818e-13 1.10577e-11
8.800e+02 4.33042e-13 3.01038e-11
8.900e+02 9.49025e-13 6.25819e-11
9.000e+02 1.80655e-12 1.12085e-10
9.100e+02 3.73497e-12 2.32246e-10
9.200e+02 6.88261e-12 4.10193e-10
9.300e+02 1.17066e-11 6.68219e-10
9.400e+02 1.96801e-11 1.08909e-09
9.500e+02 3.18053e-11 1.69719e-09
9.600e+02 4.96930e-11 2.57794e-09
9.700e+02 7.66294e-11 3.82501e-09
9.800e+02 1.15027e-10 5.56961e-09
9.900e+02 1.69455e-10 7.96331e-09
1.000e+03 2.45315e-10 1.11965e-08
1.010e+03 3.49309e-10 1.54881e-08
1.020e+03 4.89887e-10 2.11040e-08
1.030e+03 6.77457e-10 2.83620e-08
1.040e+03 9.24597e-10 3.76249e-08
1.050e+03 1.24692e-09 4.93288e-08
1.060e+03 1.66294e-09 6.39785e-08
1.070e+03 2.19500e-09 8.21496e-08
1.080e+03 2.87035e-09 1.04545e-07
1.090e+03 3.72139e-09 1.31963e-07
1.100e+03 4.77897e-09 1.65426e-07
1.110e+03 6.11788e-09 2.06099e-07
1.120e+03 7.76884e-09 2.55342e-07
1.130e+03 9.80753e-09 3.14676e-07
1.140e+03 1.23109e-08 3.85744e-07
1.150e+03 1.53676e-08 4.70302e-07
1.160e+03 1.90793e-08 5.70322e-07
1.170e+03 2.35618e-08 6.87931e-07
1.180e+03 2.89424e-08 8.25208e-07
1.190e+03 3.54381e-08 9.87399e-07
1.200e+03 4.48348e-08 1.24434e-06
1.210e+03 5.91523e-08 1.66449e-06
1.220e+03 7.98805e-08 2.27970e-06
1.230e+03 1.08852e-07 3.12797e-06
1.240e+03 1.48972e-07 4.28147e-06
1.250e+03 2.03772e-07 5.82026e-06
1.260e+03 2.77800e-07 7.84822e-06
1.270e+03 3.76900e-07 1.04926e-05
1.280e+03 5.07269e-07 1.38719e-05
1.290e+03 6.76390e-07 1.81231e-05
1.300e+03 8.92184e-07 2.33735e-05
1.310e+03 1.16617e-06 2.98399e-05
1.320e+03 1.50901e-06 3.76765e-05
1.330e+03 1.93316e-06 4.70625e-05
1.340e+03 2.44970e-06 5.81035e-05
1.350e+03 3.06820e-06 7.08453e-05
1.360e+03 3.79117e-06 8.51313e-05
1.370e+03 4.61952e-06 1.00785e-04
1.380e+03 5.54912e-06 1.17524e-04
1.390e+03 6.57111e-06 1.34998e-04
1.400e+03 7.67376e-06 1.52825e-04
1.410e+03 8.84466e-06 1.70660e-04
1.420e+03 1.00626e-05 1.88037e-04
1.430e+03 1.13107e-05 2.04638e-04
1.440e+03 1.25763e-05 2.20241e-04
1.450e+03 1.38516e-05 2.34826e-04
1.460e+03 1.51304e-05 2.48384e-04
1.470e+03 1.64090e-05 2.60902e-04
1.480e+03 1.76715e-05 2.72224e-04
1.490e+03 1.89130e-05 2.82373e-04
1.500e+03 2.01092e-05 2.91071e-04
1.510e+03 2.12350e-05 2.98063e-04
1.520e+03 2.22496e-05 3.02885e-04
1.530e+03 2.30953e-05 3.04865e-04
1.540e+03 2.37257e-05 3.03605e-04
1.550e+03 2.40914e-05 2.98713e-04
1.560e+03 2.41702e-05 2.90243e-04
1.570e+03 2.39322e-05 2.78171e-04
1.580e+03 2.33996e-05 2.63113e-04
1.590e+03 2.25826e-05 2.45486e-04
1.600e+03 2.15164e-05 2.25967e-04
1.610e+03 2.02360e-05 2.05157e-04
1.620e+03 1.88027e-05 1.83871e-04
1.630e+03 1.72722e-05 1.62768e-04
1.640e+03 1.57105e-05 1.42539e-04
1.650e+03 1.41675e-05 1.23631e-04
1.660e+03 1.26727e-05 1.06233e-04
1.670e+03 1.12640e-05 9.05886e-05
1.680e+03 9.96143e-06 7.67348e-05
1.690e+03 8.77514e-06 6.46260e-05
1.700e+03 7.70659e-06 5.41285e-05
1.710e+03 6.76384e-06 4.51830e-05
1.720e+03 5.95121e-06 3.76936e-05
1.730e+03 5.26345e-06 3.15108e-05
1.740e+03 4.69535e-06 2.64851e-05
1.750e+03 4.23497e-06 2.24463e-05
1.760e+03 3.87624e-06 1.92692e-05
1.770e+03 3.60905e-06 1.68211e-05
1.780e+03 3.43217e-06 1.50320e-05
1.790e+03 3.34840e-06 1.38671e-05
1.800e+03 3.35419e-06 1.32597e-05
1.810e+03 3.39830e-06 1.28900e-05
1.820e+03 3.45279e-06 1.25774e-05
1.830e+03 3.50895e-06 1.22721e-05
1.840e+03 3.56375e-06 1.19550e-05
1.850e+03 3.61612e-06 1.16198e-05
1.860e+03 3.66567e-06 1.12647e-05
1.870e+03 3.71283e-06 1.08914e-05
1.880e+03 3.75831e-06 1.05031e-05
1.890e+03 3.80413e-06 1.01082e-05
1.900e+03 3.85403e-06 9.72080e-06
1.910e+03 3.91162e-06 9.35380e-06
1.920e+03 3.97753e-06 9.00710e-06
1.930e+03 4.05430e-06 8.67912e-06
1.940e+03 4.14112e-06 8.36822e-06
1.950e+03 4.23948e-06 8.07257e-06
1.960e+03 4.34969e-06 7.79013e-06
1.970e+03 4.47449e-06 7.51956e-06
1.980e+03 4.61516e-06 7.25981e-06
1.990e+03 4.77432e-06 7.00982e-06
2.000e+03 4.95447e-06 6.76828e-06
2.010e+03 5.15907e-06 6.53400e-06
2.020e+03 5.39246e-06 6.30616e-06
2.030e+03 5.66025e-06 6.08415e-06
2.040e+03 5.96994e-06 5.86787e-06
2.050e+03 6.33113e-06 5.65717e-06
2.060e+03 6.75628e-06 5.45164e-06
2.070e+03 7.26199e-06 5.25082e-06
2.080e+03 7.87123e-06 5.05450e-06
2.090e+03 8.61625e-06 4.86273e-06
2.100e+03 9.54343e-06 4.67560e-06
2.110e+03 1.07214e-05 4.49316e-06
2.120e+03 1.22555e-05 4.31526e-06
2.130e+03 1.43145e-05 4.14166e-06
2.140e+03 1.71856e-05 3.97233e-06
2.150e+03 2.13912e-05 3.80726e-06
2.160e+03 2.79653e-05 3.64646e-06
2.170e+03 3.92338e-05 3.48976e-06
2.180e+03 6.13889e-05 3.33735e-06
2.190e+03 1.16225e-04 3.18908e-06
2.200e+03 3.33819e-04 3.04543e-06
