1.200e+02 0.00000e+00 0.00000e+00
1.300e+02 1.39374e-13 1.05574e-12
1.400e+02 2.36060e-12 1.93198e-11
1.500e+02 1.24591e-11 1.00087e-10
1.600e+02 4.31553e-11 3.63530e-10
1.700e+02 1.35447e-10 1.14495e-09
1.800e+02 3.79328e-10 3.22059e-09
1.900e+02 9.36645e-10 7.96441e-09
2.000e+02 2.04576e-09 1.73983e-08
2.100e+02 4.09109e-09 3.46771e-08
2.200e+02 7.62124e-09 6.43561e-08
2.300e+02 1.33833e-08 1.12471e-07
2.400e+02 2.24615e-08 1.87694e-07
2.500e+02 3.64408e-08 3.02656e-07
2.600e+02 5.75141e-08 4.74687e-07
2.700e+02 8.86485e-08 7.26950e-07
2.800e+02 1.33724e-07 1.08945e-06
2.900e+02 1.98124e-07 1.60349e-06
3.000e+02 2.88475e-07 2.31891e-06
3.100e+02 4.12707e-07 3.29375e-06
3.200e+02 5.80227e-07 4.59481e-06
3.300e+02 8.02026e-07 6.29756e-06
3.400e+02 1.09151e-06 8.49242e-06
3.500e+02 1.57273e-06 1.21120e-05
3.600e+02 2.56654e-06 1.98387e-05
3.700e+02 4.23647e-06 3.28627e-05
3.800e+02 6.79757e-06 5.25767e-05
3.900e+02 1.05593e-05 8.10549e-05
4.000e+02 1.59197e-05 1.20943e-04
4.100e+02 2.33532e-05 1.75261e-04
4.200e+02 3.33110e-05 2.46587e-04
4.300e+02 4.63034e-05 3.37690e-04
4.400e+02 6.29767e-05 4.52174e-04
4.500e+02 8.39519e-05 5.93036e-04
4.600e+02 1.09687e-04 7.61990e-04
4.700e+02 1.40377e-04 9.58668e-04
4.800e+02 1.75544e-04 1.17789e-03
4.900e+02 2.14414e-04 1.41270e-03
5.000e+02 2.55996e-04 1.65504e-03
5.100e+02 2.99083e-04 1.89612e-03
5.200e+02 3.42437e-04 2.12776e-03
5.300e+02 3.84937e-04 2.34276e-03
5.400e+02 4.25641e-04 2.53601e-03
5.500e+02 4.64286e-04 2.70681e-03
5.600e+02 5.00863e-04 2.85627e-03
5.700e+02 5.35215e-04 2.98477e-03
5.800e+02 5.66922e-04 3.09098e-03
5.900e+02 5.95683e-04 3.17479e-03
6.000e+02 6.20097e-04 3.22999e-03
6.100e+02 6.38947e-04 3.25213e-03
6.200e+02 6.50123e-04 3.23247e-03
6.300e+02 6.52027e-04 3.16559e-03
6.400e+02 6.43519e-04 3.04912e-03
6.500e+02 6.24593e-04 2.88626e-03
6.600e+02 5.96200e-04 2.68531e-03
6.700e+02 5.59640e-04 2.45454e-03
6.800e+02 5.16851e-04 2.20593e-03
6.900e+02 4.69646e-04 1.94853e-03
7.000e+02 4.20497e-04 1.69404e-03
7.100e+02 3.71647e-04 1.45198e-03
7.200e+02 3.25022e-04 1.22980e-03
7.300e+02 2.81568e-04 1.03030e-03
7.400e+02 2.42177e-04 8.55544e-04
7.500e+02 2.07268e-04 7.05517e-04
7.600e+02 1.76772e-04 5.78560e-04
7.700e+02 1.50590e-04 4.72604e-04
7.800e+02 1.28546e-04 3.85659e-04
7.900e+02 1.10527e-04 3.15999e-04
8.000e+02 9.60143e-05 2.60718e-04
8.100e+02 8.46568e-05 2.17716e-04
8.200e+02 7.60405e-05 1.84726e-04
8.300e+02 6.98097e-05 1.59996e-04
8.400e+02 6.58142e-05 1.42322e-04
8.500e+02 6.40311e-05 1.30984e-04
8.600e+02 6.40378e-05 1.24531e-04
8.700e+02 6.46777e-05 1.19799e-04
8.800e+02 6.55637e-05 1.15606e-04
8.900e+02 6.65601e-05 1.11553e-04
9.000e+02 6.76187e-05 1.07492e-04
9.100e+02 6.87276e-05 1.03371e-04
9.200e+02 6.98944e-05 9.91806e-05
9.300e+02 7.11409e-05 9.49368e-05
9.400e+02 7.25011e-05 9.06722e-05
9.500e+02 7.40442e-05 8.64561e-05
9.600e+02 7.58937e-05 8.24234e-05
9.700e+02 7.81455e-05 7.86370e-05
9.800e+02 8.08684e-05 7.50823e-05
9.900e+02 8.41484e-05 7.17372e-05
1.000e+03 8.80774e-05 6.85812e-05
1.010e+03 9.28054e-05 6.55910e-05
1.020e+03 9.85156e-05 6.27467e-05
1.030e+03 1.05456e-04 6.00405e-05
1.040e+03 1.13988e-04 5.74568e-05
1.050e+03 1.24608e-04 5.49835e-05
1.060e+03 1.38042e-04 5.26078e-05
1.070e+03 1.55388e-04 5.03206e-05
1.080e+03 1.78380e-04 4.81167e-05
1.090e+03 2.09878e-04 4.59924e-05
1.100e+03 2.54887e-04 4.39432e-05
1.110e+03 3.22875e-04 4.19644e-05
1.120e+03 4.33722e-04 4.00517e-05
1.130e+03 6.35587e-04 3.82031e-05
1.140e+03 1.07413e-03 3.63481e-05
1.150e+03 2.37634e-03 3.46914e-05
