1.700e+02 0.00000e+00 0.00000e+00
1.800e+02 1.27134e-16 1.30924e-15
1.900e+02 1.02561e-13 1.13547e-12
2.000e+02 1.00750e-12 1.14584e-11
2.100e+02 4.43052e-12 5.06066e-11
2.200e+02 1.48020e-11 1.68975e-10
2.300e+02 4.24700e-11 4.81981e-10
2.400e+02 1.11110e-10 1.25540e-09
2.500e+02 2.64692e-10 2.98142e-09
2.600e+02 5.71196e-10 6.40066e-09
2.700e+02 1.13146e-09 1.25949e-08
2.800e+02 2.09409e-09 2.31129e-08
2.900e+02 3.66199e-09 4.00648e-08
3.000e+02 6.11819e-09 6.63263e-08
3.100e+02 9.86482e-09 1.05940e-07
3.200e+02 1.54740e-08 1.64612e-07
3.300e+02 2.36830e-08 2.49558e-07
3.400e+02 3.54528e-08 3.70004e-07
3.500e+02 5.20274e-08 5.37713e-07
3.600e+02 7.50071e-08 7.67625e-07
3.700e+02 1.06496e-07 1.07906e-06
3.800e+02 1.49177e-07 1.49580e-06
3.900e+02 2.06036e-07 2.04598e-06
4.000e+02 2.81050e-07 2.76226e-06
4.100e+02 3.78527e-07 3.68035e-06
4.200e+02 5.03580e-07 4.84131e-06
4.300e+02 6.62227e-07 6.29248e-06
4.400e+02 8.80255e-07 8.26436e-06
4.500e+02 1.29966e-06 1.21909e-05
4.600e+02 2.01506e-06 1.89604e-05
4.700e+02 3.10169e-06 2.91284e-05
4.800e+02 4.68562e-06 4.37125e-05
4.900e+02 6.94051e-06 6.40966e-05
5.000e+02 1.00664e-05 9.18146e-05
5.100e+02 1.43006e-05 1.28640e-04
5.200e+02 1.98805e-05 1.76153e-04
5.300e+02 2.70796e-05 2.36099e-04
5.400e+02 3.62347e-05 3.10695e-04
5.500e+02 4.76829e-05 4.01888e-04
5.600e+02 6.16839e-05 5.10840e-04
5.700e+02 7.83891e-05 6.37663e-04
5.800e+02 9.76237e-05 7.79630e-04
5.900e+02 1.19081e-04 9.33102e-04
6.000e+02 1.42297e-04 1.09339e-03
6.100e+02 1.66691e-04 1.25524e-03
6.200e+02 1.91713e-04 1.41410e-03
6.300e+02 2.16645e-04 1.56451e-03
6.400e+02 2.40962e-04 1.70290e-03
6.500e+02 2.64360e-04 1.82749e-03
6.600e+02 2.86781e-04 1.93863e-03
6.700e+02 3.08170e-04 2.03676e-03
6.800e+02 3.28307e-04 2.12121e-03
6.900e+02 3.47067e-04 2.19178e-03
7.000e+02 3.64017e-04 2.24685e-03
7.100e+02 3.78488e-04 2.28297e-03
7.200e+02 3.89609e-04 2.29626e-03
7.300e+02 3.96222e-04 2.28107e-03
7.400e+02 3.97455e-04 2.23420e-03
7.500e+02 3.92699e-04 2.15427e-03
7.600e+02 3.81962e-04 2.04369e-03
7.700e+02 3.65760e-04 1.90746e-03
7.800e+02 3.44742e-04 1.75073e-03
7.900e+02 3.19995e-04 1.58144e-03
8.000e+02 2.92480e-04 1.40532e-03
8.100e+02 2.63585e-04 1.22996e-03
8.200e+02 2.34571e-04 1.06170e-03
8.300e+02 2.06607e-04 9.05915e-04
8.400e+02 1.80282e-04 7.64742e-04
8.500e+02 1.56179e-04 6.39854e-04
8.600e+02 1.34549e-04 5.31410e-04
8.700e+02 1.15507e-04 4.38913e-04
8.800e+02 9.89233e-05 3.60708e-04
8.900e+02 8.47761e-05 2.95784e-04
9.000e+02 7.30341e-05 2.43035e-04
9.100e+02 6.34368e-05 2.00669e-04
9.200e+02 5.58209e-05 1.67348e-04
9.300e+02 4.98775e-05 1.41333e-04
9.400e+02 4.54678e-05 1.21585e-04
9.500e+02 4.24054e-05 1.06966e-04
9.600e+02 4.06880e-05 9.70212e-05
9.700e+02 4.02707e-05 9.12211e-05
9.800e+02 4.05408e-05 8.76396e-05
9.900e+02 4.10249e-05 8.46838e-05
1.000e+03 4.15931e-05 8.19113e-05
1.010e+03 4.21936e-05 7.91492e-05
1.020e+03 4.28109e-05 7.63408e-05
1.030e+03 4.34414e-05 7.34654e-05
1.040e+03 4.40913e-05 7.05279e-05
1.050e+03 4.47798e-05 6.75482e-05
1.060e+03 4.55261e-05 6.45583e-05
1.070e+03 4.63899e-05 6.16426e-05
1.080e+03 4.74363e-05 5.88848e-05
1.090e+03 4.87007e-05 5.62944e-05
1.100e+03 5.02147e-05 5.38575e-05
1.110e+03 5.20163e-05 5.15580e-05
1.120e+03 5.41545e-05 4.93811e-05
1.130e+03 5.66915e-05 4.73122e-05
1.140e+03 5.97039e-05 4.53417e-05
1.150e+03 6.33279e-05 4.34597e-05
1.160e+03 6.76908e-05 4.16596e-05
1.170e+03 7.30049e-05 3.99311e-05
1.180e+03 7.95581e-05 3.82663e-05
1.190e+03 8.77723e-05 3.66582e-05
1.200e+03 9.82631e-05 3.51077e-05
1.210e+03 1.12010e-04 3.36084e-05
1.220e+03 1.30556e-04 3.21603e-05
1.230e+03 1.56565e-04 3.07581e-05
1.240e+03 1.94900e-04 2.94001e-05
1.250e+03 2.55323e-04 2.80851e-05
1.260e+03 3.60032e-04 2.68126e-05
1.270e+03 5.69515e-04 2.55820e-05
1.280e+03 1.10431e-03 2.43926e-05
1.290e+03 3.39501e-03 2.32391e-05
