0.000e+00 0.00000e+00 0.00000e+00
1.000e+01 0.00000e+00 0.00000e+00
2.000e+01 0.00000e+00 0.00000e+00
3.000e+01 0.00000e+00 0.00000e+00
4.000e+01 0.00000e+00 0.00000e+00
5.000e+01 0.00000e+00 0.00000e+00
6.000e+01 0.00000e+00 0.00000e+00
7.000e+01 0.00000e+00 0.00000e+00
8.000e+01 0.00000e+00 0.00000e+00
9.000e+01 0.00000e+00 0.00000e+00
1.000e+02 0.00000e+00 0.00000e+00
1.100e+02 0.00000e+00 0.00000e+00
1.200e+02 0.00000e+00 0.00000e+00
1.300e+02 0.00000e+00 0.00000e+00
1.400e+02 0.00000e+00 0.00000e+00
1.500e+02 0.00000e+00 0.00000e+00
1.600e+02 0.00000e+00 0.00000e+00
1.700e+02 0.00000e+00 0.00000e+00
1.800e+02 0.00000e+00 0.00000e+00
1.900e+02 0.00000e+00 0.00000e+00
2.000e+02 0.00000e+00 0.00000e+00
2.100e+02 0.00000e+00 0.00000e+00
2.200e+02 0.00000e+00 0.00000e+00
2.300e+02 0.00000e+00 0.00000e+00
2.400e+02 0.00000e+00 0.00000e+00
2.500e+02 0.00000e+00 0.00000e+00
2.600e+02 0.00000e+00 0.00000e+00
2.700e+02 0.00000e+00 0.00000e+00
2.800e+02 0.00000e+00 0.00000e+00
2.900e+02 0.00000e+00 0.00000e+00
3.000e+02 0.00000e+00 0.00000e+00
3.100e+02 0.00000e+00 0.00000e+00
3.200e+02 0.00000e+00 0.00000e+00
3.300e+02 0.00000e+00 0.00000e+00
3.400e+02 0.00000e+00 0.00000e+00
3.500e+02 0.00000e+00 0.00000e+00
3.600e+02 0.00000e+00 0.00000e+00
3.700e+02 0.00000e+00 0.00000e+00
3.800e+02 0.00000e+00 0.00000e+00
3.900e+02 0.00000e+00 0.00000e+00
4.000e+02 0.00000e+00 0.00000e+00
4.100e+02 0.00000e+00 0.00000e+00
4.200e+02 0.00000e+00 0.00000e+00
4.300e+02 0.00000e+00 0.00000e+00
4.400e+02 0.00000e+00 0.00000e+00
4.500e+02 0.00000e+00 0.00000e+00
4.600e+02 0.00000e+00 0.00000e+00
4.700e+02 0.00000e+00 0.00000e+00
4.800e+02 0.00000e+00 0.00000e+00
4.900e+02 0.00000e+00 0.00000e+00
5.000e+02 0.00000e+00 0.00000e+00
5.100e+02 0.00000e+00 0.00000e+00
5.200e+02 0.00000e+00 0.00000e+00
5.300e+02 0.00000e+00 0.00000e+00
5.400e+02 0.00000e+00 0.00000e+00
5.500e+02 0.00000e+00 0.00000e+00
5.600e+02 0.00000e+00 0.00000e+00
5.700e+02 0.00000e+00 0.00000e+00
5.800e+02 0.00000e+00 0.00000e+00
5.900e+02 0.00000e+00 0.00000e+00
6.000e+02 0.00000e+00 0.00000e+00
6.100e+02 0.00000e+00 0.00000e+00
6.200e+02 0.00000e+00 0.00000e+00
6.300e+02 0.00000e+00 0.00000e+00
6.400e+02 0.00000e+00 0.00000e+00
6.500e+02 0.00000e+00 0.00000e+00
6.600e+02 0.00000e+00 0.00000e+00
6.700e+02 0.00000e+00 0.00000e+00
6.800e+02 0.00000e+00 0.00000e+00
6.900e+02 0.00000e+00 0.00000e+00
7.000e+02 0.00000e+00 0.00000e+00
7.100e+02 0.00000e+00 0.00000e+00
7.200e+02 0.00000e+00 0.00000e+00
7.300e+02 0.00000e+00 0.00000e+00
7.400e+02 0.00000e+00 0.00000e+00
7.500e+02 0.00000e+00 0.00000e+00
7.600e+02 0.00000e+00 0.00000e+00
7.700e+02 0.00000e+00 0.00000e+00
7.800e+02 0.00000e+00 0.00000e+00
7.900e+02 0.00000e+00 0.00000e+00
8.000e+02 0.00000e+00 0.00000e+00
8.100e+02 0.00000e+00 0.00000e+00
8.200e+02 0.00000e+00 0.00000e+00
8.300e+02 0.00000e+00 0.00000e+00
8.400e+02 0.00000e+00 0.00000e+00
8.500e+02 0.00000e+00 0.00000e+00
8.600e+02 0.00000e+00 0.00000e+00
8.700e+02 0.00000e+00 0.00000e+00
8.800e+02 0.00000e+00 0.00000e+00
8.900e+02 0.00000e+00 0.00000e+00
9.000e+02 0.00000e+00 0.00000e+00
9.100e+02 0.00000e+00 0.00000e+00
9.200e+02 0.00000e+00 0.00000e+00
9.300e+02 0.00000e+00 0.00000e+00
9.400e+02 0.00000e+00 0.00000e+00
9.500e+02 0.00000e+00 0.00000e+00
9.600e+02 0.00000e+00 0.00000e+00
9.700e+02 0.00000e+00 0.00000e+00
9.800e+02 0.00000e+00 0.00000e+00
9.900e+02 0.00000e+00 0.00000e+00
1.000e+03 0.00000e+00 0.00000e+00
1.010e+03 0.00000e+00 0.00000e+00
1.020e+03 0.00000e+00 0.00000e+00
1.030e+03 0.00000e+00 0.00000e+00
1.040e+03 0.00000e+00 0.00000e+00
1.050e+03 0.00000e+00 0.00000e+00
1.060e+03 3.51537e-22 5.67317e-20
1.070e+03 5.94028e-17 7.89008e-15
1.080e+03 6.78904e-16 8.35551e-14
1.090e+03 3.25691e-15 3.71688e-13
1.100e+03 1.10758e-14 1.21234e-12
1.110e+03 3.15552e-14 3.21611e-12
1.120e+03 7.70662e-14 7.56707e-12
1.130e+03 1.96714e-13 1.88929e-11
1.140e+03 4.08008e-13 3.62476e-11
1.150e+03 8.02400e-13 6.88545e-11
1.160e+03 1.59244e-12 1.33363e-10
1.170e+03 2.85400e-12 2.24975e-10
1.180e+03 4.78287e-12 3.53954e-10
1.190e+03 8.16907e-12 5.96974e-10
1.200e+03 1.29753e-11 9.04254e-10
1.210e+03 2.02715e-11 1.35193e-09
1.220e+03 3.09011e-11 1.98293e-09
1.230e+03 4.61690e-11 2.86717e-09
1.240e+03 6.77929e-11 4.06891e-09
1.250e+03 9.78502e-11 5.67875e-09
1.260e+03 1.38975e-10 7.80206e-09
1.270e+03 1.94495e-10 1.05682e-08
1.280e+03 2.68409e-10 1.41120e-08
1.290e+03 3.65831e-10 1.86400e-08
1.300e+03 4.92712e-10 2.43275e-08
1.310e+03 6.56266e-10 3.14071e-08
1.320e+03 8.65308e-10 4.01729e-08
1.330e+03 1.13015e-09 5.09185e-08
1.340e+03 1.46352e-09 6.40335e-08
1.350e+03 1.88046e-09 7.99541e-08
1.360e+03 2.39824e-09 9.92273e-08
1.370e+03 3.03997e-09 1.22499e-07
1.380e+03 3.83030e-09 1.50459e-07
1.390e+03 4.79981e-09 1.83919e-07
1.400e+03 5.98239e-09 2.23726e-07
1.410e+03 7.41731e-09 2.70806e-07
1.420e+03 9.15020e-09 3.26188e-07
1.430e+03 1.12309e-08 3.90990e-07
1.440e+03 1.37158e-08 4.66249e-07
1.450e+03 1.66912e-08 5.54500e-07
1.460e+03 2.08096e-08 6.91399e-07
1.470e+03 2.68784e-08 9.14675e-07
1.480e+03 3.55094e-08 1.24125e-06
1.490e+03 4.74349e-08 1.69008e-06
1.500e+03 6.38550e-08 2.30043e-06
1.510e+03 8.60437e-08 3.11045e-06
1.520e+03 1.15978e-07 4.18045e-06
1.530e+03 1.55825e-07 5.57077e-06
1.540e+03 2.08262e-07 7.35422e-06
1.550e+03 2.76270e-07 9.60063e-06
1.560e+03 3.63084e-07 1.23790e-05
1.570e+03 4.73289e-07 1.58047e-05
1.580e+03 6.11409e-07 1.99671e-05
1.590e+03 7.82826e-07 2.49769e-05
1.600e+03 9.92439e-07 3.08989e-05
1.610e+03 1.24508e-06 3.77913e-05
1.620e+03 1.54326e-06 4.56090e-05
1.630e+03 1.88823e-06 5.42650e-05
1.640e+03 2.27972e-06 6.36345e-05
1.650e+03 2.71572e-06 7.35495e-05
1.660e+03 3.19189e-06 8.37939e-05
1.670e+03 3.70350e-06 9.41846e-05
1.680e+03 4.24273e-06 1.04461e-04
1.690e+03 4.80436e-06 1.14459e-04
1.700e+03 5.37985e-06 1.23982e-04
1.710e+03 5.96481e-06 1.32962e-04
1.720e+03 6.54922e-06 1.41400e-04
1.730e+03 7.15217e-06 1.49266e-04
1.740e+03 7.74687e-06 1.56537e-04
1.750e+03 8.33519e-06 1.63132e-04
1.760e+03 8.91417e-06 1.69070e-04
1.770e+03 9.47129e-06 1.74142e-04
1.780e+03 9.99453e-06 1.78201e-04
1.790e+03 1.04610e-05 1.80873e-04
1.800e+03 1.08485e-05 1.81848e-04
1.810e+03 1.11351e-05 1.80878e-04
1.820e+03 1.13013e-05 1.77786e-04
1.830e+03 1.13375e-05 1.72596e-04
1.840e+03 1.12318e-05 1.65338e-04
1.850e+03 1.09938e-05 1.56379e-04
1.860e+03 1.06255e-05 1.45904e-04
1.870e+03 1.01457e-05 1.34366e-04
1.880e+03 9.56880e-06 1.22093e-04
1.890e+03 8.92187e-06 1.09562e-04
1.900e+03 8.23006e-06 9.71476e-05
1.910e+03 7.52239e-06 8.52525e-05
1.920e+03 6.81941e-06 7.41087e-05
1.930e+03 6.13587e-06 6.38420e-05
1.940e+03 5.48839e-06 5.45874e-05
1.950e+03 4.89550e-06 4.63633e-05
1.960e+03 4.33230e-06 3.91601e-05
1.970e+03 3.83555e-06 3.28891e-05
1.980e+03 3.39226e-06 2.75241e-05
1.990e+03 3.00821e-06 2.30178e-05
2.000e+03 2.68140e-06 1.92818e-05
2.010e+03 2.40994e-06 1.62322e-05
2.020e+03 2.18903e-06 1.37719e-05
2.030e+03 2.01598e-06 1.18264e-05
2.040e+03 1.88675e-06 1.03212e-05
2.050e+03 1.80086e-06 9.21372e-06
2.060e+03 1.76016e-06 8.48572e-06
2.070e+03 1.76441e-06 8.10593e-06
2.080e+03 1.78997e-06 7.88806e-06
2.090e+03 1.82087e-06 7.70846e-06
2.100e+03 1.85275e-06 7.53389e-06
2.110e+03 1.88384e-06 7.35141e-06
2.120e+03 1.91362e-06 7.15721e-06
2.130e+03 1.94188e-06 6.94988e-06
2.140e+03 1.96871e-06 6.73001e-06
2.150e+03 1.99461e-06 6.50039e-06
2.160e+03 2.02031e-06 6.26478e-06
2.170e+03 2.04769e-06 6.03252e-06
2.180e+03 2.07866e-06 5.81163e-06
2.190e+03 2.11371e-06 5.60296e-06
2.200e+03 2.15324e-06 5.40542e-06
2.210e+03 2.19773e-06 5.21821e-06
2.220e+03 2.24772e-06 5.04004e-06
2.230e+03 2.30307e-06 4.86987e-06
2.240e+03 2.36501e-06 4.70670e-06
2.250e+03 2.43412e-06 4.54993e-06
2.260e+03 2.51139e-06 4.39899e-06
2.270e+03 2.59788e-06 4.25308e-06
2.280e+03 2.69492e-06 4.11145e-06
2.290e+03 2.80416e-06 3.97346e-06
2.300e+03 2.92785e-06 3.83891e-06
2.310e+03 3.06879e-06 3.70767e-06
2.320e+03 3.23068e-06 3.57956e-06
2.330e+03 3.41775e-06 3.45443e-06
2.340e+03 3.63597e-06 3.33195e-06
2.350e+03 3.89306e-06 3.21209e-06
2.360e+03 4.19942e-06 3.09478e-06
2.370e+03 4.57020e-06 2.98002e-06
2.380e+03 5.02567e-06 2.86812e-06
2.390e+03 5.59508e-06 2.75854e-06
2.400e+03 6.32323e-06 2.65159e-06
2.410e+03 7.27903e-06 2.54709e-06
2.420e+03 8.57372e-06 2.44518e-06
2.430e+03 1.04066e-05 2.34544e-06
2.440e+03 1.31361e-05 2.24825e-06
2.450e+03 1.75083e-05 2.15348e-06
2.460e+03 2.52734e-05 2.06114e-06
2.470e+03 4.14138e-05 1.97159e-06
2.480e+03 8.57056e-05 1.88441e-06
2.490e+03 3.14597e-04 1.79946e-06
