0.000e+00 0.00000e+00 0.00000e+00
1.000e+01 0.00000e+00 0.00000e+00
2.000e+01 0.00000e+00 0.00000e+00
3.000e+01 0.00000e+00 0.00000e+00
4.000e+01 0.00000e+00 0.00000e+00
5.000e+01 0.00000e+00 0.00000e+00
6.000e+01 0.00000e+00 0.00000e+00
7.000e+01 0.00000e+00 0.00000e+00
8.000e+01 0.00000e+00 0.00000e+00
9.000e+01 0.00000e+00 0.00000e+00
1.000e+02 0.00000e+00 0.00000e+00
1.100e+02 0.00000e+00 0.00000e+00
1.200e+02 0.00000e+00 0.00000e+00
1.300e+02 0.00000e+00 0.00000e+00
1.400e+02 0.00000e+00 0.00000e+00
1.500e+02 0.00000e+00 0.00000e+00
1.600e+02 0.00000e+00 0.00000e+00
1.700e+02 0.00000e+00 0.00000e+00
1.800e+02 0.00000e+00 0.00000e+00
1.900e+02 0.00000e+00 0.00000e+00
2.000e+02 0.00000e+00 0.00000e+00
2.100e+02 0.00000e+00 0.00000e+00
2.200e+02 0.00000e+00 0.00000e+00
2.300e+02 0.00000e+00 0.00000e+00
2.400e+02 0.00000e+00 0.00000e+00
2.500e+02 0.00000e+00 0.00000e+00
2.600e+02 0.00000e+00 0.00000e+00
2.700e+02 0.00000e+00 0.00000e+00
2.800e+02 0.00000e+00 0.00000e+00
2.900e+02 0.00000e+00 0.00000e+00
3.000e+02 0.00000e+00 0.00000e+00
3.100e+02 0.00000e+00 0.00000e+00
3.200e+02 0.00000e+00 0.00000e+00
3.300e+02 0.00000e+00 0.00000e+00
3.400e+02 0.00000e+00 0.00000e+00
3.500e+02 0.00000e+00 0.00000e+00
3.600e+02 0.00000e+00 0.00000e+00
3.700e+02 0.00000e+00 0.00000e+00
3.800e+02 0.00000e+00 0.00000e+00
3.900e+02 0.00000e+00 0.00000e+00
4.000e+02 0.00000e+00 0.00000e+00
4.100e+02 0.00000e+00 0.00000e+00
4.200e+02 0.00000e+00 0.00000e+00
4.300e+02 0.00000e+00 0.00000e+00
4.400e+02 0.00000e+00 0.00000e+00
4.500e+02 0.00000e+00 0.00000e+00
4.600e+02 0.00000e+00 0.00000e+00
4.700e+02 0.00000e+00 0.00000e+00
4.800e+02 0.00000e+00 0.00000e+00
4.900e+02 0.00000e+00 0.00000e+00
5.000e+02 0.00000e+00 0.00000e+00
5.100e+02 0.00000e+00 0.00000e+00
5.200e+02 0.00000e+00 0.00000e+00
5.300e+02 0.00000e+00 0.00000e+00
5.400e+02 0.00000e+00 0.00000e+00
5.500e+02 0.00000e+00 0.00000e+00
5.600e+02 0.00000e+00 0.00000e+00
5.700e+02 0.00000e+00 0.00000e+00
5.800e+02 0.00000e+00 0.00000e+00
5.900e+02 0.00000e+00 0.00000e+00
6.000e+02 0.00000e+00 0.00000e+00
6.100e+02 0.00000e+00 0.00000e+00
6.200e+02 0.00000e+00 0.00000e+00
6.300e+02 0.00000e+00 0.00000e+00
6.400e+02 0.00000e+00 0.00000e+00
6.500e+02 0.00000e+00 0.00000e+00
6.600e+02 0.00000e+00 0.00000e+00
6.700e+02 0.00000e+00 0.00000e+00
6.800e+02 0.00000e+00 0.00000e+00
6.900e+02 0.00000e+00 0.00000e+00
7.000e+02 0.00000e+00 0.00000e+00
7.100e+02 0.00000e+00 0.00000e+00
7.200e+02 0.00000e+00 0.00000e+00
7.300e+02 0.00000e+00 0.00000e+00
7.400e+02 0.00000e+00 0.00000e+00
7.500e+02 0.00000e+00 0.00000e+00
7.600e+02 0.00000e+00 0.00000e+00
7.700e+02 0.00000e+00 0.00000e+00
7.800e+02 0.00000e+00 0.00000e+00
7.900e+02 0.00000e+00 0.00000e+00
8.000e+02 0.00000e+00 0.00000e+00
8.100e+02 0.00000e+00 0.00000e+00
8.200e+02 0.00000e+00 0.00000e+00
8.300e+02 0.00000e+00 0.00000e+00
8.400e+02 0.00000e+00 0.00000e+00
8.500e+02 0.00000e+00 0.00000e+00
8.600e+02 0.00000e+00 0.00000e+00
8.700e+02 0.00000e+00 0.00000e+00
8.800e+02 0.00000e+00 0.00000e+00
8.900e+02 0.00000e+00 0.00000e+00
9.000e+02 0.00000e+00 0.00000e+00
9.100e+02 0.00000e+00 0.00000e+00
9.200e+02 0.00000e+00 0.00000e+00
9.300e+02 0.00000e+00 0.00000e+00
9.400e+02 0.00000e+00 0.00000e+00
9.500e+02 0.00000e+00 0.00000e+00
9.600e+02 0.00000e+00 0.00000e+00
9.700e+02 0.00000e+00 0.00000e+00
9.800e+02 0.00000e+00 0.00000e+00
9.900e+02 0.00000e+00 0.00000e+00
1.000e+03 0.00000e+00 0.00000e+00
1.010e+03 0.00000e+00 0.00000e+00
1.020e+03 0.00000e+00 0.00000e+00
1.030e+03 0.00000e+00 0.00000e+00
1.040e+03 0.00000e+00 0.00000e+00
1.050e+03 0.00000e+00 0.00000e+00
1.060e+03 0.00000e+00 0.00000e+00
1.070e+03 0.00000e+00 0.00000e+00
1.080e+03 0.00000e+00 0.00000e+00
1.090e+03 0.00000e+00 0.00000e+00
1.100e+03 0.00000e+00 0.00000e+00
1.110e+03 0.00000e+00 0.00000e+00
1.120e+03 0.00000e+00 0.00000e+00
1.130e+03 0.00000e+00 0.00000e+00
1.140e+03 0.00000e+00 0.00000e+00
1.150e+03 0.00000e+00 0.00000e+00
1.160e+03 0.00000e+00 0.00000e+00
1.170e+03 0.00000e+00 0.00000e+00
1.180e+03 0.00000e+00 0.00000e+00
1.190e+03 0.00000e+00 0.00000e+00
1.200e+03 0.00000e+00 0.00000e+00
1.210e+03 0.00000e+00 0.00000e+00
1.220e+03 0.00000e+00 0.00000e+00
1.230e+03 0.00000e+00 0.00000e+00
1.240e+03 0.00000e+00 0.00000e+00
1.250e+03 0.00000e+00 0.00000e+00
1.260e+03 0.00000e+00 0.00000e+00
1.270e+03 0.00000e+00 0.00000e+00
1.280e+03 0.00000e+00 0.00000e+00
1.290e+03 0.00000e+00 0.00000e+00
1.300e+03 0.00000e+00 0.00000e+00
1.310e+03 0.00000e+00 0.00000e+00
1.320e+03 8.77322e-18 1.69525e-15
1.330e+03 1.67816e-16 2.90610e-14
1.340e+03 9.36729e-16 1.47979e-13
1.350e+03 3.21114e-15 4.67122e-13
1.360e+03 1.00748e-14 1.37250e-12
1.370e+03 2.37463e-14 2.89666e-12
1.380e+03 6.49484e-14 8.18353e-12
1.390e+03 1.41252e-13 1.62317e-11
1.400e+03 2.74662e-13 2.92893e-11
1.410e+03 5.60611e-13 5.96575e-11
1.420e+03 1.03233e-12 1.02594e-10
1.430e+03 1.76876e-12 1.63333e-10
1.440e+03 3.01117e-12 2.72036e-10
1.450e+03 4.95660e-12 4.27985e-10
1.460e+03 7.80070e-12 6.35852e-10
1.470e+03 1.18495e-11 9.13783e-10
1.480e+03 1.78598e-11 1.34458e-09
1.490e+03 2.64257e-11 1.91522e-09
1.500e+03 3.83990e-11 2.67576e-09
1.510e+03 5.48163e-11 3.68874e-09
1.520e+03 7.71725e-11 5.00718e-09
1.530e+03 1.07161e-10 6.71142e-09
1.540e+03 1.46884e-10 8.88816e-09
1.550e+03 1.98807e-10 1.16235e-08
1.560e+03 2.66189e-10 1.50462e-08
1.570e+03 3.52518e-10 1.92846e-08
1.580e+03 4.62417e-10 2.44883e-08
1.590e+03 6.01026e-10 3.08463e-08
1.600e+03 7.74779e-10 3.85590e-08
1.610e+03 9.91106e-10 4.78875e-08
1.620e+03 1.25915e-09 5.91265e-08
1.630e+03 1.58953e-09 7.26551e-08
1.640e+03 1.99519e-09 8.88472e-08
1.650e+03 2.49475e-09 1.08157e-07
1.660e+03 3.09328e-09 1.31071e-07
1.670e+03 3.82210e-09 1.58099e-07
1.680e+03 4.69959e-09 1.89830e-07
1.690e+03 5.75066e-09 2.26880e-07
1.700e+03 7.00317e-09 2.69853e-07
1.710e+03 8.48944e-09 3.19516e-07
1.720e+03 1.04197e-08 3.90656e-07
1.730e+03 1.31544e-08 5.09019e-07
1.740e+03 1.70793e-08 6.84858e-07
1.750e+03 2.24190e-08 9.27974e-07
1.760e+03 2.97203e-08 1.25930e-06
1.770e+03 3.95039e-08 1.69904e-06
1.780e+03 5.27905e-08 2.28204e-06
1.790e+03 7.03486e-08 3.03878e-06
1.800e+03 9.35240e-08 4.01709e-06
1.810e+03 1.23587e-07 5.25207e-06
1.820e+03 1.62108e-07 6.78958e-06
1.830e+03 2.10986e-07 8.68380e-06
1.840e+03 2.72456e-07 1.10001e-05
1.850e+03 3.48906e-07 1.37969e-05
1.860e+03 4.42799e-07 1.71273e-05
1.870e+03 5.56603e-07 2.10322e-05
1.880e+03 6.92318e-07 2.55214e-05
1.890e+03 8.50804e-07 3.05469e-05
1.900e+03 1.03271e-06 3.60615e-05
1.910e+03 1.23732e-06 4.19646e-05
1.920e+03 1.46355e-06 4.81574e-05
1.930e+03 1.70942e-06 5.45144e-05
1.940e+03 1.97287e-06 6.09265e-05
1.950e+03 2.24940e-06 6.72295e-05
1.960e+03 2.53594e-06 7.33221e-05
1.970e+03 2.82957e-06 7.91197e-05
1.980e+03 3.12817e-06 8.45981e-05
1.990e+03 3.42554e-06 8.97670e-05
2.000e+03 3.73469e-06 9.46008e-05
2.010e+03 4.03740e-06 9.90568e-05
2.020e+03 4.33695e-06 1.03131e-04
2.030e+03 4.62956e-06 1.06775e-04
2.040e+03 4.90348e-06 1.09875e-04
2.050e+03 5.17017e-06 1.12312e-04
2.060e+03 5.39887e-06 1.13834e-04
2.070e+03 5.58571e-06 1.14273e-04
2.080e+03 5.72012e-06 1.13476e-04
2.090e+03 5.79195e-06 1.11337e-04
2.100e+03 5.79868e-06 1.07908e-04
2.110e+03 5.73752e-06 1.03260e-04
2.120e+03 5.60941e-06 9.75441e-05
2.130e+03 5.41871e-06 9.09432e-05
2.140e+03 5.17329e-06 8.36990e-05
2.150e+03 4.88113e-06 7.60228e-05
2.160e+03 4.55588e-06 6.82139e-05
2.170e+03 4.22304e-06 6.05068e-05
2.180e+03 3.85753e-06 5.31449e-05
2.190e+03 3.50737e-06 4.62410e-05
2.200e+03 3.16764e-06 3.98892e-05
2.210e+03 2.84535e-06 3.41543e-05
2.220e+03 2.54594e-06 2.90625e-05
2.230e+03 2.27063e-06 2.45793e-05
2.240e+03 2.02153e-06 2.06792e-05
2.250e+03 1.79982e-06 1.73317e-05
2.260e+03 1.60865e-06 1.45243e-05
2.270e+03 1.44543e-06 1.21876e-05
2.280e+03 1.31020e-06 1.02787e-05
2.290e+03 1.20024e-06 8.73403e-06
2.300e+03 1.11455e-06 7.51146e-06
2.310e+03 1.05108e-06 6.56420e-06
2.320e+03 1.00982e-06 5.86858e-06
2.330e+03 9.91782e-07 5.41434e-06
2.340e+03 9.96708e-07 5.18186e-06
2.350e+03 1.01224e-06 5.05009e-06
2.360e+03 1.03032e-06 4.94151e-06
2.370e+03 1.04879e-06 4.83531e-06
2.380e+03 1.06662e-06 4.72365e-06
2.390e+03 1.08412e-06 4.60391e-06
2.400e+03 1.10057e-06 4.47515e-06
2.410e+03 1.11629e-06 4.33806e-06
2.420e+03 1.13148e-06 4.19412e-06
2.430e+03 1.14660e-06 4.04607e-06
2.440e+03 1.16262e-06 3.89998e-06
2.450e+03 1.18051e-06 3.76098e-06
2.460e+03 1.20048e-06 3.62958e-06
2.470e+03 1.22276e-06 3.50514e-06
2.480e+03 1.24759e-06 3.38714e-06
2.490e+03 1.27511e-06 3.27481e-06
2.500e+03 1.30558e-06 3.16744e-06
2.510e+03 1.33925e-06 3.06439e-06
2.520e+03 1.37655e-06 2.96539e-06
2.530e+03 1.41789e-06 2.86998e-06
2.540e+03 1.46379e-06 2.77766e-06
2.550e+03 1.51484e-06 2.68798e-06
2.560e+03 1.57181e-06 2.60052e-06
2.570e+03 1.63571e-06 2.51511e-06
2.580e+03 1.70778e-06 2.43171e-06
2.590e+03 1.78960e-06 2.35021e-06
2.600e+03 1.88309e-06 2.27048e-06
2.610e+03 1.99092e-06 2.19247e-06
2.620e+03 2.11603e-06 2.11581e-06
2.630e+03 2.26265e-06 2.04075e-06
2.640e+03 2.43736e-06 1.96724e-06
2.650e+03 2.64727e-06 1.89533e-06
2.660e+03 2.90387e-06 1.82505e-06
2.670e+03 3.22269e-06 1.75629e-06
2.680e+03 3.62730e-06 1.68899e-06
2.690e+03 4.15354e-06 1.62319e-06
2.700e+03 4.85978e-06 1.55887e-06
2.710e+03 5.84376e-06 1.49607e-06
2.720e+03 7.28496e-06 1.43472e-06
2.730e+03 9.53837e-06 1.37488e-06
2.740e+03 1.34036e-05 1.31665e-06
2.750e+03 2.10000e-05 1.26006e-06
2.760e+03 3.98089e-05 1.20485e-06
2.770e+03 1.14473e-04 1.15101e-06
