3.500e+01 0.00000e+00 0.00000e+00
3.600e+01 3.51084e-09 8.69155e-10
3.700e+01 9.69719e-05 2.43808e-05
3.800e+01 7.36886e-04 1.87017e-04
3.900e+01 2.23961e-03 5.71363e-04
4.000e+01 4.73555e-03 1.23105e-03
4.100e+01 8.27744e-03 2.23001e-03
4.200e+01 1.27245e-02 3.56000e-03
4.300e+01 1.73254e-02 5.04018e-03
4.400e+01 2.15345e-02 6.53196e-03
4.500e+01 2.51326e-02 7.94544e-03
4.600e+01 2.80358e-02 9.17252e-03
4.700e+01 3.02685e-02 1.01707e-02
4.800e+01 3.20660e-02 1.09838e-02
4.900e+01 3.36068e-02 1.16496e-02
5.000e+01 3.49576e-02 1.21955e-02
5.100e+01 3.61410e-02 1.26554e-02
5.200e+01 3.71801e-02 1.30508e-02
5.300e+01 3.81425e-02 1.34039e-02
5.400e+01 3.90737e-02 1.37283e-02
5.500e+01 3.99901e-02 1.40315e-02
5.600e+01 4.08962e-02 1.43224e-02
5.700e+01 4.17924e-02 1.46048e-02
5.800e+01 4.26836e-02 1.48812e-02
5.900e+01 4.35740e-02 1.51529e-02
6.000e+01 4.44642e-02 1.54200e-02
6.100e+01 4.53532e-02 1.56829e-02
6.200e+01 4.62292e-02 1.59392e-02
6.300e+01 4.70628e-02 1.61818e-02
6.400e+01 4.78415e-02 1.64078e-02
6.500e+01 4.85604e-02 1.66141e-02
6.600e+01 4.92163e-02 1.67975e-02
6.700e+01 4.98021e-02 1.69555e-02
6.800e+01 5.03028e-02 1.70844e-02
6.900e+01 5.07121e-02 1.71828e-02
7.000e+01 5.10275e-02 1.72494e-02
7.100e+01 5.12468e-02 1.72826e-02
7.200e+01 5.13727e-02 1.72830e-02
7.300e+01 5.14147e-02 1.72528e-02
7.400e+01 5.13770e-02 1.71932e-02
7.500e+01 5.12614e-02 1.71055e-02
7.600e+01 5.10690e-02 1.69912e-02
7.700e+01 5.08041e-02 1.68518e-02
7.800e+01 5.04759e-02 1.66900e-02
7.900e+01 5.00897e-02 1.65073e-02
8.000e+01 4.96483e-02 1.63053e-02
8.100e+01 4.91539e-02 1.60857e-02
8.200e+01 4.86107e-02 1.58499e-02
8.300e+01 4.80261e-02 1.56002e-02
8.400e+01 4.74046e-02 1.53380e-02
8.500e+01 4.67488e-02 1.50647e-02
8.600e+01 4.60610e-02 1.47815e-02
8.700e+01 4.53442e-02 1.44898e-02
8.800e+01 4.46032e-02 1.41910e-02
8.900e+01 4.38416e-02 1.38861e-02
9.000e+01 4.30618e-02 1.35764e-02
9.100e+01 4.22663e-02 1.32628e-02
9.200e+01 4.14575e-02 1.29463e-02
9.300e+01 4.06387e-02 1.26279e-02
9.400e+01 3.98125e-02 1.23086e-02
9.500e+01 3.89809e-02 1.19890e-02
9.600e+01 3.81456e-02 1.16700e-02
9.700e+01 3.73086e-02 1.13522e-02
9.800e+01 3.64728e-02 1.10363e-02
9.900e+01 3.56401e-02 1.07231e-02
1.000e+02 3.48121e-02 1.04131e-02
1.010e+02 3.39902e-02 1.01069e-02
1.020e+02 3.31759e-02 9.80481e-03
1.030e+02 3.23708e-02 9.50742e-03
1.040e+02 3.15762e-02 9.21506e-03
1.050e+02 3.07928e-02 8.92802e-03
1.060e+02 3.00212e-02 8.64653e-03
1.070e+02 2.92621e-02 8.37081e-03
1.080e+02 2.85163e-02 8.10103e-03
1.090e+02 2.77845e-02 7.83736e-03
1.100e+02 2.70671e-02 7.57988e-03
1.110e+02 2.63643e-02 7.32866e-03
1.120e+02 2.56764e-02 7.08378e-03
1.130e+02 2.50038e-02 6.84527e-03
1.140e+02 2.43464e-02 6.61308e-03
1.150e+02 2.37042e-02 6.38722e-03
1.160e+02 2.30773e-02 6.16762e-03
1.170e+02 2.24657e-02 5.95427e-03
1.180e+02 2.18700e-02 5.74717e-03
1.190e+02 2.12902e-02 5.54628e-03
1.200e+02 2.07266e-02 5.35158e-03
1.210e+02 2.01789e-02 5.16302e-03
1.220e+02 1.96470e-02 4.98048e-03
1.230e+02 1.91308e-02 4.80389e-03
1.240e+02 1.86297e-02 4.63309e-03
1.250e+02 1.81436e-02 4.46793e-03
1.260e+02 1.76722e-02 4.30832e-03
1.270e+02 1.72155e-02 4.15413e-03
1.280e+02 1.67735e-02 4.00525e-03
1.290e+02 1.63461e-02 3.86163e-03
1.300e+02 1.59334e-02 3.72315e-03
1.310e+02 1.55349e-02 3.58967e-03
1.320e+02 1.51503e-02 3.46109e-03
1.330e+02 1.47797e-02 3.33731e-03
1.340e+02 1.44225e-02 3.21814e-03
1.350e+02 1.40787e-02 3.10349e-03
1.360e+02 1.37481e-02 2.99326e-03
1.370e+02 1.34306e-02 2.88730e-03
1.380e+02 1.31262e-02 2.78555e-03
1.390e+02 1.28348e-02 2.68789e-03
1.400e+02 1.25562e-02 2.59421e-03
1.410e+02 1.22899e-02 2.50435e-03
1.420e+02 1.20345e-02 2.41809e-03
1.430e+02 1.17869e-02 2.33492e-03
1.440e+02 1.15456e-02 2.25477e-03
1.450e+02 1.13107e-02 2.17695e-03
1.460e+02 1.10820e-02 2.10177e-03
1.470e+02 1.08611e-02 2.02912e-03
1.480e+02 1.06511e-02 1.95931e-03
1.490e+02 1.04531e-02 1.89237e-03
1.500e+02 1.02668e-02 1.82830e-03
1.510e+02 1.00911e-02 1.76707e-03
1.520e+02 9.92536e-03 1.70854e-03
1.530e+02 9.76911e-03 1.65258e-03
1.540e+02 9.62222e-03 1.59907e-03
1.550e+02 9.48452e-03 1.54788e-03
1.560e+02 9.35607e-03 1.49894e-03
1.570e+02 9.23687e-03 1.45218e-03
1.580e+02 9.12695e-03 1.40753e-03
1.590e+02 9.02637e-03 1.36492e-03
1.600e+02 8.93516e-03 1.32431e-03
1.610e+02 8.85318e-03 1.28560e-03
1.620e+02 8.78040e-03 1.24873e-03
1.630e+02 8.71680e-03 1.21363e-03
1.640e+02 8.66230e-03 1.18022e-03
1.650e+02 8.61684e-03 1.14842e-03
1.660e+02 8.58069e-03 1.11820e-03
1.670e+02 8.55400e-03 1.08950e-03
1.680e+02 8.53674e-03 1.06224e-03
1.690e+02 8.52930e-03 1.03640e-03
1.700e+02 8.53207e-03 1.01195e-03
1.710e+02 8.54503e-03 9.88818e-04
1.720e+02 8.56842e-03 9.66966e-04
1.730e+02 8.60281e-03 9.46375e-04
1.740e+02 8.64830e-03 9.26976e-04
1.750e+02 8.70516e-03 9.08723e-04
1.760e+02 8.77397e-03 8.91599e-04
1.770e+02 8.85522e-03 8.75558e-04
1.780e+02 8.94926e-03 8.60552e-04
1.790e+02 9.05679e-03 8.46563e-04
1.800e+02 9.17832e-03 8.33548e-04
1.810e+02 9.31420e-03 8.21448e-04
1.820e+02 9.46481e-03 8.10211e-04
1.830e+02 9.63041e-03 7.99770e-04
1.840e+02 9.81115e-03 7.90043e-04
1.850e+02 1.00074e-02 7.80959e-04
1.860e+02 1.02195e-02 7.72451e-04
1.870e+02 1.04482e-02 7.64454e-04
1.880e+02 1.06941e-02 7.56920e-04
1.890e+02 1.09584e-02 7.49805e-04
1.900e+02 1.12421e-02 7.43072e-04
1.910e+02 1.15463e-02 7.36695e-04
1.920e+02 1.18725e-02 7.30638e-04
1.930e+02 1.22221e-02 7.24881e-04
1.940e+02 1.25970e-02 7.19399e-04
1.950e+02 1.29992e-02 7.14173e-04
1.960e+02 1.34307e-02 7.09182e-04
1.970e+02 1.38941e-02 7.04412e-04
1.980e+02 1.43923e-02 6.99840e-04
1.990e+02 1.49282e-02 6.95471e-04
2.000e+02 1.55055e-02 6.91271e-04
2.010e+02 1.61282e-02 6.87237e-04
2.020e+02 1.68007e-02 6.83355e-04
2.030e+02 1.75283e-02 6.79615e-04
2.040e+02 1.83167e-02 6.76007e-04
2.050e+02 1.91728e-02 6.72520e-04
2.060e+02 2.01042e-02 6.69144e-04
2.070e+02 2.11198e-02 6.65868e-04
2.080e+02 2.22296e-02 6.62686e-04
2.090e+02 2.34457e-02 6.59584e-04
2.100e+02 2.47818e-02 6.56556e-04
2.110e+02 2.62543e-02 6.53590e-04
2.120e+02 2.78823e-02 6.50682e-04
2.130e+02 2.96887e-02 6.47822e-04
2.140e+02 3.17008e-02 6.45006e-04
2.150e+02 3.39511e-02 6.42228e-04
2.160e+02 3.64795e-02 6.39482e-04
2.170e+02 3.93341e-02 6.36763e-04
2.180e+02 4.25744e-02 6.34065e-04
2.190e+02 4.62742e-02 6.31384e-04
2.200e+02 5.05259e-02 6.28714e-04
2.210e+02 5.54465e-02 6.26050e-04
2.220e+02 6.11863e-02 6.23382e-04
2.230e+02 6.79402e-02 6.20702e-04
2.240e+02 7.59657e-02 6.18000e-04
2.250e+02 8.56078e-02 6.15262e-04
2.260e+02 9.73381e-02 6.12470e-04
2.270e+02 1.11815e-01 6.09601e-04
2.280e+02 1.29979e-01 6.06622e-04
2.290e+02 1.53215e-01 6.03486e-04
2.300e+02 1.83629e-01 6.00123e-04
2.310e+02 2.24549e-01 5.96419e-04
2.320e+02 2.81498e-01 5.92189e-04
2.330e+02 3.64184e-01 5.87103e-04
2.340e+02 4.91000e-01 5.80543e-04
2.350e+02 7.00354e-01 5.71156e-04
2.360e+02 1.08399e+00 5.55794e-04
2.370e+02 1.90906e+00 5.25108e-04
2.380e+02 4.25594e+00 4.41173e-04
