7.000e+01 0.00000e+00 0.00000e+00
7.500e+01 2.78844e-13 1.16818e-12
8.000e+01 3.12537e-12 1.45983e-11
8.500e+01 1.32984e-11 6.64503e-11
9.000e+01 3.62321e-11 1.88300e-10
9.500e+01 8.45572e-11 4.46086e-10
1.000e+02 1.86013e-10 9.91680e-10
1.050e+02 3.88176e-10 2.09241e-09
1.100e+02 7.62649e-10 4.15690e-09
1.150e+02 1.40617e-09 7.74393e-09
1.200e+02 2.44795e-09 1.35970e-08
1.250e+02 4.05984e-09 2.27048e-08
1.300e+02 6.45854e-09 3.63203e-08
1.350e+02 9.91019e-09 5.59814e-08
1.400e+02 1.47376e-08 8.35420e-08
1.450e+02 2.13281e-08 1.21226e-07
1.500e+02 3.01606e-08 1.71743e-07
1.550e+02 4.18370e-08 2.38498e-07
1.600e+02 5.71444e-08 3.25955e-07
1.650e+02 7.71153e-08 4.39701e-07
1.700e+02 1.02786e-07 5.86651e-07
1.750e+02 1.35754e-07 7.74923e-07
1.800e+02 1.77805e-07 1.01490e-06
1.850e+02 2.31172e-07 1.31937e-06
1.900e+02 2.98411e-07 1.70290e-06
1.950e+02 3.82461e-07 2.18199e-06
2.000e+02 4.86556e-07 2.77476e-06
2.050e+02 6.14206e-07 3.50056e-06
2.100e+02 7.69231e-07 4.38005e-06
2.150e+02 9.55814e-07 5.43563e-06
2.200e+02 1.17870e-06 6.69223e-06
2.250e+02 1.44324e-06 8.17805e-06
2.300e+02 1.75638e-06 9.92851e-06
2.350e+02 2.19111e-06 1.23033e-05
2.400e+02 2.94256e-06 1.64456e-05
2.450e+02 4.11815e-06 2.31045e-05
2.500e+02 5.78225e-06 3.26303e-05
2.550e+02 7.98251e-06 4.52589e-05
2.600e+02 1.08219e-05 6.14668e-05
2.650e+02 1.44039e-05 8.18226e-05
2.700e+02 1.88590e-05 1.06940e-04
2.750e+02 2.43659e-05 1.37774e-04
2.800e+02 3.10448e-05 1.74906e-04
2.850e+02 3.91188e-05 2.19392e-04
2.900e+02 4.87206e-05 2.71930e-04
2.950e+02 6.00124e-05 3.33146e-04
3.000e+02 7.31576e-05 4.03787e-04
3.050e+02 8.83038e-05 4.84375e-04
3.100e+02 1.05749e-04 5.76226e-04
3.150e+02 1.25645e-04 6.79990e-04
3.200e+02 1.48184e-04 7.96298e-04
3.250e+02 1.73578e-04 9.26029e-04
3.300e+02 2.01941e-04 1.06936e-03
3.350e+02 2.33382e-04 1.22648e-03
3.400e+02 2.67950e-04 1.39731e-03
3.450e+02 3.05466e-04 1.58055e-03
3.500e+02 3.45668e-04 1.77438e-03
3.550e+02 3.88302e-04 1.97707e-03
3.600e+02 4.32984e-04 2.18630e-03
3.650e+02 4.79311e-04 2.39964e-03
3.700e+02 5.26916e-04 2.61515e-03
3.750e+02 5.75328e-04 2.82999e-03
3.800e+02 6.24101e-04 3.04209e-03
3.850e+02 6.73018e-04 3.25003e-03
3.900e+02 7.21242e-04 3.45026e-03
3.950e+02 7.68855e-04 3.64246e-03
4.000e+02 8.15172e-04 3.82412e-03
4.050e+02 8.60109e-04 3.99481e-03
4.100e+02 9.03590e-04 4.15400e-03
4.150e+02 9.45487e-04 4.30189e-03
4.200e+02 9.86017e-04 4.43915e-03
4.250e+02 1.02500e-03 4.56583e-03
4.300e+02 1.06264e-03 4.68268e-03
4.350e+02 1.09864e-03 4.78910e-03
4.400e+02 1.13297e-03 4.88495e-03
4.450e+02 1.16553e-03 4.96996e-03
4.500e+02 1.19649e-03 5.04534e-03
4.550e+02 1.22520e-03 5.10886e-03
4.600e+02 1.25121e-03 5.15889e-03
4.650e+02 1.27427e-03 5.19454e-03
4.700e+02 1.29407e-03 5.21523e-03
4.750e+02 1.30977e-03 5.21852e-03
4.800e+02 1.32110e-03 5.20270e-03
4.850e+02 1.32725e-03 5.16601e-03
4.900e+02 1.32778e-03 5.10763e-03
4.950e+02 1.32268e-03 5.02730e-03
5.000e+02 1.31123e-03 4.92404e-03
5.050e+02 1.29425e-03 4.80068e-03
5.100e+02 1.27113e-03 4.65631e-03
5.150e+02 1.24274e-03 4.49541e-03
5.200e+02 1.20925e-03 4.31827e-03
5.250e+02 1.17136e-03 4.12845e-03
5.300e+02 1.12921e-03 3.92746e-03
5.350e+02 1.08389e-03 3.71898e-03
5.400e+02 1.03562e-03 3.50478e-03
5.450e+02 9.85069e-04 3.28730e-03
5.500e+02 9.33037e-04 3.06931e-03
5.550e+02 8.80207e-04 2.85346e-03
5.600e+02 8.27198e-04 2.64179e-03
5.650e+02 7.74660e-04 2.43643e-03
5.700e+02 7.23301e-04 2.23943e-03
5.750e+02 6.73437e-04 2.05188e-03
5.800e+02 6.25458e-04 1.87468e-03
5.850e+02 5.79342e-04 1.70748e-03
5.900e+02 5.35657e-04 1.55162e-03
5.950e+02 4.94345e-04 1.40675e-03
6.000e+02 4.55530e-04 1.27288e-03
6.050e+02 4.19388e-04 1.14999e-03
6.100e+02 3.85813e-04 1.03768e-03
6.150e+02 3.54618e-04 9.34960e-04
6.200e+02 3.25826e-04 8.41480e-04
6.250e+02 2.99461e-04 7.57035e-04
6.300e+02 2.75369e-04 6.80889e-04
6.350e+02 2.53514e-04 6.12582e-04
6.400e+02 2.33949e-04 5.51937e-04
6.450e+02 2.16390e-04 4.98097e-04
6.500e+02 2.00698e-04 4.50332e-04
6.550e+02 1.86894e-04 4.08400e-04
6.600e+02 1.74781e-04 3.71701e-04
6.650e+02 1.64149e-04 3.39486e-04
6.700e+02 1.54979e-04 3.11459e-04
6.750e+02 1.47195e-04 2.87308e-04
6.800e+02 1.40622e-04 2.66491e-04
6.850e+02 1.35228e-04 2.48717e-04
6.900e+02 1.31012e-04 2.33842e-04
6.950e+02 1.27941e-04 2.21671e-04
7.000e+02 1.26017e-04 2.12034e-04
7.050e+02 1.25221e-04 2.04780e-04
7.100e+02 1.25236e-04 1.99294e-04
7.150e+02 1.25663e-04 1.94711e-04
7.200e+02 1.26345e-04 1.90621e-04
7.250e+02 1.27204e-04 1.86838e-04
7.300e+02 1.28189e-04 1.83234e-04
7.350e+02 1.29264e-04 1.79734e-04
7.400e+02 1.30409e-04 1.76283e-04
7.450e+02 1.31614e-04 1.72853e-04
7.500e+02 1.32875e-04 1.69428e-04
7.550e+02 1.34191e-04 1.65997e-04
7.600e+02 1.35563e-04 1.62555e-04
7.650e+02 1.36996e-04 1.59099e-04
7.700e+02 1.38496e-04 1.55631e-04
7.750e+02 1.40071e-04 1.52152e-04
7.800e+02 1.41731e-04 1.48668e-04
7.850e+02 1.43489e-04 1.45183e-04
7.900e+02 1.45359e-04 1.41704e-04
7.950e+02 1.47359e-04 1.38240e-04
8.000e+02 1.49525e-04 1.34815e-04
8.050e+02 1.51898e-04 1.31454e-04
8.100e+02 1.54516e-04 1.28189e-04
8.150e+02 1.57420e-04 1.25027e-04
8.200e+02 1.60637e-04 1.21969e-04
8.250e+02 1.64198e-04 1.19010e-04
8.300e+02 1.68138e-04 1.16145e-04
8.350e+02 1.72494e-04 1.13371e-04
8.400e+02 1.77327e-04 1.10678e-04
8.450e+02 1.82661e-04 1.08071e-04
8.500e+02 1.88593e-04 1.05535e-04
8.550e+02 1.95184e-04 1.03069e-04
8.600e+02 2.02514e-04 1.00673e-04
8.650e+02 2.10702e-04 9.83377e-05
8.700e+02 2.19881e-04 9.60627e-05
8.750e+02 2.30190e-04 9.38481e-05
8.800e+02 2.41839e-04 9.16867e-05
8.850e+02 2.55055e-04 8.95780e-05
8.900e+02 2.70131e-04 8.75193e-05
8.950e+02 2.87433e-04 8.55079e-05
9.000e+02 3.07431e-04 8.35405e-05
9.050e+02 3.30706e-04 8.16158e-05
9.100e+02 3.58053e-04 7.97304e-05
9.150e+02 3.90506e-04 7.78829e-05
9.200e+02 4.29467e-04 7.60722e-05
9.250e+02 4.76870e-04 7.42972e-05
9.300e+02 5.35446e-04 7.25574e-05
9.350e+02 6.09155e-04 7.08518e-05
9.400e+02 7.03927e-04 6.91792e-05
9.450e+02 8.28984e-04 6.75387e-05
9.500e+02 9.99334e-04 6.59292e-05
9.550e+02 1.24082e-03 6.43492e-05
9.600e+02 1.60116e-03 6.27980e-05
9.650e+02 2.17703e-03 6.12747e-05
9.700e+02 3.19025e-03 5.97782e-05
9.750e+02 5.25140e-03 5.83064e-05
9.800e+02 1.06115e-02 5.68541e-05
9.850e+02 3.40489e-02 5.53871e-05
