3.600e+01 0.00000e+00 0.00000e+00
3.700e+01 1.41457e-04 1.33279e-05
3.800e+01 1.27286e-03 1.24939e-04
3.900e+01 4.05437e-03 4.06332e-04
4.000e+01 8.75073e-03 8.97362e-04
4.100e+01 1.54598e-02 1.64201e-03
4.200e+01 2.39662e-02 2.63725e-03
4.300e+01 3.27862e-02 3.74161e-03
4.400e+01 4.07402e-02 4.82919e-03
4.500e+01 4.73411e-02 5.82592e-03
4.600e+01 5.23995e-02 6.65008e-03
4.700e+01 5.59305e-02 7.26838e-03
4.800e+01 5.84134e-02 7.71531e-03
4.900e+01 6.02392e-02 8.02872e-03
5.000e+01 6.15693e-02 8.23312e-03
5.100e+01 6.24652e-02 8.35646e-03
5.200e+01 6.29721e-02 8.41594e-03
5.300e+01 6.32376e-02 8.43047e-03
5.400e+01 6.33720e-02 8.41325e-03
5.500e+01 6.34216e-02 8.37188e-03
5.600e+01 6.34057e-02 8.31433e-03
5.700e+01 6.33349e-02 8.24504e-03
5.800e+01 6.32303e-02 8.16736e-03
5.900e+01 6.31110e-02 8.08376e-03
6.000e+01 6.29889e-02 7.99588e-03
6.100e+01 6.28707e-02 7.90522e-03
6.200e+01 6.27503e-02 7.81203e-03
6.300e+01 6.25840e-02 7.71330e-03
6.400e+01 6.23543e-02 7.60796e-03
6.500e+01 6.20610e-02 7.49563e-03
6.600e+01 6.17073e-02 7.37549e-03
6.700e+01 6.12922e-02 7.24748e-03
6.800e+01 6.07959e-02 7.11056e-03
6.900e+01 6.02125e-02 6.96474e-03
7.000e+01 5.95432e-02 6.81033e-03
7.100e+01 5.87905e-02 6.64737e-03
7.200e+01 5.79611e-02 6.47669e-03
7.300e+01 5.70771e-02 6.30032e-03
7.400e+01 5.61501e-02 6.11957e-03
7.500e+01 5.51842e-02 5.93539e-03
7.600e+01 5.41813e-02 5.74885e-03
7.700e+01 5.31460e-02 5.56075e-03
7.800e+01 5.20964e-02 5.37260e-03
7.900e+01 5.10422e-02 5.18529e-03
8.000e+01 4.99860e-02 4.99942e-03
8.100e+01 4.89285e-02 4.81563e-03
8.200e+01 4.78726e-02 4.63439e-03
8.300e+01 4.68302e-02 4.45651e-03
8.400e+01 4.58071e-02 4.28240e-03
8.500e+01 4.48044e-02 4.11232e-03
8.600e+01 4.38214e-02 3.94650e-03
8.700e+01 4.28580e-02 3.78503e-03
8.800e+01 4.19203e-02 3.62824e-03
8.900e+01 4.10118e-02 3.47624e-03
9.000e+01 4.01332e-02 3.32906e-03
9.100e+01 3.92848e-02 3.18679e-03
9.200e+01 3.84673e-02 3.04943e-03
9.300e+01 3.76850e-02 2.91708e-03
9.400e+01 3.69397e-02 2.78975e-03
9.500e+01 3.62319e-02 2.66736e-03
9.600e+01 3.55612e-02 2.54986e-03
9.700e+01 3.49283e-02 2.43716e-03
9.800e+01 3.43364e-02 2.32924e-03
9.900e+01 3.37872e-02 2.22602e-03
1.000e+02 3.32816e-02 2.12738e-03
1.010e+02 3.28197e-02 2.03321e-03
1.020e+02 3.24016e-02 1.94335e-03
1.030e+02 3.20293e-02 1.85769e-03
1.040e+02 3.17043e-02 1.77610e-03
1.050e+02 3.14278e-02 1.69842e-03
1.060e+02 3.12011e-02 1.62453e-03
1.070e+02 3.10262e-02 1.55428e-03
1.080e+02 3.09068e-02 1.48757e-03
1.090e+02 3.08461e-02 1.42430e-03
1.100e+02 3.08466e-02 1.36430e-03
1.110e+02 3.09108e-02 1.30746e-03
1.120e+02 3.10419e-02 1.25360e-03
1.130e+02 3.12454e-02 1.20263e-03
1.140e+02 3.15270e-02 1.15442e-03
1.150e+02 3.18931e-02 1.10884e-03
1.160e+02 3.23514e-02 1.06578e-03
1.170e+02 3.29108e-02 1.02515e-03
1.180e+02 3.35827e-02 9.86848e-04
1.190e+02 3.43798e-02 9.50776e-04
1.200e+02 3.53163e-02 9.16817e-04
1.210e+02 3.64089e-02 8.84874e-04
1.220e+02 3.76780e-02 8.54843e-04
1.230e+02 3.91503e-02 8.26644e-04
1.240e+02 4.08573e-02 8.00192e-04
1.250e+02 4.28376e-02 7.75413e-04
1.260e+02 4.51382e-02 7.52230e-04
1.270e+02 4.78174e-02 7.30568e-04
1.280e+02 5.09486e-02 7.10353e-04
1.290e+02 5.46247e-02 6.91510e-04
1.300e+02 5.89638e-02 6.73956e-04
1.310e+02 6.41205e-02 6.57616e-04
1.320e+02 7.02986e-02 6.42411e-04
1.330e+02 7.77746e-02 6.28272e-04
1.340e+02 8.69235e-02 6.15116e-04
1.350e+02 9.82678e-02 6.02844e-04
1.360e+02 1.12550e-01 5.91334e-04
1.370e+02 1.30861e-01 5.80426e-04
1.380e+02 1.54853e-01 5.69901e-04
1.390e+02 1.87133e-01 5.59465e-04
1.400e+02 2.32016e-01 5.48674e-04
1.410e+02 2.97077e-01 5.36812e-04
1.420e+02 3.96593e-01 5.22550e-04
1.430e+02 5.60034e-01 5.03074e-04
1.440e+02 8.57742e-01 4.72094e-04
1.450e+02 1.49429e+00 4.11393e-04
1.460e+02 3.29501e+00 2.46583e-04
