3.600e+01 0.00000e+00 0.00000e+00
3.700e+01 1.69122e-05 6.96289e-06
3.800e+01 2.54910e-04 1.05266e-04
3.900e+01 9.24452e-04 3.82316e-04
4.000e+01 2.11878e-03 8.84502e-04
4.100e+01 3.88170e-03 1.67363e-03
4.200e+01 6.20798e-03 2.77869e-03
4.300e+01 8.76326e-03 4.07494e-03
4.400e+01 1.11980e-02 5.42347e-03
4.500e+01 1.33626e-02 6.75181e-03
4.600e+01 1.51920e-02 7.96012e-03
4.700e+01 1.66648e-02 8.98716e-03
4.800e+01 1.78773e-02 9.85123e-03
4.900e+01 1.89342e-02 1.05865e-02
5.000e+01 1.98763e-02 1.12103e-02
5.100e+01 2.07175e-02 1.17503e-02
5.200e+01 2.14639e-02 1.22247e-02
5.300e+01 2.21462e-02 1.26515e-02
5.400e+01 2.27945e-02 1.30450e-02
5.500e+01 2.34217e-02 1.34120e-02
5.600e+01 2.40337e-02 1.37612e-02
5.700e+01 2.46338e-02 1.40985e-02
5.800e+01 2.52278e-02 1.44281e-02
5.900e+01 2.58217e-02 1.47531e-02
6.000e+01 2.64186e-02 1.50753e-02
6.100e+01 2.70208e-02 1.53969e-02
6.200e+01 2.76293e-02 1.57189e-02
6.300e+01 2.82372e-02 1.60392e-02
6.400e+01 2.88391e-02 1.63560e-02
6.500e+01 2.94344e-02 1.66689e-02
6.600e+01 3.00224e-02 1.69761e-02
6.700e+01 3.06023e-02 1.72768e-02
6.800e+01 3.11693e-02 1.75690e-02
6.900e+01 3.17195e-02 1.78510e-02
7.000e+01 3.22501e-02 1.81215e-02
7.100e+01 3.27584e-02 1.83787e-02
7.200e+01 3.32427e-02 1.86213e-02
7.300e+01 3.37038e-02 1.88492e-02
7.400e+01 3.41419e-02 1.90621e-02
7.500e+01 3.45556e-02 1.92593e-02
7.600e+01 3.49436e-02 1.94407e-02
7.700e+01 3.53038e-02 1.96053e-02
7.800e+01 3.56372e-02 1.97535e-02
7.900e+01 3.59443e-02 1.98853e-02
8.000e+01 3.62243e-02 2.00001e-02
8.100e+01 3.64760e-02 2.00980e-02
8.200e+01 3.66986e-02 2.01786e-02
8.300e+01 3.68925e-02 2.02429e-02
8.400e+01 3.70576e-02 2.02885e-02
8.500e+01 3.71937e-02 2.03176e-02
8.600e+01 3.73000e-02 2.03293e-02
8.700e+01 3.73747e-02 2.03253e-02
8.800e+01 3.74215e-02 2.03006e-02
8.900e+01 3.74372e-02 2.02605e-02
9.000e+01 3.74231e-02 2.02033e-02
9.100e+01 3.73791e-02 2.01292e-02
9.200e+01 3.73055e-02 2.00386e-02
9.300e+01 3.72032e-02 1.99320e-02
9.400e+01 3.70728e-02 1.98097e-02
9.500e+01 3.69143e-02 1.96721e-02
9.600e+01 3.67286e-02 1.95196e-02
9.700e+01 3.65141e-02 1.93534e-02
9.800e+01 3.62775e-02 1.91719e-02
9.900e+01 3.60144e-02 1.89780e-02
1.000e+02 3.57280e-02 1.87716e-02
1.010e+02 3.54193e-02 1.85542e-02
1.020e+02 3.50892e-02 1.83244e-02
1.030e+02 3.47390e-02 1.80850e-02
1.040e+02 3.43698e-02 1.78360e-02
1.050e+02 3.39826e-02 1.75781e-02
1.060e+02 3.35784e-02 1.73120e-02
1.070e+02 3.31586e-02 1.70384e-02
1.080e+02 3.27246e-02 1.67581e-02
1.090e+02 3.22778e-02 1.64719e-02
1.100e+02 3.18192e-02 1.61804e-02
1.110e+02 3.13499e-02 1.58844e-02
1.120e+02 3.08707e-02 1.55844e-02
1.130e+02 3.03829e-02 1.52812e-02
1.140e+02 2.98871e-02 1.49751e-02
1.150e+02 2.93844e-02 1.46667e-02
1.160e+02 2.88761e-02 1.43568e-02
1.170e+02 2.83630e-02 1.40458e-02
1.180e+02 2.78461e-02 1.37343e-02
1.190e+02 2.73265e-02 1.34227e-02
1.200e+02 2.68052e-02 1.31118e-02
1.210e+02 2.62827e-02 1.28017e-02
1.220e+02 2.57600e-02 1.24931e-02
1.230e+02 2.52379e-02 1.21864e-02
1.240e+02 2.47172e-02 1.18819e-02
1.250e+02 2.41988e-02 1.15801e-02
1.260e+02 2.36832e-02 1.12812e-02
1.270e+02 2.31713e-02 1.09858e-02
1.280e+02 2.26638e-02 1.06941e-02
1.290e+02 2.21612e-02 1.04063e-02
1.300e+02 2.16642e-02 1.01229e-02
1.310e+02 2.11734e-02 9.84403e-03
1.320e+02 2.06890e-02 9.56989e-03
1.330e+02 2.02114e-02 9.30064e-03
1.340e+02 1.97411e-02 9.03646e-03
1.350e+02 1.92782e-02 8.77746e-03
1.360e+02 1.88229e-02 8.52366e-03
1.370e+02 1.83753e-02 8.27514e-03
1.380e+02 1.79358e-02 8.03203e-03
1.390e+02 1.75045e-02 7.79431e-03
1.400e+02 1.70815e-02 7.56201e-03
1.410e+02 1.66669e-02 7.33516e-03
1.420e+02 1.62609e-02 7.11378e-03
1.430e+02 1.58625e-02 6.89759e-03
1.440e+02 1.54713e-02 6.68645e-03
1.450e+02 1.50873e-02 6.48031e-03
1.460e+02 1.47108e-02 6.27911e-03
1.470e+02 1.43419e-02 6.08276e-03
1.480e+02 1.39813e-02 5.89147e-03
1.490e+02 1.36297e-02 5.70536e-03
1.500e+02 1.32872e-02 5.52443e-03
1.510e+02 1.29533e-02 5.34863e-03
1.520e+02 1.26279e-02 5.17790e-03
1.530e+02 1.23107e-02 5.01213e-03
1.540e+02 1.20016e-02 4.85120e-03
1.550e+02 1.17002e-02 4.69494e-03
1.560e+02 1.14065e-02 4.54326e-03
1.570e+02 1.11205e-02 4.39607e-03
1.580e+02 1.08420e-02 4.25328e-03
1.590e+02 1.05711e-02 4.11481e-03
1.600e+02 1.03078e-02 3.98065e-03
1.610e+02 1.00521e-02 3.85068e-03
1.620e+02 9.80386e-03 3.72489e-03
1.630e+02 9.56302e-03 3.60316e-03
1.640e+02 9.32940e-03 3.48540e-03
1.650e+02 9.10281e-03 3.37151e-03
1.660e+02 8.88321e-03 3.26142e-03
1.670e+02 8.67035e-03 3.15501e-03
1.680e+02 8.46440e-03 3.05216e-03
1.690e+02 8.26518e-03 2.95289e-03
1.700e+02 8.07272e-03 2.85707e-03
1.710e+02 7.88692e-03 2.76466e-03
1.720e+02 7.70774e-03 2.67558e-03
1.730e+02 7.53508e-03 2.58976e-03
1.740e+02 7.36864e-03 2.50705e-03
1.750e+02 7.20825e-03 2.42738e-03
1.760e+02 7.05379e-03 2.35066e-03
1.770e+02 6.90514e-03 2.27677e-03
1.780e+02 6.76208e-03 2.20561e-03
1.790e+02 6.62458e-03 2.13711e-03
1.800e+02 6.49271e-03 2.07123e-03
1.810e+02 6.36644e-03 2.00790e-03
1.820e+02 6.24561e-03 1.94703e-03
1.830e+02 6.13017e-03 1.88858e-03
1.840e+02 6.02009e-03 1.83249e-03
1.850e+02 5.91517e-03 1.77866e-03
1.860e+02 5.81512e-03 1.72698e-03
1.870e+02 5.71984e-03 1.67739e-03
1.880e+02 5.62930e-03 1.62981e-03
1.890e+02 5.54334e-03 1.58415e-03
1.900e+02 5.46186e-03 1.54034e-03
1.910e+02 5.38490e-03 1.49835e-03
1.920e+02 5.31252e-03 1.45813e-03
1.930e+02 5.24456e-03 1.41961e-03
1.940e+02 5.18097e-03 1.38274e-03
1.950e+02 5.12178e-03 1.34750e-03
1.960e+02 5.06691e-03 1.31381e-03
1.970e+02 5.01615e-03 1.28161e-03
1.980e+02 4.96939e-03 1.25082e-03
1.990e+02 4.92672e-03 1.22142e-03
2.000e+02 4.88803e-03 1.19334e-03
2.010e+02 4.85324e-03 1.16652e-03
2.020e+02 4.82237e-03 1.14094e-03
2.030e+02 4.79553e-03 1.11657e-03
2.040e+02 4.77271e-03 1.09337e-03
2.050e+02 4.75387e-03 1.07130e-03
2.060e+02 4.73903e-03 1.05033e-03
2.070e+02 4.72828e-03 1.03044e-03
2.080e+02 4.72162e-03 1.01159e-03
2.090e+02 4.71899e-03 9.93735e-04
2.100e+02 4.72039e-03 9.76846e-04
2.110e+02 4.72595e-03 9.60905e-04
2.120e+02 4.73572e-03 9.45875e-04
2.130e+02 4.74965e-03 9.31715e-04
2.140e+02 4.76788e-03 9.18417e-04
2.150e+02 4.79055e-03 9.05963e-04
2.160e+02 4.81764e-03 8.94306e-04
2.170e+02 4.84912e-03 8.83415e-04
2.180e+02 4.88495e-03 8.73255e-04
2.190e+02 4.92502e-03 8.63760e-04
2.200e+02 4.96915e-03 8.54847e-04
2.210e+02 5.01713e-03 8.46514e-04
2.220e+02 5.06893e-03 8.38642e-04
2.230e+02 5.12443e-03 8.31195e-04
2.240e+02 5.18365e-03 8.24127e-04
2.250e+02 5.24658e-03 8.17403e-04
2.260e+02 5.31326e-03 8.10994e-04
2.270e+02 5.38376e-03 8.04860e-04
2.280e+02 5.45808e-03 7.98995e-04
2.290e+02 5.53641e-03 7.93348e-04
2.300e+02 5.61874e-03 7.87956e-04
2.310e+02 5.70529e-03 7.82751e-04
2.320e+02 5.79617e-03 7.77738e-04
2.330e+02 5.89153e-03 7.72901e-04
2.340e+02 5.99155e-03 7.68230e-04
2.350e+02 6.09640e-03 7.63713e-04
2.360e+02 6.20628e-03 7.59340e-04
2.370e+02 6.32141e-03 7.55101e-04
2.380e+02 6.44204e-03 7.50986e-04
2.390e+02 6.56841e-03 7.46986e-04
2.400e+02 6.70081e-03 7.43095e-04
2.410e+02 6.83954e-03 7.39303e-04
2.420e+02 6.98490e-03 7.35603e-04
2.430e+02 7.13725e-03 7.31981e-04
2.440e+02 7.29696e-03 7.28447e-04
2.450e+02 7.46443e-03 7.24977e-04
2.460e+02 7.64010e-03 7.21566e-04
2.470e+02 7.82447e-03 7.18212e-04
2.480e+02 8.01808e-03 7.14909e-04
2.490e+02 8.22148e-03 7.11650e-04
2.500e+02 8.43532e-03 7.08432e-04
2.510e+02 8.66030e-03 7.05252e-04
2.520e+02 8.89718e-03 7.02106e-04
2.530e+02 9.14677e-03 6.98989e-04
2.540e+02 9.40997e-03 6.95901e-04
2.550e+02 9.68781e-03 6.92837e-04
2.560e+02 9.98135e-03 6.89797e-04
2.570e+02 1.02918e-02 6.86776e-04
2.580e+02 1.06205e-02 6.83773e-04
2.590e+02 1.09688e-02 6.80788e-04
2.600e+02 1.13385e-02 6.77810e-04
2.610e+02 1.17313e-02 6.74855e-04
2.620e+02 1.21492e-02 6.71905e-04
2.630e+02 1.25944e-02 6.68964e-04
2.640e+02 1.30693e-02 6.66030e-04
2.650e+02 1.35768e-02 6.63101e-04
2.660e+02 1.41199e-02 6.60177e-04
2.670e+02 1.47020e-02 6.57255e-04
2.680e+02 1.53273e-02 6.54335e-04
2.690e+02 1.60000e-02 6.51419e-04
2.700e+02 1.67252e-02 6.48503e-04
2.710e+02 1.75089e-02 6.45577e-04
2.720e+02 1.83572e-02 6.42673e-04
2.730e+02 1.92780e-02 6.39757e-04
2.740e+02 2.02798e-02 6.36841e-04
2.750e+02 2.13727e-02 6.33924e-04
2.760e+02 2.25683e-02 6.31005e-04
2.770e+02 2.38800e-02 6.28147e-04
2.780e+02 2.53243e-02 6.25158e-04
2.790e+02 2.69194e-02 6.22229e-04
2.800e+02 2.86877e-02 6.19297e-04
2.810e+02 3.06558e-02 6.16360e-04
2.820e+02 3.28557e-02 6.13414e-04
2.830e+02 3.53259e-02 6.10468e-04
2.840e+02 3.81137e-02 6.07512e-04
2.850e+02 4.12767e-02 6.04549e-04
2.860e+02 4.48871e-02 6.01577e-04
2.870e+02 4.90349e-02 5.98595e-04
2.880e+02 5.38342e-02 5.95601e-04
2.890e+02 5.94314e-02 5.92592e-04
2.900e+02 6.60170e-02 5.89566e-04
2.910e+02 7.38418e-02 5.86517e-04
2.920e+02 8.32426e-02 5.83438e-04
2.930e+02 9.46793e-02 5.80322e-04
2.940e+02 1.08794e-01 5.77155e-04
2.950e+02 1.26504e-01 5.73919e-04
2.960e+02 1.49162e-01 5.70585e-04
2.970e+02 1.78820e-01 5.67112e-04
2.980e+02 2.18727e-01 5.63430e-04
2.990e+02 2.74269e-01 5.59428e-04
3.000e+02 3.54920e-01 5.54905e-04
3.010e+02 4.78625e-01 5.49479e-04
3.020e+02 6.82863e-01 5.42351e-04
3.030e+02 1.05716e+00 5.31600e-04
3.040e+02 1.86219e+00 5.11596e-04
3.050e+02 4.15215e+00 4.59494e-04
