4.000e+01 0.00000e+00 0.00000e+00
4.500e+01 1.25409e-10 2.04843e-10
5.000e+01 1.64222e-08 2.91407e-08
5.500e+01 9.47377e-08 1.82719e-07
6.000e+01 3.10146e-07 6.23288e-07
6.500e+01 8.63860e-07 1.79269e-06
7.000e+01 4.56920e-06 8.83965e-06
7.500e+01 1.67865e-05 3.43662e-05
8.000e+01 3.98062e-05 8.52009e-05
8.500e+01 7.53878e-05 1.65388e-04
9.000e+01 1.26158e-04 2.80702e-04
9.500e+01 1.94829e-04 4.37482e-04
1.000e+02 2.84076e-04 6.41941e-04
1.050e+02 3.95367e-04 8.97715e-04
1.100e+02 5.29717e-04 1.20677e-03
1.150e+02 6.88986e-04 1.57270e-03
1.200e+02 8.73645e-04 1.99674e-03
1.250e+02 1.08364e-03 2.47817e-03
1.300e+02 1.31808e-03 3.01464e-03
1.350e+02 1.57533e-03 3.60193e-03
1.400e+02 1.85134e-03 4.23097e-03
1.450e+02 2.14063e-03 4.88865e-03
1.500e+02 2.43685e-03 5.56001e-03
1.550e+02 2.73442e-03 6.23104e-03
1.600e+02 3.02780e-03 6.88907e-03
1.650e+02 3.31245e-03 7.52288e-03
1.700e+02 3.58520e-03 8.12496e-03
1.750e+02 3.84186e-03 8.68629e-03
1.800e+02 4.08135e-03 9.20363e-03
1.850e+02 4.30190e-03 9.67359e-03
1.900e+02 4.50332e-03 1.00958e-02
1.950e+02 4.68673e-03 1.04728e-02
2.000e+02 4.85337e-03 1.08077e-02
2.050e+02 5.00417e-03 1.11037e-02
2.100e+02 5.14076e-03 1.13643e-02
2.150e+02 5.26320e-03 1.15910e-02
2.200e+02 5.37165e-03 1.17843e-02
2.250e+02 5.46665e-03 1.19456e-02
2.300e+02 5.54895e-03 1.20772e-02
2.350e+02 5.61668e-03 1.21762e-02
2.400e+02 5.66830e-03 1.22398e-02
2.450e+02 5.70309e-03 1.22660e-02
2.500e+02 5.72072e-03 1.22550e-02
2.550e+02 5.72023e-03 1.22053e-02
2.600e+02 5.70110e-03 1.21161e-02
2.650e+02 5.66215e-03 1.19858e-02
2.700e+02 5.60329e-03 1.18144e-02
2.750e+02 5.52459e-03 1.16021e-02
2.800e+02 5.42660e-03 1.13512e-02
2.850e+02 5.31080e-03 1.10647e-02
2.900e+02 5.17933e-03 1.07461e-02
2.950e+02 5.03247e-03 1.03979e-02
3.000e+02 4.87389e-03 1.00288e-02
3.050e+02 4.70506e-03 9.64052e-03
3.100e+02 4.52832e-03 9.23871e-03
3.150e+02 4.34525e-03 8.82652e-03
3.200e+02 4.15777e-03 8.40844e-03
3.250e+02 3.96823e-03 7.98906e-03
3.300e+02 3.77743e-03 7.57060e-03
3.350e+02 3.58701e-03 7.15598e-03
3.400e+02 3.39835e-03 6.74797e-03
3.450e+02 3.21300e-03 6.34953e-03
3.500e+02 3.03195e-03 5.96272e-03
3.550e+02 2.85606e-03 5.58913e-03
3.600e+02 2.68623e-03 5.23031e-03
3.650e+02 2.52307e-03 4.88739e-03
3.700e+02 2.36734e-03 4.56154e-03
3.750e+02 2.21900e-03 4.25287e-03
3.800e+02 2.07832e-03 3.96147e-03
3.850e+02 1.94507e-03 3.68696e-03
3.900e+02 1.81896e-03 3.42854e-03
3.950e+02 1.70046e-03 3.18653e-03
4.000e+02 1.58902e-03 2.96022e-03
4.050e+02 1.48452e-03 2.74889e-03
4.100e+02 1.38671e-03 2.55202e-03
4.150e+02 1.29526e-03 2.36879e-03
4.200e+02 1.21020e-03 2.19891e-03
4.250e+02 1.13101e-03 2.04153e-03
4.300e+02 1.05714e-03 1.89550e-03
4.350e+02 9.88350e-04 1.76010e-03
4.400e+02 9.24312e-04 1.63463e-03
4.450e+02 8.64883e-04 1.51863e-03
4.500e+02 8.09713e-04 1.41150e-03
4.550e+02 7.58515e-04 1.31254e-03
4.600e+02 7.11089e-04 1.22122e-03
4.650e+02 6.67215e-04 1.13704e-03
4.700e+02 6.26821e-04 1.05971e-03
4.750e+02 5.89632e-04 9.88762e-04
4.800e+02 5.55327e-04 9.23597e-04
4.850e+02 5.23675e-04 8.63684e-04
4.900e+02 4.94456e-04 8.08566e-04
4.950e+02 4.67575e-04 7.57960e-04
5.000e+02 4.42904e-04 7.11607e-04
5.050e+02 4.20257e-04 6.69167e-04
5.100e+02 3.99402e-04 6.30224e-04
5.150e+02 3.80170e-04 5.94422e-04
5.200e+02 3.62449e-04 5.61501e-04
5.250e+02 3.46154e-04 5.31269e-04
5.300e+02 3.31211e-04 5.03574e-04
5.350e+02 3.17521e-04 4.78207e-04
5.400e+02 3.04942e-04 4.54953e-04
5.450e+02 2.93376e-04 4.33591e-04
5.500e+02 2.82736e-04 4.13963e-04
5.550e+02 2.72992e-04 3.95960e-04
5.600e+02 2.64082e-04 3.79484e-04
5.650e+02 2.55966e-04 3.64430e-04
5.700e+02 2.48598e-04 3.50716e-04
5.750e+02 2.41905e-04 3.38231e-04
5.800e+02 2.35861e-04 3.26885e-04
5.850e+02 2.30427e-04 3.16615e-04
5.900e+02 2.25572e-04 3.07355e-04
5.950e+02 2.21262e-04 2.99037e-04
6.000e+02 2.17432e-04 2.91570e-04
6.050e+02 2.13975e-04 2.84801e-04
6.100e+02 2.10779e-04 2.78571e-04
6.150e+02 2.07784e-04 2.72734e-04
6.200e+02 2.04941e-04 2.67208e-04
6.250e+02 2.02222e-04 2.61938e-04
6.300e+02 1.99607e-04 2.56886e-04
6.350e+02 1.97082e-04 2.52024e-04
6.400e+02 1.94630e-04 2.47329e-04
6.450e+02 1.92243e-04 2.42779e-04
6.500e+02 1.89911e-04 2.38357e-04
6.550e+02 1.87627e-04 2.34050e-04
6.600e+02 1.85383e-04 2.29847e-04
6.650e+02 1.83175e-04 2.25741e-04
6.700e+02 1.81004e-04 2.21719e-04
6.750e+02 1.78861e-04 2.17779e-04
6.800e+02 1.76745e-04 2.13916e-04
6.850e+02 1.74656e-04 2.10125e-04
6.900e+02 1.72639e-04 2.06404e-04
6.950e+02 1.70598e-04 2.02749e-04
7.000e+02 1.68579e-04 1.99158e-04
7.050e+02 1.66582e-04 1.95631e-04
7.100e+02 1.64606e-04 1.92163e-04
7.150e+02 1.62651e-04 1.88754e-04
7.200e+02 1.60716e-04 1.85403e-04
7.250e+02 1.58801e-04 1.82108e-04
7.300e+02 1.56905e-04 1.78868e-04
7.350e+02 1.55029e-04 1.75681e-04
7.400e+02 1.53173e-04 1.72548e-04
7.450e+02 1.51335e-04 1.69466e-04
7.500e+02 1.49517e-04 1.66436e-04
7.550e+02 1.47718e-04 1.63457e-04
7.600e+02 1.45937e-04 1.60527e-04
7.650e+02 1.44176e-04 1.57647e-04
7.700e+02 1.42436e-04 1.54814e-04
7.750e+02 1.40712e-04 1.52031e-04
7.800e+02 1.39021e-04 1.49295e-04
7.850e+02 1.37322e-04 1.46605e-04
7.900e+02 1.35658e-04 1.43961e-04
7.950e+02 1.34010e-04 1.41365e-04
8.000e+02 1.32382e-04 1.38812e-04
8.050e+02 1.30773e-04 1.36305e-04
8.100e+02 1.29183e-04 1.33842e-04
8.150e+02 1.27613e-04 1.31422e-04
8.200e+02 1.26061e-04 1.29045e-04
8.250e+02 1.24529e-04 1.26712e-04
8.300e+02 1.23017e-04 1.24421e-04
8.350e+02 1.21527e-04 1.22172e-04
8.400e+02 1.20057e-04 1.19971e-04
8.450e+02 1.18607e-04 1.17811e-04
8.500e+02 1.17180e-04 1.15694e-04
8.550e+02 1.15775e-04 1.13621e-04
8.600e+02 1.14390e-04 1.11592e-04
8.650e+02 1.13032e-04 1.09605e-04
8.700e+02 1.11695e-04 1.07661e-04
8.750e+02 1.10378e-04 1.05759e-04
8.800e+02 1.09085e-04 1.03898e-04
8.850e+02 1.07812e-04 1.02078e-04
8.900e+02 1.06561e-04 1.00297e-04
8.950e+02 1.05330e-04 9.85546e-05
9.000e+02 1.04120e-04 9.68495e-05
9.050e+02 1.02928e-04 9.51806e-05
9.100e+02 1.01757e-04 9.35470e-05
9.150e+02 1.00603e-04 9.19484e-05
9.200e+02 9.94678e-05 9.03830e-05
9.250e+02 9.83513e-05 8.88503e-05
9.300e+02 9.72515e-05 8.73499e-05
9.350e+02 9.62185e-05 8.58509e-05
9.400e+02 9.51526e-05 8.44121e-05
9.450e+02 9.41021e-05 8.30028e-05
9.500e+02 9.30696e-05 8.16216e-05
9.550e+02 9.20523e-05 8.02701e-05
9.600e+02 9.10499e-05 7.89450e-05
9.650e+02 9.00642e-05 7.76459e-05
9.700e+02 8.91014e-05 7.63743e-05
9.750e+02 8.81435e-05 7.51271e-05
9.800e+02 8.72007e-05 7.39036e-05
9.850e+02 8.62706e-05 7.27060e-05
9.900e+02 8.53531e-05 7.15314e-05
9.950e+02 8.44466e-05 7.03808e-05
1.000e+03 8.35573e-05 6.92521e-05
