1.050e+02 0.00000e+00 0.00000e+00
1.100e+02 2.37091e-14 1.46825e-13
1.150e+02 2.92606e-13 1.97425e-12
1.200e+02 1.38587e-12 9.83967e-12
1.250e+02 4.10678e-12 3.01619e-11
1.300e+02 9.33127e-12 6.98507e-11
1.350e+02 1.91400e-11 1.44780e-10
1.400e+02 3.57716e-11 2.72109e-10
1.450e+02 6.62753e-11 5.06480e-10
1.500e+02 1.17024e-10 8.98411e-10
1.550e+02 1.98233e-10 1.52921e-09
1.600e+02 3.34702e-10 2.59282e-09
1.650e+02 5.40876e-10 4.21031e-09
1.700e+02 8.39241e-10 6.56343e-09
1.750e+02 1.25371e-09 9.84077e-09
1.800e+02 1.83743e-09 1.44602e-08
1.850e+02 2.63402e-09 2.07656e-08
1.900e+02 3.68538e-09 2.91060e-08
1.950e+02 5.04065e-09 3.98559e-08
2.000e+02 6.78338e-09 5.36724e-08
2.050e+02 8.96826e-09 7.10011e-08
2.100e+02 1.16752e-08 9.24755e-08
2.150e+02 1.50466e-08 1.19209e-07
2.200e+02 1.92222e-08 1.52282e-07
2.250e+02 2.43080e-08 1.92528e-07
2.300e+02 3.04280e-08 2.40913e-07
2.350e+02 3.78206e-08 2.99297e-07
2.400e+02 4.65963e-08 3.68582e-07
2.450e+02 5.70294e-08 4.50957e-07
2.500e+02 6.94283e-08 5.48729e-07
2.550e+02 8.39516e-08 6.63127e-07
2.600e+02 1.00980e-07 7.97294e-07
2.650e+02 1.20809e-07 9.53458e-07
2.700e+02 1.43798e-07 1.13433e-06
2.750e+02 1.70636e-07 1.34529e-06
2.800e+02 2.01660e-07 1.58901e-06
2.850e+02 2.37256e-07 1.86841e-06
2.900e+02 2.77904e-07 2.18730e-06
2.950e+02 3.24139e-07 2.54977e-06
3.000e+02 3.76450e-07 2.95920e-06
3.050e+02 4.35312e-07 3.41924e-06
3.100e+02 5.01318e-07 3.93425e-06
3.150e+02 5.74932e-07 4.50751e-06
3.200e+02 6.56763e-07 5.14334e-06
3.250e+02 7.47368e-07 5.84580e-06
3.300e+02 8.47534e-07 6.62105e-06
3.350e+02 9.56389e-07 7.46334e-06
3.400e+02 1.07694e-06 8.39172e-06
3.450e+02 1.21646e-06 9.45750e-06
3.500e+02 1.40473e-06 1.08950e-05
3.550e+02 1.66479e-06 1.29237e-05
3.600e+02 2.00405e-06 1.56154e-05
3.650e+02 2.42898e-06 1.90134e-05
3.700e+02 2.94508e-06 2.31508e-05
3.750e+02 3.55469e-06 2.80366e-05
3.800e+02 4.26289e-06 3.37249e-05
3.850e+02 5.08903e-06 4.03227e-05
3.900e+02 6.03863e-06 4.78926e-05
3.950e+02 7.11932e-06 5.64815e-05
4.000e+02 8.35128e-06 6.62176e-05
4.050e+02 9.74928e-06 7.72355e-05
4.100e+02 1.13175e-05 8.95572e-05
4.150e+02 1.30684e-05 1.03261e-04
4.200e+02 1.50293e-05 1.18521e-04
4.250e+02 1.72044e-05 1.35438e-04
4.300e+02 1.96068e-05 1.53970e-04
4.350e+02 2.22375e-05 1.74208e-04
4.400e+02 2.51141e-05 1.96242e-04
4.450e+02 2.82417e-05 2.20094e-04
4.500e+02 3.16210e-05 2.45750e-04
4.550e+02 3.52961e-05 2.73335e-04
4.600e+02 3.92318e-05 3.03049e-04
4.650e+02 4.34809e-05 3.34842e-04
4.700e+02 4.80284e-05 3.68738e-04
4.750e+02 5.28822e-05 4.04731e-04
4.800e+02 5.80707e-05 4.43002e-04
4.850e+02 6.35680e-05 4.83407e-04
4.900e+02 6.93895e-05 5.25956e-04
4.950e+02 7.55211e-05 5.70591e-04
5.000e+02 8.19685e-05 6.17260e-04
5.050e+02 8.87224e-05 6.65924e-04
5.100e+02 9.57580e-05 7.16365e-04
5.150e+02 1.03045e-04 7.68335e-04
5.200e+02 1.10550e-04 8.21554e-04
5.250e+02 1.18243e-04 8.75758e-04
5.300e+02 1.26105e-04 9.30790e-04
5.350e+02 1.34094e-04 9.86349e-04
5.400e+02 1.42186e-04 1.04220e-03
5.450e+02 1.50324e-04 1.09798e-03
5.500e+02 1.58491e-04 1.15349e-03
5.550e+02 1.66684e-04 1.20871e-03
5.600e+02 1.74810e-04 1.26308e-03
5.650e+02 1.82873e-04 1.31646e-03
5.700e+02 1.90852e-04 1.36879e-03
5.750e+02 1.98691e-04 1.41971e-03
5.800e+02 2.06401e-04 1.46923e-03
5.850e+02 2.13964e-04 1.51727e-03
5.900e+02 2.21299e-04 1.56336e-03
5.950e+02 2.28377e-04 1.60724e-03
6.000e+02 2.35277e-04 1.64933e-03
6.050e+02 2.41927e-04 1.68941e-03
6.100e+02 2.48273e-04 1.72704e-03
6.150e+02 2.54386e-04 1.76261e-03
6.200e+02 2.60207e-04 1.79593e-03
6.250e+02 2.65730e-04 1.82687e-03
6.300e+02 2.71015e-04 1.85582e-03
6.350e+02 2.76019e-04 1.88268e-03
6.400e+02 2.80756e-04 1.90745e-03
6.450e+02 2.85259e-04 1.93040e-03
6.500e+02 2.89512e-04 1.95150e-03
6.550e+02 2.93519e-04 1.97078e-03
6.600e+02 2.97291e-04 1.98833e-03
6.650e+02 3.00846e-04 2.00428e-03
6.700e+02 3.04181e-04 2.01867e-03
6.750e+02 3.07270e-04 2.03137e-03
6.800e+02 3.10133e-04 2.04248e-03
6.850e+02 3.12779e-04 2.05208e-03
6.900e+02 3.15188e-04 2.06009e-03
6.950e+02 3.17371e-04 2.06658e-03
7.000e+02 3.19377e-04 2.07183e-03
7.050e+02 3.21190e-04 2.07586e-03
7.100e+02 3.22787e-04 2.07843e-03
7.150e+02 3.24120e-04 2.07954e-03
7.200e+02 3.25243e-04 2.07918e-03
7.250e+02 3.26124e-04 2.07733e-03
7.300e+02 3.26760e-04 2.07395e-03
7.350e+02 3.27186e-04 2.06915e-03
7.400e+02 3.27352e-04 2.06298e-03
7.450e+02 3.27292e-04 2.05536e-03
7.500e+02 3.26967e-04 2.04618e-03
7.550e+02 3.26354e-04 2.03532e-03
7.600e+02 3.25478e-04 2.02282e-03
7.650e+02 3.24326e-04 2.00874e-03
7.700e+02 3.22873e-04 1.99293e-03
7.750e+02 3.21126e-04 1.97537e-03
7.800e+02 3.19132e-04 1.95634e-03
7.850e+02 3.16856e-04 1.93577e-03
7.900e+02 3.14261e-04 1.91345e-03
7.950e+02 3.11406e-04 1.88957e-03
8.000e+02 3.08319e-04 1.86441e-03
8.050e+02 3.04931e-04 1.83754e-03
8.100e+02 3.01278e-04 1.80952e-03
8.150e+02 2.97404e-04 1.78008e-03
8.200e+02 2.93340e-04 1.74968e-03
8.250e+02 2.89061e-04 1.71823e-03
8.300e+02 2.84558e-04 1.68565e-03
8.350e+02 2.79855e-04 1.65214e-03
8.400e+02 2.74972e-04 1.61754e-03
8.450e+02 2.69991e-04 1.58282e-03
8.500e+02 2.64862e-04 1.54727e-03
8.550e+02 2.59596e-04 1.51122e-03
8.600e+02 2.54216e-04 1.47473e-03
8.650e+02 2.48761e-04 1.43792e-03
8.700e+02 2.43255e-04 1.40120e-03
8.750e+02 2.37775e-04 1.36389e-03
8.800e+02 2.31974e-04 1.32669e-03
8.850e+02 2.26300e-04 1.28969e-03
8.900e+02 2.20607e-04 1.25268e-03
8.950e+02 2.14895e-04 1.21580e-03
9.000e+02 2.09190e-04 1.17933e-03
9.050e+02 2.03484e-04 1.14296e-03
9.100e+02 1.97803e-04 1.10699e-03
9.150e+02 1.92149e-04 1.07140e-03
9.200e+02 1.86530e-04 1.03626e-03
9.250e+02 1.80975e-04 1.00165e-03
9.300e+02 1.75479e-04 9.67525e-04
9.350e+02 1.70070e-04 9.34232e-04
9.400e+02 1.64735e-04 9.01515e-04
9.450e+02 1.59480e-04 8.69400e-04
9.500e+02 1.54318e-04 8.38029e-04
9.550e+02 1.49256e-04 8.07399e-04
9.600e+02 1.44295e-04 7.77533e-04
9.650e+02 1.39442e-04 7.48441e-04
9.700e+02 1.34662e-04 7.20191e-04
9.750e+02 1.30043e-04 6.92718e-04
9.800e+02 1.25549e-04 6.66084e-04
9.850e+02 1.21174e-04 6.40277e-04
9.900e+02 1.16912e-04 6.15262e-04
9.950e+02 1.12770e-04 5.91045e-04
1.000e+03 1.08755e-04 5.67642e-04
1.005e+03 1.04892e-04 5.45037e-04
1.010e+03 1.01103e-04 5.23176e-04
1.015e+03 9.74233e-05 5.02029e-04
1.020e+03 9.38589e-05 4.81610e-04
1.025e+03 9.04193e-05 4.61962e-04
1.030e+03 8.70992e-05 4.43074e-04
1.035e+03 8.38882e-05 4.24878e-04
1.040e+03 8.07798e-05 4.07347e-04
1.045e+03 7.77813e-05 3.90492e-04
1.050e+03 7.48928e-05 3.74303e-04
1.055e+03 7.21043e-05 3.58746e-04
1.060e+03 6.94115e-05 3.43792e-04
1.065e+03 6.68170e-05 3.29427e-04
1.070e+03 6.43223e-05 3.15650e-04
1.075e+03 6.19238e-05 3.02456e-04
1.080e+03 5.96213e-05 2.89827e-04
1.085e+03 5.74004e-05 2.77719e-04
1.090e+03 5.52671e-05 2.66093e-04
1.095e+03 5.32081e-05 2.54941e-04
1.100e+03 5.11930e-05 2.44253e-04
1.105e+03 4.93166e-05 2.33998e-04
1.110e+03 4.74761e-05 2.24173e-04
1.115e+03 4.57158e-05 2.14743e-04
1.120e+03 4.40395e-05 2.05725e-04
1.125e+03 4.24112e-05 1.97103e-04
1.130e+03 4.08665e-05 1.88886e-04
1.135e+03 3.93731e-05 1.81008e-04
1.140e+03 3.79498e-05 1.73467e-04
1.145e+03 3.65674e-05 1.66265e-04
1.150e+03 3.52479e-05 1.59373e-04
1.155e+03 3.39951e-05 1.52770e-04
1.160e+03 3.27941e-05 1.46460e-04
1.165e+03 3.16332e-05 1.40452e-04
1.170e+03 3.05315e-05 1.34721e-04
1.175e+03 2.94713e-05 1.29271e-04
1.180e+03 2.84575e-05 1.24073e-04
1.185e+03 2.74864e-05 1.19116e-04
1.190e+03 2.65394e-05 1.14387e-04
1.195e+03 2.56536e-05 1.09875e-04
1.200e+03 2.48034e-05 1.05564e-04
1.205e+03 2.39986e-05 1.01432e-04
1.210e+03 2.32259e-05 9.74948e-05
1.215e+03 2.24828e-05 9.37484e-05
1.220e+03 2.17712e-05 9.01785e-05
1.225e+03 2.10905e-05 8.67809e-05
1.230e+03 2.04399e-05 8.35505e-05
1.235e+03 1.98227e-05 8.04759e-05
1.240e+03 1.92299e-05 7.75474e-05
1.245e+03 1.86516e-05 7.47571e-05
1.250e+03 1.81114e-05 7.20877e-05
1.255e+03 1.75936e-05 6.95424e-05
1.260e+03 1.70997e-05 6.71081e-05
1.265e+03 1.66216e-05 6.47936e-05
1.270e+03 1.61500e-05 6.26031e-05
1.275e+03 1.57172e-05 6.05003e-05
1.280e+03 1.53116e-05 5.84890e-05
1.285e+03 1.49207e-05 5.65873e-05
1.290e+03 1.45506e-05 5.47742e-05
1.295e+03 1.41931e-05 5.30486e-05
1.300e+03 1.38440e-05 5.14142e-05
1.305e+03 1.35194e-05 4.98492e-05
1.310e+03 1.32179e-05 4.83491e-05
1.315e+03 1.30119e-05 4.68518e-05
1.320e+03 1.27324e-05 4.54908e-05
1.325e+03 1.24563e-05 4.41948e-05
1.330e+03 1.21137e-05 4.30362e-05
1.335e+03 1.18599e-05 4.18751e-05
1.340e+03 1.16217e-05 4.07686e-05
1.345e+03 1.14013e-05 3.97123e-05
1.350e+03 1.11818e-05 3.87148e-05
1.355e+03 1.09685e-05 3.77789e-05
1.360e+03 1.07789e-05 3.68866e-05
1.365e+03 1.05866e-05 3.60558e-05
1.370e+03 1.04123e-05 3.52520e-05
1.375e+03 1.02556e-05 3.44901e-05
1.380e+03 1.01005e-05 3.37758e-05
1.385e+03 9.94943e-06 3.31106e-05
1.390e+03 9.81425e-06 3.24836e-05
1.395e+03 9.67844e-06 3.19003e-05
1.400e+03 9.56182e-06 3.13360e-05
1.405e+03 9.44910e-06 3.08124e-05
1.410e+03 9.34666e-06 3.03296e-05
1.415e+03 9.24026e-06 2.98788e-05
1.420e+03 9.14054e-06 2.94548e-05
1.425e+03 9.05885e-06 2.90447e-05
1.430e+03 8.84978e-06 2.86574e-05
1.435e+03 8.76658e-06 2.82819e-05
1.440e+03 8.68753e-06 2.79215e-05
1.445e+03 8.61336e-06 2.75696e-05
1.450e+03 8.53363e-06 2.72279e-05
1.455e+03 8.45945e-06 2.68946e-05
1.460e+03 8.39238e-06 2.65702e-05
1.465e+03 8.31941e-06 2.62542e-05
1.470e+03 8.37107e-06 2.59429e-05
1.475e+03 8.29727e-06 2.56405e-05
1.480e+03 8.22585e-06 2.53417e-05
1.485e+03 8.15361e-06 2.50461e-05
1.490e+03 8.08632e-06 2.47579e-05
1.495e+03 8.01961e-06 2.44760e-05
1.500e+03 7.89588e-06 2.42359e-05
