4.200e+02 0.00000e+00 0.00000e+00
4.300e+02 1.49270e-16 4.54346e-15
4.400e+02 6.20703e-15 1.94042e-13
4.500e+02 3.56140e-14 1.10521e-12
4.600e+02 1.27047e-13 3.90776e-12
4.700e+02 3.21255e-13 9.74895e-12
4.800e+02 8.26734e-13 2.49682e-11
4.900e+02 1.67791e-12 4.97728e-11
5.000e+02 3.42053e-12 1.01342e-10
5.100e+02 7.05167e-12 2.08505e-10
5.200e+02 1.21829e-11 3.54925e-10
5.300e+02 2.07249e-11 5.96632e-10
5.400e+02 3.45915e-11 9.90133e-10
5.500e+02 5.53743e-11 1.56726e-09
5.600e+02 8.53360e-11 2.39165e-09
5.700e+02 1.27311e-10 3.53133e-09
5.800e+02 1.84853e-10 5.07364e-09
5.900e+02 2.57689e-10 7.11279e-09
6.000e+02 3.63067e-10 9.75675e-09
6.100e+02 4.94987e-10 1.31687e-08
6.200e+02 6.64928e-10 1.75234e-08
6.300e+02 8.81900e-10 2.30165e-08
6.400e+02 1.15298e-09 2.98583e-08
6.500e+02 1.49174e-09 3.82809e-08
6.600e+02 1.90832e-09 4.85330e-08
6.700e+02 2.41385e-09 6.08741e-08
6.800e+02 3.02420e-09 7.55983e-08
6.900e+02 3.75388e-09 9.30157e-08
7.000e+02 4.61891e-09 1.13439e-07
7.100e+02 5.63798e-09 1.37252e-07
7.200e+02 6.83109e-09 1.64803e-07
7.300e+02 8.21458e-09 1.96486e-07
7.400e+02 9.81519e-09 2.32722e-07
7.500e+02 1.16553e-08 2.73957e-07
7.600e+02 1.37613e-08 3.20669e-07
7.700e+02 1.61643e-08 3.73489e-07
7.800e+02 1.88905e-08 4.32857e-07
7.900e+02 2.19774e-08 4.99456e-07
8.000e+02 2.54553e-08 5.73856e-07
8.100e+02 2.93612e-08 6.56653e-07
8.200e+02 3.37285e-08 7.48395e-07
8.300e+02 3.85967e-08 8.49710e-07
8.400e+02 4.39945e-08 9.60983e-07
8.500e+02 4.99593e-08 1.08276e-06
8.600e+02 5.65278e-08 1.21555e-06
8.700e+02 6.37350e-08 1.35981e-06
8.800e+02 7.16146e-08 1.51591e-06
8.900e+02 8.01915e-08 1.68398e-06
9.000e+02 8.95022e-08 1.86441e-06
9.100e+02 1.00301e-07 2.07617e-06
9.200e+02 1.14683e-07 2.37439e-06
9.300e+02 1.33586e-07 2.78143e-06
9.400e+02 1.57415e-07 3.30215e-06
9.500e+02 1.86662e-07 3.94379e-06
9.600e+02 2.21525e-07 4.70712e-06
9.700e+02 2.62799e-07 5.60487e-06
9.800e+02 3.11666e-07 6.66092e-06
9.900e+02 3.68368e-07 7.88066e-06
1.000e+03 4.34139e-07 9.28194e-06
1.010e+03 5.10552e-07 1.08999e-05
1.020e+03 5.98070e-07 1.27388e-05
1.030e+03 6.97723e-07 1.48149e-05
1.040e+03 8.11530e-07 1.71689e-05
1.050e+03 9.40005e-07 1.98062e-05
1.060e+03 1.08365e-06 2.27277e-05
1.070e+03 1.24413e-06 2.59639e-05
1.080e+03 1.42177e-06 2.95163e-05
1.090e+03 1.61705e-06 3.33820e-05
1.100e+03 1.83193e-06 3.75994e-05
1.110e+03 2.06756e-06 4.21902e-05
1.120e+03 2.32438e-06 4.71544e-05
1.130e+03 2.60271e-06 5.24826e-05
1.140e+03 2.90462e-06 5.82185e-05
1.150e+03 3.22897e-06 6.43323e-05
1.160e+03 3.57646e-06 7.08242e-05
1.170e+03 3.94634e-06 7.76720e-05
1.180e+03 4.33890e-06 8.48764e-05
1.190e+03 4.75282e-06 9.23987e-05
1.200e+03 5.18573e-06 1.00186e-04
1.210e+03 5.63537e-06 1.08181e-04
1.220e+03 6.09926e-06 1.16329e-04
1.230e+03 6.57621e-06 1.24606e-04
1.240e+03 7.06271e-06 1.32937e-04
1.250e+03 7.55661e-06 1.41280e-04
1.260e+03 8.05324e-06 1.49545e-04
1.270e+03 8.55405e-06 1.57755e-04
1.280e+03 9.05119e-06 1.65781e-04
1.290e+03 9.54575e-06 1.73621e-04
1.300e+03 1.00340e-05 1.81226e-04
1.310e+03 1.05126e-05 1.88554e-04
1.320e+03 1.09835e-05 1.95613e-04
1.330e+03 1.14397e-05 2.02312e-04
1.340e+03 1.18779e-05 2.08593e-04
1.350e+03 1.23046e-05 2.14563e-04
1.360e+03 1.27106e-05 2.20095e-04
1.370e+03 1.30976e-05 2.25214e-04
1.380e+03 1.34663e-05 2.29944e-04
1.390e+03 1.38125e-05 2.34223e-04
1.400e+03 1.41412e-05 2.38152e-04
1.410e+03 1.44490e-05 2.41685e-04
1.420e+03 1.47380e-05 2.44866e-04
1.430e+03 1.50090e-05 2.47719e-04
1.440e+03 1.52609e-05 2.50237e-04
1.450e+03 1.54944e-05 2.52442e-04
1.460e+03 1.57115e-05 2.54361e-04
1.470e+03 1.59104e-05 2.55992e-04
1.480e+03 1.60904e-05 2.57323e-04
1.490e+03 1.62539e-05 2.58387e-04
1.500e+03 1.63994e-05 2.59173e-04
1.510e+03 1.65267e-05 2.59689e-04
1.520e+03 1.66404e-05 2.60003e-04
1.530e+03 1.67380e-05 2.60098e-04
1.540e+03 1.68161e-05 2.59911e-04
1.550e+03 1.68785e-05 2.59488e-04
1.560e+03 1.69228e-05 2.58823e-04
1.570e+03 1.69490e-05 2.57910e-04
1.580e+03 1.69586e-05 2.56774e-04
1.590e+03 1.69505e-05 2.55397e-04
1.600e+03 1.69232e-05 2.53761e-04
1.610e+03 1.68746e-05 2.51831e-04
1.620e+03 1.68060e-05 2.49624e-04
1.630e+03 1.67185e-05 2.47166e-04
1.640e+03 1.66080e-05 2.44394e-04
1.650e+03 1.64791e-05 2.41372e-04
1.660e+03 1.63314e-05 2.38113e-04
1.670e+03 1.61533e-05 2.34562e-04
1.680e+03 1.59725e-05 2.30750e-04
1.690e+03 1.57678e-05 2.26747e-04
1.700e+03 1.55419e-05 2.22481e-04
1.710e+03 1.52982e-05 2.17989e-04
1.720e+03 1.50427e-05 2.13362e-04
1.730e+03 1.47954e-05 2.08542e-04
1.740e+03 1.45091e-05 2.03562e-04
1.750e+03 1.41881e-05 1.98470e-04
1.760e+03 1.38781e-05 1.93228e-04
1.770e+03 1.35544e-05 1.87932e-04
1.780e+03 1.32359e-05 1.82560e-04
1.790e+03 1.29018e-05 1.77122e-04
1.800e+03 1.25577e-05 1.71678e-04
1.810e+03 1.22224e-05 1.66209e-04
1.820e+03 1.18750e-05 1.60715e-04
1.830e+03 1.15254e-05 1.55238e-04
1.840e+03 1.11765e-05 1.49811e-04
1.850e+03 1.08273e-05 1.44426e-04
1.860e+03 1.04776e-05 1.39077e-04
1.870e+03 1.01303e-05 1.33806e-04
1.880e+03 9.78555e-06 1.28608e-04
1.890e+03 9.44379e-06 1.23493e-04
1.900e+03 9.12153e-06 1.18479e-04
1.910e+03 8.77538e-06 1.13588e-04
1.920e+03 8.44851e-06 1.08790e-04
1.930e+03 8.12849e-06 1.04125e-04
1.940e+03 7.81541e-06 9.95863e-05
1.950e+03 7.51025e-06 9.51894e-05
1.960e+03 7.21153e-06 9.09095e-05
1.970e+03 6.92182e-06 8.67867e-05
1.980e+03 6.64005e-06 8.27967e-05
1.990e+03 6.37697e-06 7.89448e-05
2.000e+03 6.10322e-06 7.52562e-05
2.010e+03 5.84763e-06 7.16986e-05
2.020e+03 5.60009e-06 6.82693e-05
2.030e+03 5.36284e-06 6.50002e-05
2.040e+03 5.13070e-06 6.18568e-05
2.050e+03 4.91194e-06 5.88355e-05
2.060e+03 4.69814e-06 5.59358e-05
2.070e+03 4.49377e-06 5.31762e-05
2.080e+03 4.29790e-06 5.05424e-05
2.090e+03 4.10945e-06 4.80235e-05
2.100e+03 3.92852e-06 4.56182e-05
2.110e+03 3.75561e-06 4.33297e-05
2.120e+03 3.59006e-06 4.11470e-05
2.130e+03 3.43160e-06 3.90682e-05
2.140e+03 3.27986e-06 3.70872e-05
2.150e+03 3.13502e-06 3.52048e-05
2.160e+03 2.99702e-06 3.34194e-05
2.170e+03 2.86544e-06 3.17247e-05
2.180e+03 2.73955e-06 3.01107e-05
2.190e+03 2.61932e-06 2.85764e-05
2.200e+03 2.50455e-06 2.71174e-05
2.210e+03 2.39810e-06 2.57276e-05
2.220e+03 2.29030e-06 2.44118e-05
2.230e+03 2.19095e-06 2.31620e-05
2.240e+03 2.09616e-06 2.19769e-05
2.250e+03 2.00639e-06 2.08574e-05
2.260e+03 1.92073e-06 1.97952e-05
2.270e+03 1.83922e-06 1.87873e-05
2.280e+03 1.76168e-06 1.78327e-05
2.290e+03 1.68725e-06 1.69285e-05
2.300e+03 1.61825e-06 1.60716e-05
2.310e+03 1.55134e-06 1.52616e-05
2.320e+03 1.48825e-06 1.44969e-05
2.330e+03 1.42887e-06 1.37790e-05
2.340e+03 1.37222e-06 1.30979e-05
2.350e+03 1.31864e-06 1.24560e-05
2.360e+03 1.26881e-06 1.18486e-05
2.370e+03 1.22039e-06 1.12736e-05
2.380e+03 1.17356e-06 1.07300e-05
2.390e+03 1.13004e-06 1.02161e-05
2.400e+03 1.08886e-06 9.73142e-06
2.410e+03 1.04985e-06 9.27430e-06
2.420e+03 1.01299e-06 8.84377e-06
2.430e+03 9.78570e-07 8.43848e-06
2.440e+03 9.45799e-07 8.05612e-06
2.450e+03 9.13818e-07 7.69529e-06
2.460e+03 8.84090e-07 7.35392e-06
2.470e+03 8.55911e-07 7.03106e-06
2.480e+03 8.29167e-07 6.72619e-06
2.490e+03 8.03830e-07 6.43821e-06
2.500e+03 7.79692e-07 6.16697e-06
2.510e+03 7.57187e-07 5.91170e-06
2.520e+03 7.35772e-07 5.67136e-06
2.530e+03 7.15511e-07 5.44522e-06
2.540e+03 6.96284e-07 5.23200e-06
2.550e+03 6.78121e-07 5.03104e-06
2.560e+03 6.61076e-07 4.84121e-06
2.570e+03 6.44414e-07 4.66199e-06
2.580e+03 6.28893e-07 4.49261e-06
2.590e+03 6.14225e-07 4.33355e-06
2.600e+03 6.00404e-07 4.18417e-06
2.610e+03 5.87230e-07 4.04360e-06
2.620e+03 5.74815e-07 3.91160e-06
2.630e+03 5.63149e-07 3.78846e-06
2.640e+03 5.52160e-07 3.67343e-06
2.650e+03 5.41776e-07 3.56577e-06
2.660e+03 5.31942e-07 3.46508e-06
2.670e+03 5.22765e-07 3.37143e-06
2.680e+03 5.14101e-07 3.28437e-06
2.690e+03 5.05926e-07 3.20354e-06
2.700e+03 4.98248e-07 3.12868e-06
2.710e+03 4.91114e-07 3.05962e-06
2.720e+03 4.84391e-07 2.99612e-06
2.730e+03 4.78076e-07 2.93773e-06
2.740e+03 4.72126e-07 2.88385e-06
2.750e+03 4.66456e-07 2.83368e-06
2.760e+03 4.61032e-07 2.78639e-06
2.770e+03 4.55779e-07 2.74135e-06
2.780e+03 4.50652e-07 2.69807e-06
2.790e+03 4.45659e-07 2.65630e-06
2.800e+03 4.40757e-07 2.61587e-06
2.810e+03 4.35948e-07 2.57658e-06
2.820e+03 4.31233e-07 2.53840e-06
2.830e+03 4.26582e-07 2.50111e-06
2.840e+03 4.22001e-07 2.46462e-06
2.850e+03 4.17476e-07 2.42893e-06
2.860e+03 4.13030e-07 2.39393e-06
2.870e+03 4.08622e-07 2.35956e-06
2.880e+03 4.04242e-07 2.32584e-06
2.890e+03 3.99970e-07 2.29265e-06
2.900e+03 3.95674e-07 2.25987e-06
2.910e+03 3.91512e-07 2.22785e-06
2.920e+03 3.87341e-07 2.19621e-06
2.930e+03 3.83216e-07 2.16501e-06
2.940e+03 3.79115e-07 2.13435e-06
2.950e+03 3.75092e-07 2.10399e-06
2.960e+03 3.71107e-07 2.07407e-06
2.970e+03 3.67147e-07 2.04460e-06
2.980e+03 3.63226e-07 2.01553e-06
2.990e+03 3.59347e-07 1.98684e-06
3.000e+03 3.55504e-07 1.95856e-06
