3.500e+01 0.00000e+00 0.00000e+00
4.000e+01 8.10517e-04 4.32510e-04
4.500e+01 6.80153e-03 4.33760e-03
5.000e+01 1.13299e-02 8.16985e-03
5.500e+01 1.43201e-02 1.05848e-02
6.000e+01 1.68135e-02 1.25213e-02
6.500e+01 1.90515e-02 1.42313e-02
7.000e+01 2.10142e-02 1.57233e-02
7.500e+01 2.26838e-02 1.69797e-02
8.000e+01 2.41004e-02 1.80255e-02
8.500e+01 2.53107e-02 1.88967e-02
9.000e+01 2.63164e-02 1.96034e-02
9.500e+01 2.70759e-02 2.01198e-02
1.000e+02 2.75551e-02 2.04218e-02
1.050e+02 2.77286e-02 2.04924e-02
1.100e+02 2.75844e-02 2.03248e-02
1.150e+02 2.71247e-02 1.99229e-02
1.200e+02 2.63747e-02 1.93061e-02
1.250e+02 2.53724e-02 1.85046e-02
1.300e+02 2.41723e-02 1.75588e-02
1.350e+02 2.28273e-02 1.65103e-02
1.400e+02 2.13902e-02 1.53986e-02
1.450e+02 1.99050e-02 1.42584e-02
1.500e+02 1.84094e-02 1.31172e-02
1.550e+02 1.69362e-02 1.19995e-02
1.600e+02 1.55080e-02 1.09223e-02
1.650e+02 1.41460e-02 9.89995e-03
1.700e+02 1.28663e-02 8.94368e-03
1.750e+02 1.16774e-02 8.05926e-03
1.800e+02 1.05806e-02 7.24762e-03
1.850e+02 9.57639e-03 6.50776e-03
1.900e+02 8.66140e-03 5.83704e-03
1.950e+02 7.83228e-03 5.23196e-03
2.000e+02 7.08605e-03 4.68937e-03
2.050e+02 6.41653e-03 4.20474e-03
2.100e+02 5.81573e-03 3.77200e-03
2.150e+02 5.27903e-03 3.38676e-03
2.200e+02 4.80155e-03 3.04513e-03
2.250e+02 4.37713e-03 2.74256e-03
2.300e+02 4.00137e-03 2.47527e-03
2.350e+02 3.67051e-03 2.24015e-03
2.400e+02 3.37912e-03 2.03350e-03
2.450e+02 3.12252e-03 1.85174e-03
2.500e+02 2.89780e-03 1.69232e-03
2.550e+02 2.70167e-03 1.55291e-03
2.600e+02 2.53007e-03 1.43077e-03
2.650e+02 2.37992e-03 1.32358e-03
2.700e+02 2.24921e-03 1.22970e-03
2.750e+02 2.13588e-03 1.14764e-03
2.800e+02 2.03750e-03 1.07586e-03
2.850e+02 1.95226e-03 1.01295e-03
2.900e+02 1.87895e-03 9.57985e-04
2.950e+02 1.81649e-03 9.10142e-04
3.000e+02 1.76377e-03 8.68653e-04
3.050e+02 1.71976e-03 8.32795e-04
3.100e+02 1.68377e-03 8.02002e-04
3.150e+02 1.65502e-03 7.75769e-04
3.200e+02 1.63218e-03 7.53360e-04
3.250e+02 1.61335e-03 7.33775e-04
3.300e+02 1.59720e-03 7.16183e-04
3.350e+02 1.58295e-03 7.00030e-04
3.400e+02 1.57012e-03 6.85007e-04
3.450e+02 1.55835e-03 6.70885e-04
3.500e+02 1.54740e-03 6.57499e-04
3.550e+02 1.53702e-03 6.44707e-04
3.600e+02 1.52706e-03 6.32402e-04
3.650e+02 1.51733e-03 6.20489e-04
3.700e+02 1.50769e-03 6.08897e-04
3.750e+02 1.49809e-03 5.97572e-04
3.800e+02 1.48844e-03 5.86474e-04
3.850e+02 1.47870e-03 5.75583e-04
3.900e+02 1.46885e-03 5.64868e-04
3.950e+02 1.45886e-03 5.54342e-04
4.000e+02 1.44875e-03 5.43930e-04
4.050e+02 1.43847e-03 5.33686e-04
4.100e+02 1.42802e-03 5.23577e-04
4.150e+02 1.41740e-03 5.13603e-04
4.200e+02 1.40661e-03 5.03765e-04
4.250e+02 1.39567e-03 4.94061e-04
4.300e+02 1.38458e-03 4.84493e-04
4.350e+02 1.37318e-03 4.75023e-04
4.400e+02 1.36114e-03 4.65614e-04
4.450e+02 1.34815e-03 4.56219e-04
4.500e+02 1.33407e-03 4.46850e-04
4.550e+02 1.31945e-03 4.37562e-04
4.600e+02 1.30491e-03 4.28431e-04
4.650e+02 1.29048e-03 4.19467e-04
4.700e+02 1.27617e-03 4.10669e-04
4.750e+02 1.26197e-03 4.02036e-04
4.800e+02 1.24791e-03 3.93567e-04
4.850e+02 1.23396e-03 3.85261e-04
4.900e+02 1.22014e-03 3.77114e-04
4.950e+02 1.20646e-03 3.69129e-04
5.000e+02 1.19289e-03 3.61301e-04
5.050e+02 1.17947e-03 3.53632e-04
5.100e+02 1.16620e-03 3.46123e-04
5.150e+02 1.15309e-03 3.38778e-04
5.200e+02 1.14016e-03 3.31598e-04
5.250e+02 1.12742e-03 3.24585e-04
5.300e+02 1.11487e-03 3.17738e-04
5.350e+02 1.10252e-03 3.11063e-04
5.400e+02 1.09039e-03 3.04554e-04
5.450e+02 1.07845e-03 2.98208e-04
5.500e+02 1.06671e-03 2.92022e-04
5.550e+02 1.05516e-03 2.85991e-04
5.600e+02 1.04381e-03 2.80110e-04
5.650e+02 1.03263e-03 2.74375e-04
5.700e+02 1.02163e-03 2.68781e-04
5.750e+02 1.01080e-03 2.63324e-04
5.800e+02 1.00014e-03 2.58001e-04
5.850e+02 9.89645e-04 2.52807e-04
5.900e+02 9.79306e-04 2.47738e-04
5.950e+02 9.69129e-04 2.42792e-04
6.000e+02 9.59137e-04 2.37946e-04
6.050e+02 9.49252e-04 2.33233e-04
6.100e+02 9.39519e-04 2.28632e-04
6.150e+02 9.29919e-04 2.24139e-04
6.200e+02 9.20460e-04 2.19752e-04
6.250e+02 9.11139e-04 2.15465e-04
6.300e+02 9.01931e-04 2.11281e-04
6.350e+02 8.92867e-04 2.07192e-04
6.400e+02 8.83922e-04 2.03197e-04
6.450e+02 8.75097e-04 1.99293e-04
6.500e+02 8.66391e-04 1.95478e-04
6.550e+02 8.57794e-04 1.91749e-04
6.600e+02 8.49317e-04 1.88105e-04
6.650e+02 8.40958e-04 1.84541e-04
6.700e+02 8.32702e-04 1.81058e-04
6.750e+02 8.24551e-04 1.77652e-04
6.800e+02 8.16507e-04 1.74322e-04
6.850e+02 8.08563e-04 1.71066e-04
6.900e+02 8.00721e-04 1.67880e-04
6.950e+02 7.92977e-04 1.64765e-04
7.000e+02 7.85336e-04 1.61716e-04
7.050e+02 7.77779e-04 1.58737e-04
7.100e+02 7.70323e-04 1.55821e-04
7.150e+02 7.62963e-04 1.52966e-04
7.200e+02 7.55682e-04 1.50176e-04
7.250e+02 7.48497e-04 1.47444e-04
7.300e+02 7.41397e-04 1.44771e-04
7.350e+02 7.34383e-04 1.42154e-04
7.400e+02 7.27454e-04 1.39593e-04
7.450e+02 7.20607e-04 1.37086e-04
7.500e+02 7.13842e-04 1.34633e-04
7.550e+02 7.07156e-04 1.32230e-04
7.600e+02 7.00550e-04 1.29878e-04
7.650e+02 6.94020e-04 1.27575e-04
7.700e+02 6.87567e-04 1.25320e-04
7.750e+02 6.81189e-04 1.23111e-04
7.800e+02 6.74884e-04 1.20948e-04
7.850e+02 6.68650e-04 1.18829e-04
7.900e+02 6.62489e-04 1.16753e-04
7.950e+02 6.56397e-04 1.14720e-04
8.000e+02 6.50373e-04 1.12729e-04
8.050e+02 6.44417e-04 1.10777e-04
8.100e+02 6.38530e-04 1.08865e-04
8.150e+02 6.32705e-04 1.06991e-04
8.200e+02 6.26947e-04 1.05155e-04
8.250e+02 6.21252e-04 1.03355e-04
8.300e+02 6.15618e-04 1.01592e-04
8.350e+02 6.09972e-04 9.98850e-05
8.400e+02 6.04555e-04 9.81894e-05
8.450e+02 5.99104e-04 9.65280e-05
8.500e+02 5.93713e-04 9.48994e-05
8.550e+02 5.88382e-04 9.33023e-05
8.600e+02 5.83108e-04 9.17363e-05
8.650e+02 5.77891e-04 9.02010e-05
8.700e+02 5.72731e-04 8.86955e-05
8.750e+02 5.67626e-04 8.72192e-05
8.800e+02 5.62575e-04 8.57714e-05
8.850e+02 5.57578e-04 8.43515e-05
8.900e+02 5.52636e-04 8.29590e-05
8.950e+02 5.47746e-04 8.15932e-05
9.000e+02 5.42908e-04 8.02534e-05
9.050e+02 5.38127e-04 7.89380e-05
9.100e+02 5.33386e-04 7.76502e-05
9.150e+02 5.28701e-04 7.63854e-05
9.200e+02 5.24065e-04 7.51446e-05
9.250e+02 5.19483e-04 7.39260e-05
9.300e+02 5.14940e-04 7.27329e-05
9.350e+02 5.10450e-04 7.15609e-05
9.400e+02 5.06007e-04 7.04109e-05
9.450e+02 5.01615e-04 6.92812e-05
9.500e+02 4.97260e-04 6.81749e-05
9.550e+02 4.92955e-04 6.70878e-05
9.600e+02 4.88695e-04 6.60210e-05
9.650e+02 4.84484e-04 6.49730e-05
9.700e+02 4.80307e-04 6.39462e-05
9.750e+02 4.76179e-04 6.29370e-05
9.800e+02 4.72092e-04 6.19469e-05
9.850e+02 4.68049e-04 6.09746e-05
9.900e+02 4.64047e-04 6.00201e-05
9.950e+02 4.60092e-04 5.90820e-05
1.000e+03 4.56167e-04 5.81627e-05
