7.500e+01 0.00000e+00 0.00000e+00
8.000e+01 9.17758e-15 4.15672e-14
8.500e+01 4.06995e-13 2.00650e-12
9.000e+01 2.78353e-12 1.48197e-11
9.500e+01 9.77968e-12 5.48742e-11
1.000e+02 2.45689e-11 1.42286e-10
1.050e+02 5.28531e-11 3.11121e-10
1.100e+02 1.09190e-10 6.48115e-10
1.150e+02 2.13285e-10 1.27672e-09
1.200e+02 4.02882e-10 2.43417e-09
1.250e+02 7.18587e-10 4.38368e-09
1.300e+02 1.21743e-09 7.49169e-09
1.350e+02 1.99121e-09 1.23335e-08
1.400e+02 3.11252e-09 1.93989e-08
1.450e+02 4.68217e-09 2.93590e-08
1.500e+02 6.83401e-09 4.30498e-08
1.550e+02 9.77364e-09 6.17853e-08
1.600e+02 1.36522e-08 8.65943e-08
1.650e+02 1.86750e-08 1.18786e-07
1.700e+02 2.50682e-08 1.59802e-07
1.750e+02 3.31109e-08 2.11489e-07
1.800e+02 4.31189e-08 2.75890e-07
1.850e+02 5.55437e-08 3.55840e-07
1.900e+02 7.09594e-08 4.55148e-07
1.950e+02 8.99862e-08 5.77752e-07
2.000e+02 1.13247e-07 7.27673e-07
2.050e+02 1.41346e-07 9.08970e-07
2.100e+02 1.75283e-07 1.12832e-06
2.150e+02 2.15850e-07 1.39077e-06
2.200e+02 2.64270e-07 1.70445e-06
2.250e+02 3.21598e-07 2.07623e-06
2.300e+02 3.88899e-07 2.51299e-06
2.350e+02 4.67589e-07 3.02370e-06
2.400e+02 5.58500e-07 3.61365e-06
2.450e+02 6.63260e-07 4.29323e-06
2.500e+02 7.84209e-07 5.07484e-06
2.550e+02 9.21050e-07 5.96124e-06
2.600e+02 1.07611e-06 6.96483e-06
2.650e+02 1.25079e-06 8.09276e-06
2.700e+02 1.44648e-06 9.35497e-06
2.750e+02 1.68124e-06 1.08518e-05
2.800e+02 2.02412e-06 1.30172e-05
2.850e+02 2.52468e-06 1.62672e-05
2.900e+02 3.20279e-06 2.07438e-05
2.950e+02 4.07355e-06 2.65416e-05
3.000e+02 5.14399e-06 3.37025e-05
3.050e+02 6.42639e-06 4.22929e-05
3.100e+02 7.96053e-06 5.25093e-05
3.150e+02 9.75823e-06 6.44858e-05
3.200e+02 1.18450e-05 7.83365e-05
3.250e+02 1.42710e-05 9.43556e-05
3.300e+02 1.70552e-05 1.12725e-04
3.350e+02 2.02189e-05 1.33520e-04
3.400e+02 2.38139e-05 1.57037e-04
3.450e+02 2.78706e-05 1.83495e-04
3.500e+02 3.23926e-05 2.12881e-04
3.550e+02 3.74147e-05 2.45361e-04
3.600e+02 4.29574e-05 2.81087e-04
3.650e+02 4.90291e-05 3.20062e-04
3.700e+02 5.56512e-05 3.62355e-04
3.750e+02 6.28890e-05 4.08338e-04
3.800e+02 7.07432e-05 4.58050e-04
3.850e+02 7.92290e-05 5.11511e-04
3.900e+02 8.83537e-05 5.68732e-04
3.950e+02 9.81688e-05 6.29975e-04
4.000e+02 1.08633e-04 6.95020e-04
4.050e+02 1.19765e-04 7.63859e-04
4.100e+02 1.31545e-04 8.36372e-04
4.150e+02 1.43978e-04 9.12506e-04
4.200e+02 1.57014e-04 9.91970e-04
4.250e+02 1.70584e-04 1.07431e-03
4.300e+02 1.84625e-04 1.15899e-03
4.350e+02 1.99047e-04 1.24549e-03
4.400e+02 2.13808e-04 1.33342e-03
4.450e+02 2.28810e-04 1.42220e-03
4.500e+02 2.43978e-04 1.51134e-03
4.550e+02 2.59080e-04 1.60016e-03
4.600e+02 2.74492e-04 1.68854e-03
4.650e+02 2.89683e-04 1.77577e-03
4.700e+02 3.04728e-04 1.86130e-03
4.750e+02 3.19589e-04 1.94496e-03
4.800e+02 3.34156e-04 2.02620e-03
4.850e+02 3.48451e-04 2.10499e-03
4.900e+02 3.62381e-04 2.18096e-03
4.950e+02 3.75782e-04 2.25323e-03
5.000e+02 3.88743e-04 2.32202e-03
5.050e+02 4.01252e-04 2.38752e-03
5.100e+02 4.13129e-04 2.44884e-03
5.150e+02 4.24507e-04 2.50644e-03
5.200e+02 4.35275e-04 2.56008e-03
5.250e+02 4.45458e-04 2.60968e-03
5.300e+02 4.55125e-04 2.65577e-03
5.350e+02 4.64207e-04 2.69812e-03
5.400e+02 4.72782e-04 2.73703e-03
5.450e+02 4.80856e-04 2.77274e-03
5.500e+02 4.88414e-04 2.80522e-03
5.550e+02 4.95497e-04 2.83463e-03
5.600e+02 5.02129e-04 2.86121e-03
5.650e+02 5.08301e-04 2.88501e-03
5.700e+02 5.13976e-04 2.90587e-03
5.750e+02 5.19203e-04 2.92399e-03
5.800e+02 5.23965e-04 2.93939e-03
5.850e+02 5.28242e-04 2.95199e-03
5.900e+02 5.32128e-04 2.96222e-03
5.950e+02 5.35635e-04 2.97031e-03
6.000e+02 5.38672e-04 2.97590e-03
6.050e+02 5.41233e-04 2.97884e-03
6.100e+02 5.43327e-04 2.97918e-03
6.150e+02 5.44907e-04 2.97679e-03
6.200e+02 5.45992e-04 2.97171e-03
6.250e+02 5.46609e-04 2.96411e-03
6.300e+02 5.46737e-04 2.95399e-03
6.350e+02 5.46337e-04 2.94116e-03
6.400e+02 5.45354e-04 2.92537e-03
6.450e+02 5.43819e-04 2.90667e-03
6.500e+02 5.41714e-04 2.88511e-03
6.550e+02 5.38976e-04 2.86040e-03
6.600e+02 5.35660e-04 2.83270e-03
6.650e+02 5.31816e-04 2.80234e-03
6.700e+02 5.27333e-04 2.76899e-03
6.750e+02 5.22245e-04 2.73263e-03
6.800e+02 5.16682e-04 2.69383e-03
6.850e+02 5.10534e-04 2.65242e-03
6.900e+02 5.03784e-04 2.60819e-03
6.950e+02 4.96602e-04 2.56180e-03
7.000e+02 4.89016e-04 2.51360e-03
7.050e+02 4.80963e-04 2.46342e-03
7.100e+02 4.72459e-04 2.41126e-03
7.150e+02 4.63562e-04 2.35721e-03
7.200e+02 4.54401e-04 2.30244e-03
7.250e+02 4.44975e-04 2.24662e-03
7.300e+02 4.35235e-04 2.18942e-03
7.350e+02 4.25265e-04 2.13165e-03
7.400e+02 4.15132e-04 2.07283e-03
7.450e+02 4.04874e-04 2.01435e-03
7.500e+02 3.94424e-04 1.95520e-03
7.550e+02 3.83889e-04 1.89600e-03
7.600e+02 3.73278e-04 1.83697e-03
7.650e+02 3.62753e-04 1.77822e-03
7.700e+02 3.52138e-04 1.71969e-03
7.750e+02 3.41550e-04 1.66173e-03
7.800e+02 3.30997e-04 1.60423e-03
7.850e+02 3.20501e-04 1.54744e-03
7.900e+02 3.10101e-04 1.49151e-03
7.950e+02 2.99818e-04 1.43641e-03
8.000e+02 2.89678e-04 1.38241e-03
8.050e+02 2.79694e-04 1.32951e-03
8.100e+02 2.69877e-04 1.27777e-03
8.150e+02 2.60245e-04 1.22726e-03
8.200e+02 2.50815e-04 1.17803e-03
8.250e+02 2.41597e-04 1.13013e-03
8.300e+02 2.32600e-04 1.08360e-03
8.350e+02 2.23830e-04 1.03849e-03
8.400e+02 2.15320e-04 9.94843e-04
8.450e+02 2.07061e-04 9.52664e-04
8.500e+02 1.99041e-04 9.11911e-04
8.550e+02 1.91265e-04 8.72596e-04
8.600e+02 1.83744e-04 8.34650e-04
8.650e+02 1.76475e-04 7.98153e-04
8.700e+02 1.69431e-04 7.62975e-04
8.750e+02 1.62615e-04 7.29095e-04
8.800e+02 1.56038e-04 6.96474e-04
8.850e+02 1.49721e-04 6.65246e-04
8.900e+02 1.43637e-04 6.35319e-04
8.950e+02 1.37736e-04 6.06622e-04
9.000e+02 1.32094e-04 5.79078e-04
9.050e+02 1.26677e-04 5.52728e-04
9.100e+02 1.21471e-04 5.27514e-04
9.150e+02 1.16466e-04 5.03373e-04
9.200e+02 1.11688e-04 4.80285e-04
9.250e+02 1.07088e-04 4.58247e-04
9.300e+02 1.02687e-04 4.37243e-04
9.350e+02 9.84741e-05 4.17211e-04
9.400e+02 9.44307e-05 3.98073e-04
9.450e+02 9.05515e-05 3.79782e-04
9.500e+02 8.68360e-05 3.62318e-04
9.550e+02 8.32762e-05 3.45646e-04
9.600e+02 7.98653e-05 3.29729e-04
9.650e+02 7.66027e-05 3.14547e-04
9.700e+02 7.34865e-05 3.00101e-04
9.750e+02 7.05122e-05 2.86354e-04
9.800e+02 6.76701e-05 2.73271e-04
9.850e+02 6.49524e-05 2.60806e-04
9.900e+02 6.23581e-05 2.48941e-04
9.950e+02 5.98808e-05 2.37647e-04
1.000e+03 5.75146e-05 2.26896e-04
1.005e+03 5.52484e-05 2.16677e-04
1.010e+03 5.31077e-05 2.06974e-04
1.015e+03 5.10659e-05 1.97775e-04
1.020e+03 4.91278e-05 1.89051e-04
1.025e+03 4.72799e-05 1.80773e-04
1.030e+03 4.55183e-05 1.72914e-04
1.035e+03 4.38507e-05 1.65455e-04
1.040e+03 4.22488e-05 1.58365e-04
1.045e+03 4.07224e-05 1.51622e-04
1.050e+03 3.92688e-05 1.45220e-04
1.055e+03 3.78970e-05 1.39139e-04
1.060e+03 3.65911e-05 1.33378e-04
1.065e+03 3.53444e-05 1.27929e-04
1.070e+03 3.41610e-05 1.22773e-04
1.075e+03 3.30306e-05 1.17888e-04
1.080e+03 3.19603e-05 1.13254e-04
1.085e+03 3.09406e-05 1.08854e-04
1.090e+03 2.99660e-05 1.04671e-04
1.095e+03 2.90425e-05 1.00700e-04
1.100e+03 2.81630e-05 9.69307e-05
1.105e+03 2.73366e-05 9.33490e-05
1.110e+03 2.65458e-05 8.99581e-05
1.115e+03 2.57955e-05 8.67505e-05
1.120e+03 2.50797e-05 8.37207e-05
1.125e+03 2.44036e-05 8.08490e-05
1.130e+03 2.37593e-05 7.81270e-05
1.135e+03 2.31426e-05 7.55518e-05
1.140e+03 2.25644e-05 7.31014e-05
1.145e+03 2.20099e-05 7.07787e-05
1.150e+03 2.14808e-05 6.85756e-05
1.155e+03 2.09769e-05 6.64871e-05
1.160e+03 2.05050e-05 6.45162e-05
1.165e+03 2.00570e-05 6.26475e-05
1.170e+03 1.96334e-05 6.08849e-05
1.175e+03 1.92321e-05 5.92208e-05
1.180e+03 1.88551e-05 5.76557e-05
1.185e+03 1.84994e-05 5.61838e-05
1.190e+03 1.81636e-05 5.47961e-05
1.195e+03 1.78626e-05 5.34757e-05
1.200e+03 1.75746e-05 5.22458e-05
1.205e+03 1.73026e-05 5.10943e-05
1.210e+03 1.70366e-05 5.00215e-05
1.215e+03 1.67917e-05 4.90210e-05
1.220e+03 1.65622e-05 4.80886e-05
1.225e+03 1.63612e-05 4.72077e-05
1.230e+03 1.61655e-05 4.64009e-05
1.235e+03 1.59794e-05 4.56485e-05
1.240e+03 1.58036e-05 4.49410e-05
1.245e+03 1.56350e-05 4.42773e-05
1.250e+03 1.54753e-05 4.36388e-05
1.255e+03 1.53267e-05 4.30170e-05
1.260e+03 1.51773e-05 4.24257e-05
1.265e+03 1.50284e-05 4.18550e-05
1.270e+03 1.48846e-05 4.12949e-05
1.275e+03 1.47409e-05 4.07542e-05
1.280e+03 1.46051e-05 4.02240e-05
1.285e+03 1.44724e-05 3.96992e-05
1.290e+03 1.43232e-05 3.91942e-05
1.295e+03 1.41902e-05 3.87002e-05
1.300e+03 1.40648e-05 3.82102e-05
1.305e+03 1.39385e-05 3.77294e-05
1.310e+03 1.39413e-05 3.71595e-05
1.315e+03 1.38225e-05 3.66915e-05
1.320e+03 1.37007e-05 3.62366e-05
1.325e+03 1.35776e-05 3.57868e-05
1.330e+03 1.34539e-05 3.53444e-05
1.335e+03 1.33317e-05 3.49090e-05
1.340e+03 1.32099e-05 3.44794e-05
1.345e+03 1.30927e-05 3.40536e-05
1.350e+03 1.28290e-05 3.37388e-05
1.355e+03 1.27141e-05 3.33206e-05
1.360e+03 1.25978e-05 3.29086e-05
1.365e+03 1.24785e-05 3.25064e-05
1.370e+03 1.23632e-05 3.21091e-05
1.375e+03 1.22548e-05 3.17079e-05
1.380e+03 1.21409e-05 3.13183e-05
1.385e+03 1.20283e-05 3.09320e-05
1.390e+03 1.19154e-05 3.05494e-05
1.395e+03 1.18077e-05 3.01725e-05
1.400e+03 1.17054e-05 2.97961e-05
1.405e+03 1.15970e-05 2.94249e-05
1.410e+03 1.14915e-05 2.90585e-05
1.415e+03 1.13878e-05 2.86948e-05
1.420e+03 1.12843e-05 2.83369e-05
1.425e+03 1.11838e-05 2.79817e-05
1.430e+03 1.10875e-05 2.76292e-05
1.435e+03 1.09879e-05 2.72815e-05
1.440e+03 1.08912e-05 2.69359e-05
1.445e+03 1.07956e-05 2.65955e-05
1.450e+03 1.06982e-05 2.62600e-05
1.455e+03 1.06027e-05 2.59286e-05
1.460e+03 1.05061e-05 2.56034e-05
1.465e+03 1.04092e-05 2.52796e-05
1.470e+03 1.03129e-05 2.49610e-05
1.475e+03 1.01467e-05 2.46487e-05
1.480e+03 1.00511e-05 2.43396e-05
1.485e+03 9.96036e-06 2.40321e-05
1.490e+03 9.88786e-06 2.37302e-05
1.495e+03 9.77379e-06 2.34323e-05
1.500e+03 9.68230e-06 2.31367e-05
