5.500e+01 0.00000e+00 0.00000e+00
6.000e+01 2.23886e-16 7.44571e-16
6.500e+01 1.92726e-13 6.44834e-13
7.000e+01 2.14682e-11 7.61157e-11
7.500e+01 1.27410e-10 4.94657e-10
8.000e+01 4.25617e-10 1.72488e-09
8.500e+01 1.09838e-09 4.57714e-09
9.000e+01 2.51378e-09 1.07268e-08
9.500e+01 4.84732e-09 2.10764e-08
1.000e+02 8.69422e-09 3.83482e-08
1.050e+02 1.40925e-08 6.28961e-08
1.100e+02 2.30237e-08 1.03638e-07
1.150e+02 3.45165e-08 1.56470e-07
1.200e+02 4.97547e-08 2.26967e-07
1.250e+02 7.29438e-08 3.34201e-07
1.300e+02 1.02932e-07 4.73599e-07
1.350e+02 1.41666e-07 6.54773e-07
1.400e+02 1.91637e-07 8.90307e-07
1.450e+02 2.55922e-07 1.19484e-06
1.500e+02 3.43801e-07 1.61080e-06
1.550e+02 4.53508e-07 2.13203e-06
1.600e+02 5.89642e-07 2.78198e-06
1.650e+02 7.54028e-07 3.57343e-06
1.700e+02 9.57413e-07 4.54863e-06
1.750e+02 1.20098e-06 5.71827e-06
1.800e+02 1.48787e-06 7.11460e-06
1.850e+02 1.82774e-06 8.76305e-06
1.900e+02 2.26093e-06 1.08049e-05
1.950e+02 2.97267e-06 1.41114e-05
2.000e+02 4.17663e-06 1.98673e-05
2.050e+02 5.95117e-06 2.85685e-05
2.100e+02 8.34313e-06 4.04564e-05
2.150e+02 1.13933e-05 5.56914e-05
2.200e+02 1.52140e-05 7.47395e-05
2.250e+02 1.98682e-05 9.79758e-05
2.300e+02 2.54802e-05 1.25880e-04
2.350e+02 3.21865e-05 1.59185e-04
2.400e+02 4.00623e-05 1.98233e-04
2.450e+02 4.92659e-05 2.43678e-04
2.500e+02 5.98890e-05 2.96039e-04
2.550e+02 7.19814e-05 3.55465e-04
2.600e+02 8.56421e-05 4.22359e-04
2.650e+02 1.00894e-04 4.96822e-04
2.700e+02 1.17834e-04 5.79135e-04
2.750e+02 1.36622e-04 6.70006e-04
2.800e+02 1.57262e-04 7.69506e-04
2.850e+02 1.79793e-04 8.77624e-04
2.900e+02 2.04324e-04 9.94787e-04
2.950e+02 2.30789e-04 1.12072e-03
3.000e+02 2.59195e-04 1.25527e-03
3.050e+02 2.89504e-04 1.39815e-03
3.100e+02 3.21637e-04 1.54892e-03
3.150e+02 3.55355e-04 1.70651e-03
3.200e+02 3.90402e-04 1.86946e-03
3.250e+02 4.26540e-04 2.03652e-03
3.300e+02 4.63502e-04 2.20639e-03
3.350e+02 5.00994e-04 2.37756e-03
3.400e+02 5.38683e-04 2.54846e-03
3.450e+02 5.76475e-04 2.71836e-03
3.500e+02 6.13893e-04 2.88544e-03
3.550e+02 6.50842e-04 3.04875e-03
3.600e+02 6.87004e-04 3.20719e-03
3.650e+02 7.22336e-04 3.36024e-03
3.700e+02 7.56566e-04 3.50701e-03
3.750e+02 7.89297e-04 3.64575e-03
3.800e+02 8.20797e-04 3.77713e-03
3.850e+02 8.50641e-04 3.90016e-03
3.900e+02 8.78918e-04 4.01457e-03
3.950e+02 9.05490e-04 4.12035e-03
4.000e+02 9.30416e-04 4.21742e-03
4.050e+02 9.53771e-04 4.30648e-03
4.100e+02 9.75554e-04 4.38756e-03
4.150e+02 9.95904e-04 4.46135e-03
4.200e+02 1.01480e-03 4.52800e-03
4.250e+02 1.03232e-03 4.58785e-03
4.300e+02 1.04858e-03 4.64148e-03
4.350e+02 1.06348e-03 4.68880e-03
4.400e+02 1.07704e-03 4.72979e-03
4.450e+02 1.08931e-03 4.76475e-03
4.500e+02 1.10022e-03 4.79352e-03
4.550e+02 1.11003e-03 4.81699e-03
4.600e+02 1.11867e-03 4.83539e-03
4.650e+02 1.12596e-03 4.84801e-03
4.700e+02 1.13192e-03 4.85473e-03
4.750e+02 1.13641e-03 4.85526e-03
4.800e+02 1.13943e-03 4.84954e-03
4.850e+02 1.14108e-03 4.83795e-03
4.900e+02 1.14130e-03 4.82044e-03
4.950e+02 1.13991e-03 4.79651e-03
5.000e+02 1.13691e-03 4.76595e-03
5.050e+02 1.13228e-03 4.72884e-03
5.100e+02 1.12584e-03 4.68460e-03
5.150e+02 1.11777e-03 4.63366e-03
5.200e+02 1.10804e-03 4.57632e-03
5.250e+02 1.09646e-03 4.51194e-03
5.300e+02 1.08340e-03 4.44150e-03
5.350e+02 1.06868e-03 4.36505e-03
5.400e+02 1.05227e-03 4.28183e-03
5.450e+02 1.03468e-03 4.19472e-03
5.500e+02 1.01577e-03 4.10269e-03
5.550e+02 9.95523e-04 4.00596e-03
5.600e+02 9.74121e-04 3.90515e-03
5.650e+02 9.51830e-04 3.80123e-03
5.700e+02 9.28730e-04 3.69463e-03
5.750e+02 9.04835e-04 3.58614e-03
5.800e+02 8.80359e-04 3.47571e-03
5.850e+02 8.55443e-04 3.36426e-03
5.900e+02 8.30012e-04 3.25173e-03
5.950e+02 8.04323e-04 3.13888e-03
6.000e+02 7.78541e-04 3.02617e-03
6.050e+02 7.52646e-04 2.91403e-03
6.100e+02 7.26732e-04 2.80257e-03
6.150e+02 7.00910e-04 2.69220e-03
6.200e+02 6.75229e-04 2.58317e-03
6.250e+02 6.49802e-04 2.47581e-03
6.300e+02 6.24724e-04 2.37052e-03
6.350e+02 6.00023e-04 2.26751e-03
6.400e+02 5.75808e-04 2.16696e-03
6.450e+02 5.52094e-04 2.06901e-03
6.500e+02 5.28890e-04 1.97393e-03
6.550e+02 5.06404e-04 1.88164e-03
6.600e+02 4.84494e-04 1.79245e-03
6.650e+02 4.63281e-04 1.70643e-03
6.700e+02 4.42780e-04 1.62369e-03
6.750e+02 4.22970e-04 1.54414e-03
6.800e+02 4.03853e-04 1.46773e-03
6.850e+02 3.85464e-04 1.39453e-03
6.900e+02 3.67774e-04 1.32443e-03
6.950e+02 3.50721e-04 1.25723e-03
7.000e+02 3.34341e-04 1.19292e-03
7.050e+02 3.18693e-04 1.13164e-03
7.100e+02 3.03718e-04 1.07328e-03
7.150e+02 2.89360e-04 1.01762e-03
7.200e+02 2.75652e-04 9.64646e-04
7.250e+02 2.62574e-04 9.14303e-04
7.300e+02 2.50078e-04 8.66432e-04
7.350e+02 2.38164e-04 8.20951e-04
7.400e+02 2.26835e-04 7.77844e-04
7.450e+02 2.16076e-04 7.37051e-04
7.500e+02 2.05837e-04 6.98408e-04
7.550e+02 1.96078e-04 6.61746e-04
7.600e+02 1.86788e-04 6.26975e-04
7.650e+02 1.77951e-04 5.94020e-04
7.700e+02 1.69543e-04 5.62789e-04
7.750e+02 1.61560e-04 5.33231e-04
7.800e+02 1.53981e-04 5.05342e-04
7.850e+02 1.46813e-04 4.78980e-04
7.900e+02 1.40011e-04 4.54063e-04
7.950e+02 1.33564e-04 4.30525e-04
8.000e+02 1.27470e-04 4.08288e-04
8.050e+02 1.21676e-04 3.87285e-04
8.100e+02 1.16199e-04 3.67478e-04
8.150e+02 1.11032e-04 3.48844e-04
8.200e+02 1.06163e-04 3.31328e-04
8.250e+02 1.01564e-04 3.14842e-04
8.300e+02 9.72131e-05 2.99318e-04
8.350e+02 9.31059e-05 2.84698e-04
8.400e+02 8.92144e-05 2.70908e-04
8.450e+02 8.55372e-05 2.57904e-04
8.500e+02 8.20720e-05 2.45669e-04
8.550e+02 7.88049e-05 2.34169e-04
8.600e+02 7.57309e-05 2.23367e-04
8.650e+02 7.28367e-05 2.13229e-04
8.700e+02 7.01040e-05 2.03703e-04
8.750e+02 6.75230e-05 1.94733e-04
8.800e+02 6.50868e-05 1.86275e-04
8.850e+02 6.27847e-05 1.78305e-04
8.900e+02 6.06152e-05 1.70801e-04
8.950e+02 5.85713e-05 1.63743e-04
9.000e+02 5.66501e-05 1.57107e-04
9.050e+02 5.48398e-05 1.50886e-04
9.100e+02 5.31357e-05 1.45048e-04
9.150e+02 5.15254e-05 1.39558e-04
9.200e+02 5.00132e-05 1.34398e-04
9.250e+02 4.85908e-05 1.29537e-04
9.300e+02 4.72433e-05 1.24962e-04
9.350e+02 4.59747e-05 1.20658e-04
9.400e+02 4.47855e-05 1.16624e-04
9.450e+02 4.36680e-05 1.12839e-04
9.500e+02 4.26184e-05 1.09291e-04
9.550e+02 4.16394e-05 1.05976e-04
9.600e+02 4.07266e-05 1.02882e-04
9.650e+02 3.98728e-05 9.99946e-05
9.700e+02 3.90772e-05 9.72994e-05
9.750e+02 3.83374e-05 9.47918e-05
9.800e+02 3.76526e-05 9.24621e-05
9.850e+02 3.70169e-05 9.03029e-05
9.900e+02 3.64302e-05 8.83098e-05
9.950e+02 3.58923e-05 8.64684e-05
1.000e+03 3.54012e-05 8.47710e-05
