1.950e+02 0.00000e+00 0.00000e+00
2.000e+02 1.69337e-15 1.93284e-14
2.050e+02 2.44466e-14 2.91818e-13
2.100e+02 1.17691e-13 1.43992e-12
2.150e+02 3.64096e-13 4.52108e-12
2.200e+02 8.19690e-13 1.02245e-11
2.250e+02 1.69707e-12 2.12587e-11
2.300e+02 3.11907e-12 3.90874e-11
2.350e+02 5.19839e-12 6.50445e-11
2.400e+02 9.00309e-12 1.12768e-10
2.450e+02 1.48444e-11 1.85920e-10
2.500e+02 2.33013e-11 2.91641e-10
2.550e+02 3.50819e-11 4.38380e-10
2.600e+02 5.25245e-11 6.56019e-10
2.650e+02 8.16215e-11 1.02027e-09
2.700e+02 1.21454e-10 1.51754e-09
2.750e+02 1.74690e-10 2.18039e-09
2.800e+02 2.44808e-10 3.05156e-09
2.850e+02 3.34594e-10 4.16456e-09
2.900e+02 4.48313e-10 5.57110e-09
2.950e+02 5.96856e-10 7.40734e-09
3.000e+02 7.98129e-10 9.89330e-09
3.050e+02 1.04766e-09 1.29617e-08
3.100e+02 1.35163e-09 1.66866e-08
3.150e+02 1.71626e-09 2.11359e-08
3.200e+02 2.15618e-09 2.64851e-08
3.250e+02 2.68205e-09 3.28601e-08
3.300e+02 3.30037e-09 4.03268e-08
3.350e+02 4.03306e-09 4.91521e-08
3.400e+02 4.89274e-09 5.94749e-08
3.450e+02 5.89459e-09 7.14599e-08
3.500e+02 7.09301e-09 8.57888e-08
3.550e+02 8.53492e-09 1.03030e-07
3.600e+02 1.01962e-08 1.22836e-07
3.650e+02 1.21093e-08 1.45588e-07
3.700e+02 1.43110e-08 1.71706e-07
3.750e+02 1.68146e-08 2.01307e-07
3.800e+02 1.96551e-08 2.34792e-07
3.850e+02 2.28837e-08 2.72747e-07
3.900e+02 2.65210e-08 3.15374e-07
3.950e+02 3.06090e-08 3.63142e-07
4.000e+02 3.51958e-08 4.16596e-07
4.050e+02 4.02923e-08 4.75790e-07
4.100e+02 4.59224e-08 5.40940e-07
4.150e+02 5.21548e-08 6.12850e-07
4.200e+02 5.92310e-08 6.94511e-07
4.250e+02 6.72366e-08 7.86792e-07
4.300e+02 7.60567e-08 8.88122e-07
4.350e+02 8.57915e-08 9.99693e-07
4.400e+02 9.64512e-08 1.12143e-06
4.450e+02 1.08091e-07 1.25389e-06
4.500e+02 1.20846e-07 1.39870e-06
4.550e+02 1.34709e-07 1.55552e-06
4.600e+02 1.49730e-07 1.72479e-06
4.650e+02 1.66174e-07 1.90982e-06
4.700e+02 1.84433e-07 2.11522e-06
4.750e+02 2.04129e-07 2.33584e-06
4.800e+02 2.25393e-07 2.57318e-06
4.850e+02 2.48342e-07 2.82852e-06
4.900e+02 2.72946e-07 3.10112e-06
4.950e+02 2.99293e-07 3.39177e-06
5.000e+02 3.27516e-07 3.70208e-06
5.050e+02 3.57678e-07 4.03242e-06
5.100e+02 3.89888e-07 4.38387e-06
5.150e+02 4.24699e-07 4.76305e-06
5.200e+02 4.61743e-07 5.16501e-06
5.250e+02 5.01816e-07 5.59835e-06
5.300e+02 5.48999e-07 6.11129e-06
5.350e+02 6.08522e-07 6.77088e-06
5.400e+02 6.82997e-07 7.61157e-06
5.450e+02 7.73038e-07 8.63897e-06
5.500e+02 8.79673e-07 9.86165e-06
5.550e+02 1.00402e-06 1.12900e-05
5.600e+02 1.14658e-06 1.29279e-05
5.650e+02 1.30739e-06 1.47714e-05
5.700e+02 1.48805e-06 1.68354e-05
5.750e+02 1.69152e-06 1.91516e-05
5.800e+02 1.91964e-06 2.17404e-05
5.850e+02 2.17255e-06 2.45989e-05
5.900e+02 2.46991e-06 2.77354e-05
5.950e+02 2.77598e-06 3.12238e-05
6.000e+02 3.10763e-06 3.50633e-05
6.050e+02 3.48615e-06 3.92713e-05
6.100e+02 3.89953e-06 4.38502e-05
6.150e+02 4.35609e-06 4.88266e-05
6.200e+02 4.85084e-06 5.42427e-05
6.250e+02 5.38527e-06 6.01461e-05
6.300e+02 5.96981e-06 6.65056e-05
6.350e+02 6.59944e-06 7.33229e-05
6.400e+02 7.27139e-06 8.06583e-05
6.450e+02 8.00167e-06 8.84991e-05
6.500e+02 8.83755e-06 9.68706e-05
6.550e+02 9.63455e-06 1.05772e-04
6.600e+02 1.05260e-05 1.15189e-04
6.650e+02 1.14683e-05 1.25184e-04
6.700e+02 1.24852e-05 1.35788e-04
6.750e+02 1.35569e-05 1.47000e-04
6.800e+02 1.46974e-05 1.58823e-04
6.850e+02 1.58964e-05 1.71261e-04
6.900e+02 1.71648e-05 1.84293e-04
6.950e+02 1.85148e-05 1.98009e-04
7.000e+02 1.99144e-05 2.12395e-04
7.050e+02 2.13896e-05 2.27374e-04
7.100e+02 2.29338e-05 2.42989e-04
7.150e+02 2.45468e-05 2.59208e-04
7.200e+02 2.62223e-05 2.76016e-04
7.250e+02 2.79701e-05 2.93420e-04
7.300e+02 2.97887e-05 3.11370e-04
7.350e+02 3.16618e-05 3.29828e-04
7.400e+02 3.35896e-05 3.48722e-04
7.450e+02 3.55675e-05 3.67984e-04
7.500e+02 3.75891e-05 3.87554e-04
7.550e+02 3.96502e-05 4.07377e-04
7.600e+02 4.17536e-05 4.27432e-04
7.650e+02 4.38832e-05 4.47636e-04
7.700e+02 4.60371e-05 4.67922e-04
7.750e+02 4.82112e-05 4.88251e-04
7.800e+02 5.03826e-05 5.08504e-04
7.850e+02 5.25699e-05 5.28646e-04
7.900e+02 5.47312e-05 5.48723e-04
7.950e+02 5.69183e-05 5.68575e-04
8.000e+02 5.90900e-05 5.88091e-04
8.050e+02 6.12521e-05 6.07330e-04
8.100e+02 6.33962e-05 6.26238e-04
8.150e+02 6.55113e-05 6.44708e-04
8.200e+02 6.75976e-05 6.62745e-04
8.250e+02 6.96594e-05 6.80362e-04
8.300e+02 7.16890e-05 6.97501e-04
8.350e+02 7.37030e-05 7.13969e-04
8.400e+02 7.56260e-05 7.29791e-04
8.450e+02 7.75069e-05 7.45060e-04
8.500e+02 7.93480e-05 7.59825e-04
8.550e+02 8.11214e-05 7.73901e-04
8.600e+02 8.28312e-05 7.87214e-04
8.650e+02 8.44924e-05 7.99935e-04
8.700e+02 8.60976e-05 8.12033e-04
8.750e+02 8.76319e-05 8.23367e-04
8.800e+02 8.91054e-05 8.34040e-04
8.850e+02 9.05297e-05 8.44147e-04
8.900e+02 9.18933e-05 8.53623e-04
8.950e+02 9.31950e-05 8.62453e-04
9.000e+02 9.44428e-05 8.70721e-04
9.050e+02 9.56388e-05 8.78461e-04
9.100e+02 9.67785e-05 8.85647e-04
9.150e+02 9.78592e-05 8.92295e-04
9.200e+02 9.88908e-05 8.98417e-04
9.250e+02 9.98734e-05 9.04040e-04
9.300e+02 1.00810e-04 9.09206e-04
9.350e+02 1.01697e-04 9.13905e-04
9.400e+02 1.02528e-04 9.18099e-04
9.450e+02 1.03257e-04 9.21875e-04
9.500e+02 1.03989e-04 9.25143e-04
9.550e+02 1.04664e-04 9.27858e-04
9.600e+02 1.05301e-04 9.30302e-04
9.650e+02 1.05880e-04 9.32196e-04
9.700e+02 1.06417e-04 9.33718e-04
9.750e+02 1.06915e-04 9.34902e-04
9.800e+02 1.07368e-04 9.35705e-04
9.850e+02 1.07767e-04 9.36072e-04
9.900e+02 1.08114e-04 9.35996e-04
9.950e+02 1.08411e-04 9.35509e-04
1.000e+03 1.08657e-04 9.34603e-04
1.005e+03 1.08869e-04 9.33246e-04
1.010e+03 1.09007e-04 9.31481e-04
1.015e+03 1.09099e-04 9.29321e-04
1.020e+03 1.09140e-04 9.26778e-04
1.025e+03 1.09135e-04 9.23816e-04
1.030e+03 1.09077e-04 9.20420e-04
1.035e+03 1.08957e-04 9.16542e-04
1.040e+03 1.08772e-04 9.12189e-04
1.045e+03 1.08536e-04 9.07333e-04
1.050e+03 1.08229e-04 9.02059e-04
1.055e+03 1.07867e-04 8.96309e-04
1.060e+03 1.07444e-04 8.90037e-04
1.065e+03 1.06952e-04 8.83275e-04
1.070e+03 1.06407e-04 8.76089e-04
1.075e+03 1.05810e-04 8.68506e-04
1.080e+03 1.05134e-04 8.60452e-04
1.085e+03 1.04410e-04 8.51863e-04
1.090e+03 1.03619e-04 8.42866e-04
1.095e+03 1.02778e-04 8.33521e-04
1.100e+03 1.01887e-04 8.23814e-04
1.105e+03 1.00972e-04 8.13473e-04
1.110e+03 9.99589e-05 8.02929e-04
1.115e+03 9.88978e-05 7.91982e-04
1.120e+03 9.78006e-05 7.80810e-04
1.125e+03 9.66602e-05 7.69292e-04
1.130e+03 9.54715e-05 7.57519e-04
1.135e+03 9.42312e-05 7.45416e-04
1.140e+03 9.29447e-05 7.33023e-04
1.145e+03 9.16084e-05 7.20456e-04
1.150e+03 9.02818e-05 7.07673e-04
1.155e+03 8.89151e-05 6.94806e-04
1.160e+03 8.75845e-05 6.81693e-04
1.165e+03 8.60759e-05 6.68491e-04
1.170e+03 8.46214e-05 6.55182e-04
1.175e+03 8.31556e-05 6.41835e-04
1.180e+03 8.16496e-05 6.28441e-04
1.185e+03 8.01772e-05 6.15003e-04
1.190e+03 7.86596e-05 6.01509e-04
1.195e+03 7.71929e-05 5.87979e-04
1.200e+03 7.55924e-05 5.74482e-04
1.205e+03 7.40629e-05 5.61116e-04
1.210e+03 7.25258e-05 5.47689e-04
1.215e+03 7.09862e-05 5.34386e-04
1.220e+03 6.94458e-05 5.21142e-04
1.225e+03 6.79056e-05 5.07972e-04
1.230e+03 6.63831e-05 4.94996e-04
1.235e+03 6.48516e-05 4.82072e-04
1.240e+03 6.33310e-05 4.69262e-04
1.245e+03 6.18009e-05 4.56595e-04
1.250e+03 6.03209e-05 4.44089e-04
1.255e+03 5.88364e-05 4.31762e-04
1.260e+03 5.73693e-05 4.19616e-04
1.265e+03 5.59170e-05 4.07661e-04
1.270e+03 5.44821e-05 3.95903e-04
1.275e+03 5.30609e-05 3.84346e-04
1.280e+03 5.16670e-05 3.72999e-04
1.285e+03 5.02778e-05 3.61869e-04
1.290e+03 4.89259e-05 3.50960e-04
1.295e+03 4.75949e-05 3.40281e-04
1.300e+03 4.62899e-05 3.29840e-04
1.305e+03 4.49943e-05 3.19624e-04
1.310e+03 4.37401e-05 3.09646e-04
1.315e+03 4.25304e-05 2.99891e-04
1.320e+03 4.13272e-05 2.90405e-04
1.325e+03 4.01596e-05 2.81167e-04
1.330e+03 3.89963e-05 2.72160e-04
1.335e+03 3.78794e-05 2.63382e-04
1.340e+03 3.67782e-05 2.54842e-04
1.345e+03 3.57038e-05 2.46542e-04
1.350e+03 3.46665e-05 2.38475e-04
1.355e+03 3.36385e-05 2.30627e-04
1.360e+03 3.26393e-05 2.22988e-04
1.365e+03 3.16844e-05 2.15533e-04
1.370e+03 3.07314e-05 2.08319e-04
1.375e+03 2.98077e-05 2.01328e-04
1.380e+03 2.89096e-05 1.94563e-04
1.385e+03 2.80570e-05 1.87988e-04
1.390e+03 2.71940e-05 1.81628e-04
1.395e+03 2.63665e-05 1.75456e-04
1.400e+03 2.55629e-05 1.69483e-04
1.405e+03 2.47835e-05 1.63704e-04
1.410e+03 2.40517e-05 1.58090e-04
1.415e+03 2.32968e-05 1.52675e-04
1.420e+03 2.25833e-05 1.47433e-04
1.425e+03 2.18910e-05 1.42360e-04
1.430e+03 2.12038e-05 1.37456e-04
1.435e+03 2.05509e-05 1.32724e-04
1.440e+03 1.99146e-05 1.28164e-04
1.445e+03 1.93056e-05 1.23755e-04
1.450e+03 1.87145e-05 1.19496e-04
1.455e+03 1.79501e-05 1.15547e-04
1.460e+03 1.77210e-05 1.11252e-04
1.465e+03 1.71722e-05 1.07411e-04
1.470e+03 1.66414e-05 1.03697e-04
1.475e+03 1.61399e-05 1.00098e-04
1.480e+03 1.56491e-05 9.66240e-05
1.485e+03 1.51554e-05 9.32741e-05
1.490e+03 1.46522e-05 9.00815e-05
1.495e+03 1.41900e-05 8.69673e-05
1.500e+03 1.37743e-05 8.39611e-05
1.505e+03 1.33599e-05 8.10598e-05
1.510e+03 1.29453e-05 7.82735e-05
1.515e+03 1.25561e-05 7.55730e-05
1.520e+03 1.21807e-05 7.29717e-05
1.525e+03 1.19162e-05 7.04593e-05
1.530e+03 1.13712e-05 6.80435e-05
1.535e+03 1.10729e-05 6.56826e-05
1.540e+03 1.07413e-05 6.34366e-05
1.545e+03 1.04306e-05 6.12692e-05
1.550e+03 1.01641e-05 5.91839e-05
1.555e+03 9.86089e-06 5.71815e-05
1.560e+03 9.58235e-06 5.52641e-05
1.565e+03 9.30454e-06 5.34191e-05
1.570e+03 9.06683e-06 5.16177e-05
1.575e+03 8.95427e-06 4.97964e-05
1.580e+03 8.70643e-06 4.81468e-05
1.585e+03 8.46641e-06 4.65622e-05
1.590e+03 8.24941e-06 4.50251e-05
1.595e+03 8.02796e-06 4.35498e-05
1.600e+03 7.80626e-06 4.21410e-05
1.605e+03 7.59583e-06 4.07828e-05
1.610e+03 7.37122e-06 3.94768e-05
1.615e+03 7.18086e-06 3.82160e-05
1.620e+03 7.01081e-06 3.69909e-05
1.625e+03 6.82870e-06 3.58295e-05
1.630e+03 6.63611e-06 3.47267e-05
1.635e+03 6.46657e-06 3.36646e-05
1.640e+03 6.31142e-06 3.26397e-05
1.645e+03 6.16284e-06 3.16514e-05
1.650e+03 6.01886e-06 3.06935e-05
1.655e+03 5.87184e-06 2.97761e-05
1.660e+03 5.72395e-06 2.88957e-05
1.665e+03 5.58735e-06 2.80503e-05
1.670e+03 5.48480e-06 2.72308e-05
1.675e+03 5.36468e-06 2.64392e-05
1.680e+03 5.25139e-06 2.56820e-05
1.685e+03 4.95211e-06 2.49625e-05
1.690e+03 4.84261e-06 2.42647e-05
1.695e+03 4.73793e-06 2.35987e-05
1.700e+03 4.63651e-06 2.29554e-05
1.705e+03 4.53878e-06 2.23369e-05
1.710e+03 4.44444e-06 2.17416e-05
1.715e+03 4.35417e-06 2.11732e-05
1.720e+03 4.26872e-06 2.06349e-05
1.725e+03 4.18515e-06 2.01105e-05
1.730e+03 4.10346e-06 1.95999e-05
1.735e+03 4.02492e-06 1.91099e-05
1.740e+03 3.94845e-06 1.86348e-05
1.745e+03 3.87531e-06 1.81810e-05
1.750e+03 3.80612e-06 1.77518e-05
1.755e+03 3.74079e-06 1.73467e-05
1.760e+03 3.67710e-06 1.69531e-05
1.765e+03 3.61439e-06 1.65675e-05
1.770e+03 3.55335e-06 1.61939e-05
1.775e+03 3.49534e-06 1.58394e-05
1.780e+03 3.44160e-06 1.55110e-05
1.785e+03 3.39014e-06 1.51971e-05
1.790e+03 3.34042e-06 1.48948e-05
1.795e+03 3.29264e-06 1.46047e-05
1.800e+03 3.24575e-06 1.43216e-05
1.805e+03 3.20074e-06 1.40508e-05
1.810e+03 3.15849e-06 1.37975e-05
1.815e+03 3.11843e-06 1.35579e-05
1.820e+03 3.07953e-06 1.33263e-05
1.825e+03 3.04298e-06 1.31087e-05
1.830e+03 3.00858e-06 1.29047e-05
1.835e+03 2.97531e-06 1.27084e-05
1.840e+03 2.94288e-06 1.25180e-05
1.845e+03 2.91244e-06 1.23404e-05
1.850e+03 2.88416e-06 1.21761e-05
1.855e+03 2.85741e-06 1.20213e-05
1.860e+03 2.83213e-06 1.18759e-05
1.865e+03 2.80730e-06 1.17339e-05
1.870e+03 2.78303e-06 1.15961e-05
1.875e+03 2.76084e-06 1.14711e-05
1.880e+03 2.73892e-06 1.13483e-05
1.885e+03 2.71683e-06 1.12254e-05
1.890e+03 2.69531e-06 1.11061e-05
1.895e+03 2.67433e-06 1.09902e-05
1.900e+03 2.65381e-06 1.08779e-05
1.905e+03 2.63338e-06 1.07665e-05
1.910e+03 2.61407e-06 1.06618e-05
1.915e+03 2.59496e-06 1.05585e-05
1.920e+03 2.57612e-06 1.04575e-05
1.925e+03 2.55739e-06 1.03574e-05
1.930e+03 2.53877e-06 1.02582e-05
1.935e+03 2.52027e-06 1.01601e-05
1.940e+03 2.50161e-06 1.00615e-05
1.945e+03 2.48373e-06 9.96773e-06
1.950e+03 2.46616e-06 9.87597e-06
1.955e+03 2.44896e-06 9.78626e-06
1.960e+03 2.43133e-06 9.69435e-06
1.965e+03 2.41343e-06 9.60107e-06
1.970e+03 2.39504e-06 9.50533e-06
1.975e+03 2.37774e-06 9.41618e-06
1.980e+03 2.36087e-06 9.32978e-06
1.985e+03 2.34417e-06 9.24440e-06
1.990e+03 2.32697e-06 9.15632e-06
1.995e+03 2.30992e-06 9.06916e-06
2.000e+03 2.29285e-06 8.98211e-06
