5.500e+02 0.00000e+00 0.00000e+00
5.600e+02 2.12350e-16 9.68994e-15
5.700e+02 3.51550e-15 1.63164e-13
5.800e+02 1.55783e-14 7.13344e-13
5.900e+02 4.75004e-14 2.13194e-12
6.000e+02 1.13573e-13 5.01304e-12
6.100e+02 2.76315e-13 1.21136e-11
6.200e+02 5.38718e-13 2.30180e-11
6.300e+02 1.02441e-12 4.34452e-11
6.400e+02 2.08886e-12 8.89581e-11
6.500e+02 3.65175e-12 1.52341e-10
6.600e+02 5.86937e-12 2.38947e-10
6.700e+02 9.58333e-12 3.87443e-10
6.800e+02 1.51946e-11 6.11652e-10
6.900e+02 2.98730e-11 9.10173e-10
7.000e+02 3.30171e-11 1.33434e-09
7.100e+02 4.92774e-11 1.89880e-09
7.200e+02 6.95902e-11 2.64213e-09
7.300e+02 9.60815e-11 3.59753e-09
7.400e+02 1.30393e-10 4.81414e-09
7.500e+02 1.74325e-10 6.35422e-09
7.600e+02 2.29938e-10 8.27817e-09
7.700e+02 2.99703e-10 1.06636e-08
7.800e+02 3.86300e-10 1.35876e-08
7.900e+02 4.93123e-10 1.71475e-08
8.000e+02 6.22706e-10 2.14238e-08
8.100e+02 7.79395e-10 2.65201e-08
8.200e+02 9.66887e-10 3.25392e-08
8.300e+02 1.18953e-09 3.95933e-08
8.400e+02 1.45158e-09 4.77771e-08
8.500e+02 1.75941e-09 5.72915e-08
8.600e+02 2.11713e-09 6.81903e-08
8.700e+02 2.53089e-09 8.06362e-08
8.800e+02 3.00716e-09 9.47797e-08
8.900e+02 3.55200e-09 1.10763e-07
9.000e+02 4.17273e-09 1.28745e-07
9.100e+02 4.87674e-09 1.48895e-07
9.200e+02 5.67169e-09 1.71376e-07
9.300e+02 6.56680e-09 1.96395e-07
9.400e+02 7.57085e-09 2.24173e-07
9.500e+02 8.69266e-09 2.54934e-07
9.600e+02 9.94769e-09 2.88911e-07
9.700e+02 1.13413e-08 3.26320e-07
9.800e+02 1.28873e-08 3.67416e-07
9.900e+02 1.45957e-08 4.12410e-07
1.000e+03 1.64842e-08 4.61540e-07
1.010e+03 1.85498e-08 5.15014e-07
1.020e+03 2.08169e-08 5.72980e-07
1.030e+03 2.32929e-08 6.35666e-07
1.040e+03 2.59893e-08 7.03231e-07
1.050e+03 2.89177e-08 7.75856e-07
1.060e+03 3.20897e-08 8.53705e-07
1.070e+03 3.55135e-08 9.36845e-07
1.080e+03 3.92008e-08 1.02537e-06
1.090e+03 4.31567e-08 1.11924e-06
1.100e+03 4.75069e-08 1.22265e-06
1.110e+03 5.28928e-08 1.35812e-06
1.120e+03 5.96985e-08 1.54238e-06
1.130e+03 6.81463e-08 1.77750e-06
1.140e+03 7.84064e-08 2.06655e-06
1.150e+03 9.04836e-08 2.41237e-06
1.160e+03 1.04602e-07 2.81435e-06
1.170e+03 1.20957e-07 3.27812e-06
1.180e+03 1.39935e-07 3.81498e-06
1.190e+03 1.61718e-07 4.42808e-06
1.200e+03 1.86454e-07 5.11968e-06
1.210e+03 2.14741e-07 5.90559e-06
1.220e+03 2.46908e-07 6.79527e-06
1.230e+03 2.83076e-07 7.78808e-06
1.240e+03 3.23598e-07 8.89390e-06
1.250e+03 3.69303e-07 1.01308e-05
1.260e+03 4.20167e-07 1.14998e-05
1.270e+03 4.76401e-07 1.30006e-05
1.280e+03 5.38479e-07 1.46443e-05
1.290e+03 6.06647e-07 1.64356e-05
1.300e+03 6.81128e-07 1.83755e-05
1.310e+03 7.61943e-07 2.04617e-05
1.320e+03 8.50113e-07 2.27206e-05
1.330e+03 9.45603e-07 2.51522e-05
1.340e+03 1.04886e-06 2.77585e-05
1.350e+03 1.15963e-06 3.05339e-05
1.360e+03 1.27868e-06 3.34948e-05
1.370e+03 1.40613e-06 3.66412e-05
1.380e+03 1.54147e-06 3.99570e-05
1.390e+03 1.68526e-06 4.34483e-05
1.400e+03 1.83694e-06 4.71017e-05
1.410e+03 1.99678e-06 5.09198e-05
1.420e+03 2.16420e-06 5.48812e-05
1.430e+03 2.33845e-06 5.89645e-05
1.440e+03 2.51890e-06 6.31455e-05
1.450e+03 2.70467e-06 6.74005e-05
1.460e+03 2.89553e-06 7.17198e-05
1.470e+03 3.09040e-06 7.60785e-05
1.480e+03 3.28839e-06 8.04458e-05
1.490e+03 3.48913e-06 8.48173e-05
1.500e+03 3.69072e-06 8.91413e-05
1.510e+03 3.89408e-06 9.34395e-05
1.520e+03 4.09612e-06 9.76484e-05
1.530e+03 4.29736e-06 1.01766e-04
1.540e+03 4.49737e-06 1.05786e-04
1.550e+03 4.69377e-06 1.09672e-04
1.560e+03 4.88765e-06 1.13436e-04
1.570e+03 5.07843e-06 1.17061e-04
1.580e+03 5.26304e-06 1.20501e-04
1.590e+03 5.44164e-06 1.23747e-04
1.600e+03 5.61660e-06 1.26855e-04
1.610e+03 5.78428e-06 1.29757e-04
1.620e+03 5.94463e-06 1.32452e-04
1.630e+03 6.09939e-06 1.34984e-04
1.640e+03 6.24587e-06 1.37296e-04
1.650e+03 6.38555e-06 1.39427e-04
1.660e+03 6.51862e-06 1.41392e-04
1.670e+03 6.64409e-06 1.43169e-04
1.680e+03 6.76296e-06 1.44788e-04
1.690e+03 6.87531e-06 1.46255e-04
1.700e+03 6.98066e-06 1.47564e-04
1.710e+03 7.07933e-06 1.48726e-04
1.720e+03 7.17122e-06 1.49749e-04
1.730e+03 7.25285e-06 1.50650e-04
1.740e+03 7.33664e-06 1.51400e-04
1.750e+03 7.40895e-06 1.52021e-04
1.760e+03 7.47540e-06 1.52520e-04
1.770e+03 7.53498e-06 1.52888e-04
1.780e+03 7.58778e-06 1.53132e-04
1.790e+03 7.63573e-06 1.53289e-04
1.800e+03 7.67751e-06 1.53334e-04
1.810e+03 7.71166e-06 1.53244e-04
1.820e+03 7.74069e-06 1.53069e-04
1.830e+03 7.76318e-06 1.52771e-04
1.840e+03 7.77907e-06 1.52361e-04
1.850e+03 7.78818e-06 1.51838e-04
1.860e+03 7.79129e-06 1.51214e-04
1.870e+03 7.78790e-06 1.50479e-04
1.880e+03 7.77760e-06 1.49628e-04
1.890e+03 7.75964e-06 1.48643e-04
1.900e+03 7.73418e-06 1.47524e-04
1.910e+03 7.70201e-06 1.46292e-04
1.920e+03 7.66228e-06 1.44931e-04
1.930e+03 7.61465e-06 1.43429e-04
1.940e+03 7.56012e-06 1.41809e-04
1.950e+03 7.49945e-06 1.40094e-04
1.960e+03 7.43043e-06 1.38236e-04
1.970e+03 7.35465e-06 1.36263e-04
1.980e+03 7.27329e-06 1.34196e-04
1.990e+03 7.18023e-06 1.32023e-04
2.000e+03 7.10373e-06 1.29709e-04
2.010e+03 7.00254e-06 1.27331e-04
2.020e+03 6.89716e-06 1.24888e-04
2.030e+03 6.77223e-06 1.22369e-04
2.040e+03 6.65686e-06 1.19781e-04
2.050e+03 6.53582e-06 1.17114e-04
2.060e+03 6.41102e-06 1.14384e-04
2.070e+03 6.28391e-06 1.11630e-04
2.080e+03 6.15385e-06 1.08845e-04
2.090e+03 6.02056e-06 1.06030e-04
2.100e+03 5.88461e-06 1.03188e-04
2.110e+03 5.74766e-06 1.00342e-04
2.120e+03 5.60922e-06 9.74897e-05
2.130e+03 5.46879e-06 9.46262e-05
2.140e+03 5.32752e-06 9.17673e-05
2.150e+03 5.18645e-06 8.89319e-05
2.160e+03 5.04553e-06 8.61190e-05
2.170e+03 4.90444e-06 8.33247e-05
2.180e+03 4.76363e-06 8.05562e-05
2.190e+03 4.62371e-06 7.78219e-05
2.200e+03 4.47933e-06 7.51229e-05
2.210e+03 4.34692e-06 7.24621e-05
2.220e+03 4.21048e-06 6.98446e-05
2.230e+03 4.07620e-06 6.72829e-05
2.240e+03 3.94392e-06 6.47741e-05
2.250e+03 3.82210e-06 6.23208e-05
2.260e+03 3.68600e-06 5.99250e-05
2.270e+03 3.56836e-06 5.75885e-05
2.280e+03 3.43840e-06 5.53194e-05
2.290e+03 3.31831e-06 5.31026e-05
2.300e+03 3.20815e-06 5.09553e-05
2.310e+03 3.08721e-06 4.88735e-05
2.320e+03 2.97633e-06 4.68584e-05
2.330e+03 2.86867e-06 4.49118e-05
2.340e+03 2.76990e-06 4.30316e-05
2.350e+03 2.66246e-06 4.12166e-05
2.360e+03 2.56396e-06 3.94642e-05
2.370e+03 2.46870e-06 3.77758e-05
2.380e+03 2.37630e-06 3.61459e-05
2.390e+03 2.28694e-06 3.45801e-05
2.400e+03 2.20020e-06 3.30669e-05
2.410e+03 2.11654e-06 3.16127e-05
2.420e+03 2.03451e-06 3.02173e-05
2.430e+03 1.95848e-06 2.88815e-05
2.440e+03 1.88734e-06 2.75990e-05
2.450e+03 1.81142e-06 2.63697e-05
2.460e+03 1.74204e-06 2.51907e-05
2.470e+03 1.67515e-06 2.40596e-05
2.480e+03 1.61100e-06 2.29792e-05
2.490e+03 1.54900e-06 2.19403e-05
2.500e+03 1.48952e-06 2.09481e-05
2.510e+03 1.43259e-06 2.00018e-05
2.520e+03 1.37801e-06 1.90987e-05
2.530e+03 1.32558e-06 1.82351e-05
2.540e+03 1.27528e-06 1.74110e-05
2.550e+03 1.22679e-06 1.66187e-05
2.560e+03 1.18033e-06 1.58643e-05
2.570e+03 1.13574e-06 1.51404e-05
2.580e+03 1.09457e-06 1.44494e-05
2.590e+03 1.05197e-06 1.37898e-05
2.600e+03 1.01276e-06 1.31620e-05
2.610e+03 9.75274e-07 1.25631e-05
2.620e+03 9.39364e-07 1.19923e-05
2.630e+03 9.04972e-07 1.14477e-05
2.640e+03 8.72040e-07 1.09283e-05
2.650e+03 8.40527e-07 1.04330e-05
2.660e+03 8.10433e-07 9.96090e-06
2.670e+03 7.81333e-07 9.51090e-06
2.680e+03 7.53998e-07 9.08226e-06
2.690e+03 7.27755e-07 8.67432e-06
2.700e+03 7.02739e-07 8.28810e-06
2.710e+03 6.78876e-07 7.92138e-06
2.720e+03 6.56022e-07 7.57248e-06
2.730e+03 6.34327e-07 7.24107e-06
2.740e+03 6.14158e-07 6.92549e-06
2.750e+03 5.93718e-07 6.62516e-06
2.760e+03 5.74728e-07 6.33915e-06
2.770e+03 5.56350e-07 6.06647e-06
2.780e+03 5.39313e-07 5.80764e-06
2.790e+03 5.22869e-07 5.56189e-06
2.800e+03 5.07138e-07 5.32893e-06
2.810e+03 4.92192e-07 5.10783e-06
2.820e+03 4.77977e-07 4.89839e-06
2.830e+03 4.64406e-07 4.69950e-06
2.840e+03 4.51447e-07 4.51033e-06
2.850e+03 4.39077e-07 4.33041e-06
2.860e+03 4.27263e-07 4.15915e-06
2.870e+03 4.15983e-07 3.99630e-06
2.880e+03 4.05225e-07 3.84166e-06
2.890e+03 3.94939e-07 3.69454e-06
2.900e+03 3.85165e-07 3.55512e-06
2.910e+03 3.75829e-07 3.42278e-06
2.920e+03 3.66957e-07 3.29748e-06
2.930e+03 3.63926e-07 3.17862e-06
2.940e+03 3.50424e-07 3.06602e-06
2.950e+03 3.42724e-07 2.95922e-06
2.960e+03 3.35373e-07 2.85771e-06
2.970e+03 3.28361e-07 2.76122e-06
2.980e+03 3.21662e-07 2.66970e-06
2.990e+03 3.15233e-07 2.58235e-06
3.000e+03 3.09082e-07 2.49979e-06
3.010e+03 3.03310e-07 2.42172e-06
3.020e+03 2.97727e-07 2.34774e-06
3.030e+03 2.92462e-07 2.27777e-06
3.040e+03 2.87426e-07 2.21165e-06
3.050e+03 2.82645e-07 2.14951e-06
3.060e+03 2.78100e-07 2.09104e-06
3.070e+03 2.73802e-07 2.03589e-06
3.080e+03 2.69595e-07 1.98390e-06
3.090e+03 2.65709e-07 1.93506e-06
3.100e+03 2.62012e-07 1.88932e-06
3.110e+03 2.58469e-07 1.84647e-06
3.120e+03 2.55111e-07 1.80637e-06
3.130e+03 2.51905e-07 1.76895e-06
3.140e+03 2.48874e-07 1.73412e-06
3.150e+03 2.45962e-07 1.70181e-06
3.160e+03 2.43247e-07 1.67183e-06
3.170e+03 2.40640e-07 1.64397e-06
3.180e+03 2.38135e-07 1.61792e-06
3.190e+03 2.35712e-07 1.59336e-06
3.200e+03 2.33368e-07 1.56996e-06
3.210e+03 2.31088e-07 1.54746e-06
3.220e+03 2.28847e-07 1.52575e-06
3.230e+03 2.26662e-07 1.50473e-06
3.240e+03 2.24486e-07 1.48430e-06
3.250e+03 2.22357e-07 1.46441e-06
3.260e+03 2.20260e-07 1.44500e-06
3.270e+03 2.18190e-07 1.42603e-06
3.280e+03 2.16137e-07 1.40743e-06
3.290e+03 2.14125e-07 1.38920e-06
3.300e+03 2.12233e-07 1.37124e-06
3.310e+03 2.10136e-07 1.35371e-06
3.320e+03 2.08190e-07 1.33642e-06
3.330e+03 2.06258e-07 1.31939e-06
3.340e+03 2.04350e-07 1.30261e-06
3.350e+03 2.02419e-07 1.28608e-06
3.360e+03 2.00559e-07 1.26978e-06
3.370e+03 1.98707e-07 1.25370e-06
3.380e+03 1.96853e-07 1.23785e-06
3.390e+03 1.95028e-07 1.22221e-06
3.400e+03 1.93215e-07 1.20678e-06
3.410e+03 1.91416e-07 1.19147e-06
3.420e+03 1.89633e-07 1.17640e-06
3.430e+03 1.87867e-07 1.16151e-06
3.440e+03 1.86120e-07 1.14680e-06
3.450e+03 1.84369e-07 1.13227e-06
3.460e+03 1.82667e-07 1.11793e-06
3.470e+03 1.80966e-07 1.10375e-06
3.480e+03 1.79268e-07 1.08973e-06
3.490e+03 1.77597e-07 1.07586e-06
3.500e+03 1.75948e-07 1.06218e-06
3.510e+03 1.74299e-07 1.04866e-06
3.520e+03 1.72658e-07 1.03517e-06
3.530e+03 1.71051e-07 1.02203e-06
3.540e+03 1.69422e-07 1.00904e-06
3.550e+03 1.67875e-07 9.96172e-07
3.560e+03 1.66311e-07 9.83341e-07
3.570e+03 1.64740e-07 9.70727e-07
3.580e+03 1.63205e-07 9.58289e-07
3.590e+03 1.61709e-07 9.45970e-07
3.600e+03 1.60163e-07 9.33770e-07
3.610e+03 1.58641e-07 9.21787e-07
3.620e+03 1.57192e-07 9.09903e-07
3.630e+03 1.55734e-07 8.98155e-07
3.640e+03 1.54264e-07 8.86564e-07
3.650e+03 1.52907e-07 8.75082e-07
3.660e+03 1.51392e-07 8.63788e-07
3.670e+03 1.49981e-07 8.52609e-07
3.680e+03 1.48582e-07 8.41566e-07
3.690e+03 1.47206e-07 8.30650e-07
3.700e+03 1.45810e-07 8.19876e-07
3.710e+03 1.44417e-07 8.09228e-07
3.720e+03 1.43167e-07 7.98703e-07
3.730e+03 1.41748e-07 7.88354e-07
3.740e+03 1.40433e-07 7.78111e-07
3.750e+03 1.39131e-07 7.68001e-07
3.760e+03 1.37829e-07 7.57996e-07
3.770e+03 1.36574e-07 7.48131e-07
3.780e+03 1.35304e-07 7.38400e-07
3.790e+03 1.34041e-07 7.28799e-07
3.800e+03 1.32805e-07 7.19309e-07
3.810e+03 1.31620e-07 7.09910e-07
3.820e+03 1.30382e-07 7.01023e-07
3.830e+03 1.29180e-07 6.91584e-07
3.840e+03 1.28007e-07 6.82584e-07
3.850e+03 1.26832e-07 6.73710e-07
3.860e+03 1.25672e-07 6.64789e-07
3.870e+03 1.24533e-07 6.56316e-07
3.880e+03 1.23399e-07 6.47827e-07
3.890e+03 1.22293e-07 6.39465e-07
3.900e+03 1.21172e-07 6.31189e-07
3.910e+03 1.20068e-07 6.23043e-07
3.920e+03 1.18995e-07 6.15017e-07
3.930e+03 1.17922e-07 6.07117e-07
3.940e+03 1.16869e-07 5.99296e-07
3.950e+03 1.15821e-07 5.91671e-07
3.960e+03 1.14788e-07 5.84123e-07
3.970e+03 1.13767e-07 5.76702e-07
3.980e+03 1.12749e-07 5.69392e-07
3.990e+03 1.11760e-07 5.62192e-07
4.000e+03 1.10782e-07 5.55097e-07
