0.000e+00 0.00000e+00 0.00000e+00
5.000e+00 0.00000e+00 0.00000e+00
1.000e+01 0.00000e+00 0.00000e+00
1.500e+01 0.00000e+00 0.00000e+00
2.000e+01 0.00000e+00 0.00000e+00
2.500e+01 0.00000e+00 0.00000e+00
3.000e+01 0.00000e+00 0.00000e+00
3.500e+01 0.00000e+00 0.00000e+00
4.000e+01 2.09700e-03 8.78525e-04
4.500e+01 1.31482e-02 6.69385e-03
5.000e+01 1.94526e-02 1.11098e-02
5.500e+01 2.27974e-02 1.32940e-02
6.000e+01 2.55435e-02 1.49388e-02
6.500e+01 2.82262e-02 1.64975e-02
7.000e+01 3.06558e-02 1.79112e-02
7.500e+01 3.26151e-02 1.90488e-02
8.000e+01 3.40377e-02 1.98594e-02
8.500e+01 3.49095e-02 2.03355e-02
9.000e+01 3.52226e-02 2.04761e-02
9.500e+01 3.49818e-02 2.02878e-02
1.000e+02 3.42251e-02 1.97941e-02
1.050e+02 3.30181e-02 1.90359e-02
1.100e+02 3.14538e-02 1.80681e-02
1.150e+02 2.96297e-02 1.69504e-02
1.200e+02 2.76410e-02 1.57398e-02
1.250e+02 2.55688e-02 1.44862e-02
1.300e+02 2.34793e-02 1.32292e-02
1.350e+02 2.14297e-02 1.20020e-02
1.400e+02 1.94622e-02 1.08294e-02
1.450e+02 1.76088e-02 9.72959e-03
1.500e+02 1.58864e-02 8.71187e-03
1.550e+02 1.43057e-02 7.78197e-03
1.600e+02 1.28638e-02 6.93801e-03
1.650e+02 1.15569e-02 6.17696e-03
1.700e+02 1.03794e-02 5.49456e-03
1.750e+02 9.32692e-03 4.88692e-03
1.800e+02 8.38893e-03 4.34807e-03
1.850e+02 7.55447e-03 3.87095e-03
1.900e+02 6.81639e-03 3.45032e-03
1.950e+02 6.16548e-03 3.08072e-03
2.000e+02 5.59291e-03 2.75656e-03
2.050e+02 5.09257e-03 2.47356e-03
2.100e+02 4.65639e-03 2.22715e-03
2.150e+02 4.27603e-03 2.01251e-03
2.200e+02 3.94602e-03 1.82595e-03
2.250e+02 3.66120e-03 1.66441e-03
2.300e+02 3.41501e-03 1.52437e-03
2.350e+02 3.20251e-03 1.40285e-03
2.400e+02 3.02037e-03 1.29768e-03
2.450e+02 2.86502e-03 1.20690e-03
2.500e+02 2.73262e-03 1.12841e-03
2.550e+02 2.62047e-03 1.06060e-03
2.600e+02 2.52661e-03 1.00224e-03
2.650e+02 2.44916e-03 9.52267e-04
2.700e+02 2.38617e-03 9.09654e-04
2.750e+02 2.33624e-03 8.73536e-04
2.800e+02 2.29818e-03 8.43212e-04
2.850e+02 2.27001e-03 8.17819e-04
2.900e+02 2.24876e-03 7.96138e-04
2.950e+02 2.23212e-03 7.77019e-04
3.000e+02 2.21867e-03 7.59745e-04
3.050e+02 2.20756e-03 7.43853e-04
3.100e+02 2.19825e-03 7.29071e-04
3.150e+02 2.19021e-03 7.15163e-04
3.200e+02 2.18306e-03 7.01945e-04
3.250e+02 2.17649e-03 6.89278e-04
3.300e+02 2.17018e-03 6.77042e-04
3.350e+02 2.16393e-03 6.65142e-04
3.400e+02 2.15759e-03 6.53501e-04
3.450e+02 2.15106e-03 6.42075e-04
3.500e+02 2.14427e-03 6.30836e-04
3.550e+02 2.13718e-03 6.19759e-04
3.600e+02 2.12971e-03 6.08823e-04
3.650e+02 2.12184e-03 5.98019e-04
3.700e+02 2.11353e-03 5.87328e-04
3.750e+02 2.10476e-03 5.76746e-04
3.800e+02 2.09552e-03 5.66266e-04
3.850e+02 2.08582e-03 5.55899e-04
3.900e+02 2.07568e-03 5.45641e-04
3.950e+02 2.06511e-03 5.35488e-04
4.000e+02 2.05411e-03 5.25452e-04
4.050e+02 2.04270e-03 5.15530e-04
4.100e+02 2.03090e-03 5.05717e-04
4.150e+02 2.01870e-03 4.96030e-04
4.200e+02 2.00615e-03 4.86458e-04
4.250e+02 1.99324e-03 4.77016e-04
4.300e+02 1.98000e-03 4.67695e-04
4.350e+02 1.96615e-03 4.58468e-04
4.400e+02 1.95115e-03 4.49290e-04
4.450e+02 1.93448e-03 4.40120e-04
4.500e+02 1.91606e-03 4.30970e-04
4.550e+02 1.89688e-03 4.21917e-04
4.600e+02 1.87727e-03 4.12994e-04
4.650e+02 1.85775e-03 4.04231e-04
4.700e+02 1.83839e-03 3.95641e-04
4.750e+02 1.81923e-03 3.87225e-04
4.800e+02 1.80026e-03 3.78999e-04
4.850e+02 1.78156e-03 3.70938e-04
4.900e+02 1.76310e-03 3.63073e-04
4.950e+02 1.74490e-03 3.55395e-04
5.000e+02 1.72699e-03 3.47906e-04
5.050e+02 1.70935e-03 3.40602e-04
5.100e+02 1.69197e-03 3.33478e-04
5.150e+02 1.67487e-03 3.26531e-04
5.200e+02 1.65801e-03 3.19755e-04
5.250e+02 1.64141e-03 3.13145e-04
5.300e+02 1.62504e-03 3.06696e-04
5.350e+02 1.60891e-03 3.00404e-04
5.400e+02 1.59301e-03 2.94264e-04
5.450e+02 1.57734e-03 2.88271e-04
5.500e+02 1.56187e-03 2.82424e-04
5.550e+02 1.54662e-03 2.76716e-04
5.600e+02 1.53159e-03 2.71144e-04
5.650e+02 1.51675e-03 2.65704e-04
5.700e+02 1.50212e-03 2.60390e-04
5.750e+02 1.48767e-03 2.55206e-04
5.800e+02 1.47341e-03 2.50141e-04
5.850e+02 1.45934e-03 2.45194e-04
5.900e+02 1.44544e-03 2.40362e-04
5.950e+02 1.43173e-03 2.35640e-04
6.000e+02 1.41818e-03 2.31028e-04
6.050e+02 1.40480e-03 2.26522e-04
6.100e+02 1.39157e-03 2.22118e-04
6.150e+02 1.37852e-03 2.17813e-04
6.200e+02 1.36562e-03 2.13607e-04
6.250e+02 1.35287e-03 2.09495e-04
6.300e+02 1.34028e-03 2.05475e-04
6.350e+02 1.32784e-03 2.01546e-04
6.400e+02 1.31554e-03 1.97704e-04
6.450e+02 1.30338e-03 1.93948e-04
6.500e+02 1.29137e-03 1.90275e-04
6.550e+02 1.27950e-03 1.86681e-04
6.600e+02 1.26775e-03 1.83170e-04
6.650e+02 1.25615e-03 1.79734e-04
6.700e+02 1.24468e-03 1.76372e-04
6.750e+02 1.23333e-03 1.73087e-04
6.800e+02 1.22217e-03 1.69855e-04
6.850e+02 1.21108e-03 1.66710e-04
6.900e+02 1.20011e-03 1.63632e-04
6.950e+02 1.18927e-03 1.60620e-04
7.000e+02 1.17854e-03 1.57674e-04
7.050e+02 1.16794e-03 1.54790e-04
7.100e+02 1.15745e-03 1.51968e-04
7.150e+02 1.14707e-03 1.49205e-04
7.200e+02 1.13681e-03 1.46502e-04
7.250e+02 1.12665e-03 1.43855e-04
7.300e+02 1.11661e-03 1.41264e-04
7.350e+02 1.10667e-03 1.38727e-04
7.400e+02 1.09684e-03 1.36243e-04
7.450e+02 1.08711e-03 1.33811e-04
7.500e+02 1.07749e-03 1.31429e-04
7.550e+02 1.06796e-03 1.29096e-04
7.600e+02 1.05854e-03 1.26811e-04
7.650e+02 1.04921e-03 1.24574e-04
7.700e+02 1.03998e-03 1.22382e-04
7.750e+02 1.03085e-03 1.20234e-04
7.800e+02 1.02181e-03 1.18131e-04
7.850e+02 1.01286e-03 1.16069e-04
7.900e+02 1.00400e-03 1.14050e-04
7.950e+02 9.95236e-04 1.12071e-04
8.000e+02 9.86558e-04 1.10133e-04
8.050e+02 9.77962e-04 1.08232e-04
8.100e+02 9.69471e-04 1.06370e-04
8.150e+02 9.61046e-04 1.04545e-04
8.200e+02 9.52728e-04 1.02756e-04
8.250e+02 9.44484e-04 1.01002e-04
8.300e+02 9.36323e-04 9.92836e-05
8.350e+02 9.28243e-04 9.75988e-05
8.400e+02 9.20245e-04 9.59469e-05
8.450e+02 9.12329e-04 9.43276e-05
8.500e+02 9.04491e-04 9.27398e-05
8.550e+02 8.96732e-04 9.11833e-05
8.600e+02 8.89051e-04 8.96568e-05
8.650e+02 8.81448e-04 8.81599e-05
8.700e+02 8.73927e-04 8.66907e-05
8.750e+02 8.66475e-04 8.52513e-05
8.800e+02 8.59091e-04 8.38411e-05
8.850e+02 8.51777e-04 8.24565e-05
8.900e+02 8.44561e-04 8.10971e-05
8.950e+02 8.37395e-04 7.97663e-05
9.000e+02 8.30307e-04 7.84596e-05
9.050e+02 8.23288e-04 7.71778e-05
9.100e+02 8.16344e-04 7.59192e-05
9.150e+02 8.09460e-04 7.46865e-05
9.200e+02 8.02553e-04 7.34947e-05
9.250e+02 7.95807e-04 7.23067e-05
9.300e+02 7.89129e-04 7.11410e-05
9.350e+02 7.82517e-04 6.99972e-05
9.400e+02 7.75977e-04 6.88736e-05
9.450e+02 7.69488e-04 6.77730e-05
9.500e+02 7.63070e-04 6.66919e-05
9.550e+02 7.56711e-04 6.56307e-05
9.600e+02 7.50542e-04 6.45888e-05
9.650e+02 7.44307e-04 6.35665e-05
9.700e+02 7.38139e-04 6.25620e-05
9.750e+02 7.32021e-04 6.15776e-05
9.800e+02 7.25967e-04 6.06104e-05
9.850e+02 7.19972e-04 5.96608e-05
9.900e+02 7.14036e-04 5.87285e-05
9.950e+02 7.08157e-04 5.78131e-05
1.000e+03 7.02335e-04 5.69141e-05
