0.000e+00 0.00000e+00 0.00000e+00
5.000e+00 0.00000e+00 0.00000e+00
1.000e+01 0.00000e+00 0.00000e+00
1.500e+01 0.00000e+00 0.00000e+00
2.000e+01 0.00000e+00 0.00000e+00
2.500e+01 0.00000e+00 0.00000e+00
3.000e+01 0.00000e+00 0.00000e+00
3.500e+01 0.00000e+00 0.00000e+00
4.000e+01 0.00000e+00 0.00000e+00
4.500e+01 0.00000e+00 0.00000e+00
5.000e+01 0.00000e+00 0.00000e+00
5.500e+01 7.04192e-16 1.93971e-15
6.000e+01 1.00253e-11 2.80759e-11
6.500e+01 2.61730e-10 7.87190e-10
7.000e+01 1.51240e-09 4.83816e-09
7.500e+01 4.97584e-09 1.65558e-08
8.000e+01 1.21554e-08 4.15336e-08
8.500e+01 2.41995e-08 8.39175e-08
9.000e+01 4.70965e-08 1.66053e-07
9.500e+01 7.61139e-08 2.70898e-07
1.000e+02 1.31111e-07 4.72426e-07
1.050e+02 2.01654e-07 7.32614e-07
1.100e+02 2.98333e-07 1.09333e-06
1.150e+02 4.52712e-07 1.67194e-06
1.200e+02 6.42200e-07 2.39327e-06
1.250e+02 8.97113e-07 3.35439e-06
1.300e+02 1.22153e-06 4.58267e-06
1.350e+02 1.63443e-06 6.18892e-06
1.400e+02 2.15419e-06 8.17075e-06
1.450e+02 3.00426e-06 1.12989e-05
1.500e+02 4.82410e-06 1.80640e-05
1.550e+02 7.91093e-06 3.00110e-05
1.600e+02 1.24013e-05 4.77739e-05
1.650e+02 1.84613e-05 7.17820e-05
1.700e+02 2.62589e-05 1.03076e-04
1.750e+02 3.60749e-05 1.42326e-04
1.800e+02 4.82680e-05 1.90968e-04
1.850e+02 6.30701e-05 2.50019e-04
1.900e+02 8.08310e-05 3.20725e-04
1.950e+02 1.01756e-04 4.03986e-04
2.000e+02 1.26068e-04 5.00352e-04
2.050e+02 1.53876e-04 6.10423e-04
2.100e+02 1.85311e-04 7.34439e-04
2.150e+02 2.20734e-04 8.73578e-04
2.200e+02 2.60200e-04 1.02815e-03
2.250e+02 3.03820e-04 1.19829e-03
2.300e+02 3.51716e-04 1.38440e-03
2.350e+02 4.03796e-04 1.58598e-03
2.400e+02 4.59990e-04 1.80258e-03
2.450e+02 5.20177e-04 2.03357e-03
2.500e+02 5.83861e-04 2.27704e-03
2.550e+02 6.50375e-04 2.53025e-03
2.600e+02 7.19113e-04 2.79055e-03
2.650e+02 7.89370e-04 3.05511e-03
2.700e+02 8.60377e-04 3.32089e-03
2.750e+02 9.31659e-04 3.58562e-03
2.800e+02 1.00242e-03 3.84665e-03
2.850e+02 1.07210e-03 4.10139e-03
2.900e+02 1.14011e-03 4.34784e-03
2.950e+02 1.20626e-03 4.58489e-03
3.000e+02 1.26972e-03 4.81015e-03
3.050e+02 1.33024e-03 5.02199e-03
3.100e+02 1.38771e-03 5.22054e-03
3.150e+02 1.44170e-03 5.40416e-03
3.200e+02 1.49219e-03 5.57310e-03
3.250e+02 1.53920e-03 5.72719e-03
3.300e+02 1.58286e-03 5.86740e-03
3.350e+02 1.62334e-03 5.99414e-03
3.400e+02 1.66078e-03 6.10848e-03
3.450e+02 1.69526e-03 6.21073e-03
3.500e+02 1.72703e-03 6.30197e-03
3.550e+02 1.75607e-03 6.38249e-03
3.600e+02 1.78232e-03 6.45214e-03
3.650e+02 1.80585e-03 6.51132e-03
3.700e+02 1.82666e-03 6.56008e-03
3.750e+02 1.84519e-03 6.59990e-03
3.800e+02 1.86109e-03 6.63034e-03
3.850e+02 1.87418e-03 6.65060e-03
3.900e+02 1.88429e-03 6.66021e-03
3.950e+02 1.89129e-03 6.65879e-03
4.000e+02 1.89532e-03 6.64682e-03
4.050e+02 1.89625e-03 6.62429e-03
4.100e+02 1.89385e-03 6.59030e-03
4.150e+02 1.88808e-03 6.54495e-03
4.200e+02 1.87871e-03 6.48759e-03
4.250e+02 1.86563e-03 6.41793e-03
4.300e+02 1.84908e-03 6.33716e-03
4.350e+02 1.82878e-03 6.24346e-03
4.400e+02 1.80515e-03 6.13905e-03
4.450e+02 1.77798e-03 6.02376e-03
4.500e+02 1.74741e-03 5.89708e-03
4.550e+02 1.71430e-03 5.76331e-03
4.600e+02 1.67828e-03 5.62090e-03
4.650e+02 1.63957e-03 5.47000e-03
4.700e+02 1.59874e-03 5.31224e-03
4.750e+02 1.55624e-03 5.15106e-03
4.800e+02 1.51198e-03 4.98508e-03
4.850e+02 1.46650e-03 4.81582e-03
4.900e+02 1.42000e-03 4.64429e-03
4.950e+02 1.37250e-03 4.47106e-03
5.000e+02 1.32465e-03 4.29752e-03
5.050e+02 1.27655e-03 4.12453e-03
5.100e+02 1.22827e-03 3.95231e-03
5.150e+02 1.18013e-03 3.78165e-03
5.200e+02 1.13224e-03 3.61310e-03
5.250e+02 1.08487e-03 3.44733e-03
5.300e+02 1.03823e-03 3.28503e-03
5.350e+02 9.92438e-04 3.12664e-03
5.400e+02 9.47617e-04 2.97246e-03
5.450e+02 9.03905e-04 2.82296e-03
5.500e+02 8.61402e-04 2.67816e-03
5.550e+02 8.20194e-04 2.53857e-03
5.600e+02 7.80412e-04 2.40438e-03
5.650e+02 7.42111e-04 2.27578e-03
5.700e+02 7.05240e-04 2.15265e-03
5.750e+02 6.69845e-04 2.03496e-03
5.800e+02 6.35958e-04 1.92275e-03
5.850e+02 6.03447e-04 1.81572e-03
5.900e+02 5.72302e-04 1.71366e-03
5.950e+02 5.42682e-04 1.61674e-03
6.000e+02 5.14459e-04 1.52494e-03
6.050e+02 4.87542e-04 1.43784e-03
6.100e+02 4.61977e-04 1.35540e-03
6.150e+02 4.37704e-04 1.27747e-03
6.200e+02 4.14640e-04 1.20377e-03
6.250e+02 3.92798e-04 1.13422e-03
6.300e+02 3.72174e-04 1.06875e-03
6.350e+02 3.52672e-04 1.00713e-03
6.400e+02 3.34188e-04 9.49026e-04
6.450e+02 3.16692e-04 8.94234e-04
6.500e+02 3.00139e-04 8.42601e-04
6.550e+02 2.84486e-04 7.93969e-04
6.600e+02 2.69641e-04 7.48257e-04
6.650e+02 2.55831e-04 7.05352e-04
6.700e+02 2.42725e-04 6.65068e-04
6.750e+02 2.30371e-04 6.27235e-04
6.800e+02 2.18733e-04 5.91717e-04
6.850e+02 2.07768e-04 5.58381e-04
6.900e+02 1.97464e-04 5.27139e-04
6.950e+02 1.87818e-04 4.97947e-04
7.000e+02 1.78759e-04 4.70694e-04
7.050e+02 1.70265e-04 4.45189e-04
7.100e+02 1.62299e-04 4.21329e-04
7.150e+02 1.54820e-04 3.98984e-04
7.200e+02 1.47776e-04 3.78053e-04
7.250e+02 1.41177e-04 3.58461e-04
7.300e+02 1.35000e-04 3.40177e-04
7.350e+02 1.29226e-04 3.23123e-04
7.400e+02 1.23828e-04 3.07218e-04
7.450e+02 1.18765e-04 2.92358e-04
7.500e+02 1.14010e-04 2.78452e-04
7.550e+02 1.09547e-04 2.65428e-04
7.600e+02 1.05362e-04 2.53239e-04
7.650e+02 1.01444e-04 2.41845e-04
7.700e+02 9.77798e-05 2.31210e-04
7.750e+02 9.43589e-05 2.21300e-04
7.800e+02 9.11619e-05 2.12055e-04
7.850e+02 8.81670e-05 2.03422e-04
7.900e+02 8.53686e-05 1.95354e-04
7.950e+02 8.27464e-05 1.87802e-04
8.000e+02 8.02862e-05 1.80740e-04
8.050e+02 7.79928e-05 1.74156e-04
8.100e+02 7.58564e-05 1.68020e-04
8.150e+02 7.38664e-05 1.62309e-04
8.200e+02 7.20224e-05 1.57009e-04
8.250e+02 7.03142e-05 1.52093e-04
8.300e+02 6.87303e-05 1.47534e-04
8.350e+02 6.72680e-05 1.43313e-04
8.400e+02 6.59204e-05 1.39419e-04
8.450e+02 6.46827e-05 1.35833e-04
8.500e+02 6.35517e-05 1.32538e-04
8.550e+02 6.25209e-05 1.29521e-04
8.600e+02 6.15839e-05 1.26763e-04
8.650e+02 6.07235e-05 1.24234e-04
8.700e+02 5.99272e-05 1.21889e-04
8.750e+02 5.91748e-05 1.19689e-04
8.800e+02 5.84572e-05 1.17602e-04
8.850e+02 5.77664e-05 1.15607e-04
8.900e+02 5.71009e-05 1.13687e-04
8.950e+02 5.64129e-05 1.11834e-04
9.000e+02 5.57853e-05 1.10039e-04
9.050e+02 5.51725e-05 1.08296e-04
9.100e+02 5.45722e-05 1.06601e-04
9.150e+02 5.39840e-05 1.04947e-04
9.200e+02 5.34045e-05 1.03330e-04
9.250e+02 5.28359e-05 1.01748e-04
9.300e+02 5.22765e-05 1.00198e-04
9.350e+02 5.17233e-05 9.86765e-05
9.400e+02 5.11776e-05 9.71832e-05
9.450e+02 5.06381e-05 9.57168e-05
9.500e+02 5.01064e-05 9.42733e-05
9.550e+02 4.95785e-05 9.28543e-05
9.600e+02 4.90535e-05 9.14589e-05
9.650e+02 4.85354e-05 9.00796e-05
9.700e+02 4.80257e-05 8.87263e-05
9.750e+02 4.75191e-05 8.73916e-05
9.800e+02 4.70166e-05 8.60769e-05
9.850e+02 4.65201e-05 8.47800e-05
9.900e+02 4.60293e-05 8.35022e-05
9.950e+02 4.55396e-05 8.22436e-05
1.000e+03 4.50569e-05 8.10015e-05
