168 0.4572056177728475 -0.0005029985912432776
169 0.45244820218619497 0.004497001408756722
170 0.44769607369284437 0.009497001408756721
171 0.4429494024586302 0.014497001408756722
172 0.4382083658226145 0.019497001408756723
173 0.4334731486671293 0.02449700140875672
174 0.4287439438101301 0.029497001408756725
256 0.5182807466670016 0.010388417735682987
257 0.5135346743958978 0.015388417735682988
258 0.5087934662002814 0.020388417735682986
259 0.5040572593359737 0.02538841773568299
260 0.49932619611881884 0.030388417735682988
261 0.4946004241523507 0.03538841773568299
262 0.4898800965673962 0.04038841773568299
263 0.48516537227431794 0.04538841773568299
264 0.48045641622864566 0.05038841773568299
265 0.4757533997108898 0.05538841773568298
266 0.47105650062138604 0.06038841773568299
267 0.46636590379107035 0.06538841773568299
268 0.4616818013091463 0.070388417735683
269 0.4570043928686618 0.07538841773568299
270 0.45233388613108594 0.08038841773568299
271 0.44767049711104073 0.085388417735683
272 0.4430144505824189 0.09038841773568299
273 0.4383659805071997 0.09538841773568299
274 0.4337253304883572 0.100388417735683
337 0.4510198926895036 -0.0007113862290291494
338 0.44754442786520254 0.00428861377097085
339 0.44409805924450013 0.00928861377097085
340 0.4406814694723068 0.014288613770970848
341 0.43729535653584495 0.01928861377097085
342 0.4339404338839052 0.02428861377097085
343 0.4306174305237678 0.029288613770970848
380 0.5874504012148072 0.014250281392830282
381 0.5827076818705229 0.019250281392830283
382 0.5779692994739418 0.02425028139283028
383 0.5732353615731322 0.029250281392830285
384 0.5685059791957865 0.03425028139283028
385 0.5637812669864445 0.03925028139283029
386 0.559061343350013 0.044250281392830285
387 0.5543463306019095 0.04925028139283029
388 0.5496363551251701 0.05425028139283028
389 0.5449315475348832 0.059250281392830284
390 0.5402320428503322 0.06425028139283029
391 0.5355379806752493 0.06925028139283028
392 0.5308495053866059 0.07425028139283028
393 0.5261667663323907 0.07925028139283029
394 0.5214899180388488 0.08425028139283028
395 0.5168191204276847 0.08925028139283028
396 0.51215453904376 0.09425028139283029
397 0.5074963452938421 0.09925028139283028
398 0.502844716697001 0.10425028139283028
399 0.4981998371472714 0.10925028139283027
400 0.4935618971892464 0.11425028139283028
401 0.48893109430729476 0.11925028139283028
402 0.484307633229138 0.12425028139283029
403 0.4796917262445641 0.1292502813928303
404 0.47508359354009505 0.1342502813928303
405 0.47048346355047466 0.13925028139283027
406 0.46589157332788417 0.14425028139283028
407 0.4613081689298509 0.14925028139283028
408 0.4567335058268578 0.15425028139283029
409 0.45216784933072457 0.1592502813928303
410 0.44761147504488014 0.1642502813928303
411 0.44306466933770955 0.16925028139283027
412 0.43852772984021704 0.17425028139283028
413 0.4340009659693108 0.17925028139283028
414 0.4294846994780785 0.18425028139283028
419 0.5062580366921546 -0.001138593009247622
420 0.5027855119501108 0.003861406990752379
421 0.49933890529226255 0.008861406990752378
422 0.49591875710645916 0.01386140699075238
423 0.49252561858400357 0.018861406990752377
424 0.4891600517960307 0.023861406990752378
425 0.4858226297576468 0.028861406990752375
426 0.48251393647870483 0.03386140699075238
427 0.47923456700003997 0.03886140699075238
428 0.47598512741393073 0.04386140699075238
429 0.472766234867504 0.04886140699075238
430 0.4695785175477431 0.053861406990752383
431 0.46642261464671303 0.058861406990752374
432 0.46329917630556633 0.06386140699075238
433 0.46020886353584756 0.06886140699075238
434 0.45715234811657307 0.07386140699075237
435 0.4541303124655263 0.07886140699075238
436 0.4511434494831734 0.08386140699075238
437 0.4481924623675824 0.08886140699075237
438 0.4452780643987046 0.09386140699075238
439 0.44240097869036976 0.09886140699075238
440 0.439561937908342 0.10386140699075237
441 0.43676168395279047 0.10886140699075238
442 0.4340009676035496 0.11386140699075237
443 0.4312805481265732 0.11886140699075237
444 0.4286011928400311 0.12386140699075238
479 0.6070599130234228 0.07016493923491417
480 0.6023656246880049 0.07516493923491417
481 0.5976762950055284 0.08016493923491416
482 0.592992041613798 0.08516493923491417
483 0.5883129857678354 0.09016493923491417
484 0.5836392524743603 0.09516493923491416
485 0.5789709706320302 0.10016493923491417
486 0.5743082731777073 0.10516493923491416
487 0.5696512972390434 0.11016493923491416
488 0.5650001842936778 0.11516493923491417
489 0.5603550803353663 0.12016493923491417
490 0.5557161360473706 0.12516493923491417
491 0.5510835069834559 0.13016493923491418
492 0.5464573537568596 0.13516493923491416
493 0.5418378422376149 0.14016493923491416
494 0.5372251437586288 0.14516493923491416
495 0.5326194353309353 0.15016493923491417
496 0.528020899868565 0.15516493923491417
497 0.5234297264234943 0.16016493923491418
498 0.5188461104311557 0.16516493923491415
499 0.5142702539670208 0.17016493923491416
500 0.509702366014784 0.17516493923491416
501 0.5051426627467074 0.18016493923491417
502 0.500591367816704 0.18516493923491417
503 0.49604871266677386 0.19016493923491418
504 0.49151493684742537 0.19516493923491418
505 0.4869902883527488 0.20016493923491416
506 0.4824750239708355 0.20516493923491416
507 0.47796940965026546 0.21016493923491417
508 0.4734737208834173 0.21516493923491417
509 0.4689882431073865 0.22016493923491418
510 0.4645132721233248 0.22516493923491418
511 0.4600491145350493 0.23016493923491416
512 0.45559608820779823 0.23516493923491416
513 0.45115452274804113 0.24016493923491417
582 0.6082180114829523 0.14528798108551402
583 0.6035953719906267 0.15028798108551403
584 0.5989787948539828 0.15528798108551403
585 0.5943684213355854 0.16028798108551404
586 0.5897643969223494 0.16528798108551404
587 0.5851668714763414 0.17028798108551405
588 0.5805759993916693 0.17528798108551402
589 0.5759919397577209 0.18028798108551403
590 0.571414856529027 0.18528798108551403
591 0.5668449187020335 0.19028798108551404
592 0.5622823004990832 0.19528798108551404
593 0.5577271815599163 0.20028798108551404
594 0.5531797471410124 0.20528798108551402
595 0.5486401883231129 0.21028798108551403
596 0.544108702227273 0.21528798108551403
597 0.539585492239806 0.22028798108551403
598 0.5350707682465005 0.22528798108551404
599 0.5305647468765021 0.23028798108551402
600 0.5260676517562672 0.23528798108551402
601 0.5215797137740115 0.24028798108551402
602 0.5171011713550899 0.24528798108551403
603 0.5126322707487626 0.25028798108551403
604 0.5081732663268101 0.25528798108551404
605 0.5037244208944862 0.26028798108551404
606 0.49928600601430045 0.26528798108551405
607 0.494858302343144 0.27028798108551405
608 0.49044159998328546 0.27528798108551406
639 0.5544587823316359 0.009146715895841463
640 0.5510404818307095 0.014146715895841464
641 0.5476464954035227 0.019146715895841465
642 0.5442772779009801 0.024146715895841463
643 0.540933292145012 0.02914671589584146
644 0.5376150089630878 0.034146715895841465
645 0.5343229072142809 0.03914671589584146
646 0.5310574738062361 0.04414671589584147
647 0.5278192037023675 0.049146715895841464
648 0.5246085999185882 0.05414671589584147
649 0.5214261735088501 0.05914671589584146
650 0.5182724435387449 0.06414671589584146
651 0.5151479370463999 0.06914671589584147
652 0.5089887421802587 0.07914671589584146
653 0.5029529623029594 0.08914671589584146
654 0.49998275330341363 0.09414671589584146
655 0.4970450934396217 0.09914671589584147
656 0.49414056322461763 0.10414671589584146
657 0.4912697502752255 0.10914671589584146
658 0.4884332491211287 0.11414671589584147
659 0.48563166099273497 0.11914671589584147
660 0.48286559358697606 0.12414671589584148
661 0.48013566081019526 0.12914671589584145
662 0.4774424824972983 0.13414671589584146
663 0.47478668410637115 0.13914671589584146
664 0.4721688963880014 0.14414671589584147
665 0.46958975502858163 0.14914671589584147
666 0.46704990026692367 0.15414671589584147
667 0.46454997648356794 0.15914671589584145
668 0.4620906317622373 0.16414671589584146
669 0.45967251742296245 0.16914671589584146
670 0.45729628752648305 0.17414671589584146
671 0.4549625983496269 0.17914671589584147
672 0.45267210783146783 0.18414671589584147
673 0.45042547499017427 0.18914671589584148
674 0.44822335931058327 0.19414671589584145
675 0.4460664201026618 0.19914671589584146
676 0.44395531583115927 0.20414671589584146
677 0.44189070341690206 0.20914671589584147
678 0.43987323751033613 0.21414671589584147
679 0.4379035697380928 0.21914671589584148
680 0.43598234792351953 0.22414671589584145
681 0.4341102152823001 0.22914671589584146
682 0.43228780959447033 0.23414671589584146
683 0.4305157623543244 0.23914671589584147
684 0.4287946978998985 0.24414671589584147
746 0.4391909001314647 -0.0009927180207053368
747 0.43677703970567894 0.004007281979294664
748 0.43440731815869116 0.009007281979294665
749 0.4320824617195153 0.014007281979294663
750 0.4298031984308242 0.019007281979294664
817 0.6041890545639382 0.2280981562746418
818 0.5951307623536373 0.23809815627464181
819 0.5861030924200772 0.24809815627464182
820 0.5771074818343058 0.2580981562746418
821 0.5681454534130231 0.2680981562746418
822 0.5592186217202049 0.2780981562746418
823 0.5503286995272931 0.2880981562746418
824 0.5414775047665025 0.2980981562746418
825 0.5326669680137053 0.3080981562746418
833 0.6081096024826921 0.0921851098872819
834 0.6020709520104238 0.1021851098872819
835 0.5961388880771143 0.11218510988728189
836 0.5903166239408293 0.1221851098872819
837 0.584607440188695 0.1321851098872819
838 0.5790146818061342 0.1421851098872819
839 0.5735417546876069 0.1521851098872819
840 0.5681921215515217 0.1621851098872819
841 0.5629692972234804 0.1721851098872819
842 0.5578768432542971 0.1821851098872819
843 0.5529183618423789 0.1921851098872819
844 0.5480974890341499 0.2021851098872819
845 0.5434178871813296 0.2121851098872819
846 0.5388832366400912 0.2221851098872819
847 0.5344972267044803 0.23218510988728192
848 0.5302635457749861 0.24218510988728192
849 0.5261858707728108 0.2521851098872819
850 0.5222678558211498 0.2621851098872819
851 0.5185131202265778 0.2721851098872819
852 0.5149252358063078 0.2821851098872819
853 0.5115077136204906 0.2921851098872819
854 0.5082639901826039 0.3021851098872819
855 0.505197413235086 0.3121851098872819
856 0.5023112271913724 0.3221851098872819
857 0.49960855835902446 0.3321851098872819
858 0.4970924000713176 0.3421851098872819
859 0.4947655978660431 0.3521851098872819
882 0.6026996966451967 0.30720440389508336
883 0.5938330094985192 0.31720440389508336
884 0.5850028735005707 0.3272044038950834
885 0.5762109690363253 0.3372044038950834
946 0.4768618568259624 0.0022106673673147007
947 0.4744794686298604 0.0072106673673147
948 0.4721380113981978 0.012210667367314701
949 0.4698380970747421 0.017210667367314702
950 0.46758033867837606 0.022210667367314703
951 0.465365349778381 0.0272106673673147
952 0.4631937439453656 0.0322106673673147
953 0.46106613417805364 0.0372106673673147
954 0.4589831323062592 0.0422106673673147
955 0.4569453483704972 0.0472106673673147
956 0.45495338997880336 0.0522106673673147
957 0.4530078616414677 0.0572106673673147
958 0.4511093640845258 0.062210667367314704
959 0.44925849354298836 0.0672106673673147
960 0.44745584103493985 0.0722106673673147
961 0.44570199161777974 0.0772106673673147
962 0.4439975236280327 0.0822106673673147
963 0.4423430079063029 0.0872106673673147
964 0.4407390070090978 0.0922106673673147
965 0.43918607440939617 0.09721066736731471
966 0.43768475368797766 0.1022106673673147
967 0.43623557771767735 0.1072106673673147
968 0.43483906784285814 0.1122106673673147
969 0.43349573305652717 0.1172106673673147
970 0.4322060691776388 0.1222106673673147
971 0.4309705580312371 0.1272106673673147
972 0.4297896666341875 0.1322106673673147
973 0.4286638463893311 0.1372106673673147
1011 0.4290420120693986 0.3272106673673147
1012 0.430186684796645 0.3322106673673147
1013 0.5163356148227023 -0.0004753442622950962
1014 0.5115755451992189 0.009524655737704904
1015 0.5069680559536449 0.019524655737704906
1016 0.5025173440479027 0.029524655737704908
1017 0.49822761101779406 0.0395246557377049
1018 0.4941030496688301 0.049524655737704905
1019 0.49014782974484183 0.05952465573770491
1020 0.48636608261176956 0.0695246557377049
1021 0.48276188501854483 0.07952465573770491
1022 0.47933924201779976 0.0895246557377049
1023 0.47610206915086906 0.0995246557377049
1024 0.4730541740237359 0.10952465573770491
1025 0.4701992374226261 0.1195246557377049
1026 0.4675407941392486 0.1295246557377049
1027 0.465082213695492 0.1395246557377049
1028 0.4628266811749723 0.1495246557377049
1029 0.4607771783834129 0.1595246557377049
1030 0.4589364655706927 0.1695246557377049
1031 0.4573070639538162 0.1795246557377049
1032 0.4558912392814758 0.1895246557377049
1033 0.4546909866768198 0.1995246557377049
1034 0.4537080169852413 0.2095246557377049
1035 0.4529437448383851 0.2195246557377049
1036 0.45239927862427043 0.2295246557377049
1037 0.4520754125268265 0.23952465573770493
1038 0.45197262076683414 0.24952465573770488
1039 0.4520910541410663 0.2595246557377049
1040 0.45243053891831914 0.2695246557377049
1041 0.4529905781111355 0.2795246557377049
1042 0.4537703551015655 0.2895246557377049
1043 0.4547687395595051 0.2995246557377049
1044 0.4559842955542231 0.3095246557377049
1045 0.45741529172473144 0.3195246557377049
1046 0.4590597133436578 0.3295246557377049
1047 0.4609152760830361 0.3395246557377049
1048 0.46297944126952495 0.3495246557377049
1049 0.46524943240135347 0.3595246557377049
1066 0.6074776747371454 0.18874574901900432
1067 0.6024294713301543 0.19874574901900433
1125 0.43022295270523686 0.3771927307608976
1126 0.5567481216287075 -0.0011847617385232871
1127 0.5519869040553717 0.008815238261476711
1128 0.5473669825265076 0.018815238261476713
1129 0.542891964272556 0.028815238261476715
1130 0.5385654613723891 0.03881523826147671
1131 0.5343910810397143 0.04881523826147671
1132 0.5303724152011815 0.05881523826147671
1133 0.5265130293904174 0.06881523826147672
1134 0.522816450993477 0.07881523826147671
1135 0.5192861568932441 0.0888152382614767
1136 0.5159255605729327 0.09881523826147671
1137 0.5127379987518333 0.10881523826147671
1138 0.5097267176395358 0.11881523826147672
1139 0.5068948589077574 0.1288152382614767
1140 0.5042454454912363 0.1388152382614767
1141 0.5017813673405933 0.14881523826147672
1142 0.49950536726018824 0.1588152382614767
1143 0.49742002697245274 0.1688152382614767
1144 0.49552775355656487 0.17881523826147672
1145 0.4938307664133087 0.18881523826147673
1146 0.4923310849092264 0.1988152382614767
1147 0.4910305168514845 0.20881523826147672
1148 0.4899306479400693 0.21881523826147672
1149 0.4890328323359448 0.2288152382614767
1150 0.48833818447266275 0.23881523826147671
1151 0.48784757222476416 0.24881523826147672
1152 0.4875616115293908 0.25881523826147673
1153 0.48748066253819405 0.2688152382614767
1154 0.48760482735532545 0.2788152382614767
1155 0.48793394939454343 0.2888152382614767
1156 0.48846761436485936 0.2988152382614767
1157 0.4892051528702831 0.3088152382614767
1158 0.4901456445857468 0.31881523826147673
1159 0.4912879239487953 0.32881523826147674
1160 0.49263058728570375 0.3388152382614767
1161 0.49417200127182187 0.3488152382614767
1162 0.4959103126095863 0.3588152382614767
1163 0.49784345879410496 0.3688152382614767
1164 0.49996917982573463 0.3788152382614767
1165 0.5022850307217585 0.38881523826147674
1166 0.5047883946751331 0.3988152382614767
1167 0.5074764967072249 0.4088152382614767
1168 0.5103464176633145 0.4188152382614767
1169 0.5133951084041591 0.4288152382614767
1231 0.42897367770482164 0.3360011325855743
1232 0.43426855414375537 0.34600113258557424
1233 0.43972711773623363 0.35600113258557425
1234 0.4453433495934604 0.36600113258557426
1235 0.4511113609538455 0.37600113258557427
1236 0.4570254051320761 0.3860011325855743
1237 0.46307988715841025 0.3960011325855743
1238 0.4692693713051743 0.40600113258557424
1239 0.4755885867003761 0.41600113258557425
1240 0.4820324312265398 0.42600113258557426
1241 0.488595973897326 0.43600113258557427
1242 0.6050151183875184 0.02076949860724233
1243 0.6005533821310167 0.030769498607242332
1244 0.5962259941503248 0.040769498607242334
1245 0.5920359004419269 0.050769498607242336
1246 0.587986036163805 0.06076949860724233
1247 0.5840793182737799 0.07076949860724233
1248 0.5803186377729941 0.08076949860724233
1249 0.5767068515790701 0.09076949860724233
1250 0.5732467740596399 0.10076949860724232
1251 0.56994116826329 0.11076949860724233
1252 0.5667927368914177 0.12076949860724234
1253 0.563804113060914 0.13076949860724232
1254 0.56097785091387 0.14076949860724233
1255 0.558316416136481 0.15076949860724234
1256 0.5558221764548661 0.16076949860724232
1257 0.553497392180455 0.17076949860724233
1258 0.551344206881785 0.18076949860724234
1259 0.549364638262825 0.19076949860724232
1260 0.5475605693301744 0.20076949860724233
1261 0.545933739932535 0.21076949860724234
1262 0.5444857387556307 0.22076949860724232
1263 0.5432179958541552 0.23076949860724233
1264 0.5421317757993394 0.24076949860724234
1265 0.5412281715163072 0.25076949860724235
1266 0.540508098879587 0.26076949860724236
1267 0.5399722921279994 0.2707694986072423
1268 0.5396213001517874 0.2807694986072423
1269 0.5394554836954071 0.2907694986072423
1270 0.5394750135090464 0.30076949860724234
1271 0.5396798694708983 0.31076949860724234
1272 0.5400698406906888 0.32076949860724235
1273 0.5406445265932192 0.3307694986072423
1274 0.541403338968967 0.3407694986072423
1275 0.5423455049673467 0.3507694986072423
1276 0.5434700709973148 0.36076949860724233
1277 0.5447759074898287 0.37076949860724234
1278 0.5462617144674397 0.38076949860724235
1279 0.5479260278581833 0.3907694986072423
1280 0.5497672264840701 0.4007694986072423
1281 0.5517835396489522 0.4107694986072423
1282 0.5539730552464325 0.42076949860724233
1283 0.5563337283057779 0.43076949860724234
1284 0.5588633898925096 0.44076949860724235
1285 0.5615597562803867 0.45076949860724236
1286 0.5644204383128125 0.4607694986072423
1287 0.567442950874154 0.4707694986072423
1288 0.5706247223949447 0.48076949860724233
1316 0.42923824705200037 0.27469034584283225
1317 0.4328822635313575 0.28469034584283226
1318 0.4367248967345338 0.29469034584283227
1319 0.44076095196324594 0.3046903458428323
1320 0.4449851661834407 0.3146903458428323
1321 0.4493922334342928 0.3246903458428323
1322 0.4539768285042965 0.3346903458428323
1323 0.45873362877227236 0.34469034584283226
1324 0.4636573341535046 0.35469034584283227
1325 0.4687426851291571 0.3646903458428323
1326 0.47398447887019435 0.3746903458428323
1327 0.47937758349510595 0.3846903458428323
1328 0.4849169505238653 0.3946903458428323
1329 0.49059762560893255 0.40469034584283226
1330 0.49641475763808623 0.41469034584283226
1331 0.5023636063138307 0.4246903458428323
1332 0.5084395483205404 0.4346903458428323
1333 0.5146380821938391 0.4446903458428323
1334 0.5209548320074497 0.4546903458428323
1335 0.5273855499913396 0.46469034584283225
1336 0.5339261181918574 0.47469034584283226
1337 0.540572549280097 0.48469034584283227
1338 0.547320986609266 0.4946903458428322
1354 0.6086686937272389 0.1774270706719917
1355 0.6063816043014196 0.18742707067199169
1356 0.6042513726477612 0.1974270706719917
1357 0.6022796631617605 0.2074270706719917
1358 0.6004680374256267 0.21742707067199168
1359 0.5988179483627089 0.2274270706719917
1360 0.5973307346795944 0.2374270706719917
1361 0.5960076156429581 0.2474270706719917
1362 0.5948496862367367 0.2574270706719917
1363 0.5938579127430098 0.2674270706719917
1364 0.5930331287871061 0.2774270706719917
1365 0.5923760318839415 0.2874270706719917
1366 0.5918871805184706 0.2974270706719917
1367 0.5915669917884573 0.3074270706719917
1368 0.591415739632608 0.3174270706719917
1369 0.591433553661546 0.32742707067199167
1370 0.5916204186032332 0.3374270706719917
1371 0.5919761743683651 0.3474270706719917
1372 0.5925005167350871 0.3574270706719917
1373 0.5931929986462123 0.3674270706719917
1374 0.5940530321060784 0.3774270706719917
1375 0.5950798906583599 0.38742707067199167
1376 0.5962727124206721 0.3974270706719917
1377 0.5976305036467312 0.4074270706719917
1378 0.5991521427822701 0.4174270706719917
1379 0.6008363849769136 0.4274270706719917
1380 0.6026818670108351 0.4374270706719917
1381 0.6046871125922945 0.4474270706719917
1382 0.6068505379801078 0.4574270706719917
1481 0.6001953205048033 0.05622497578226042
1482 0.5981728161013179 0.06622497578226043
1483 0.5963111713604724 0.07622497578226042
1484 0.5946118971699239 0.08622497578226042
1485 0.5930763891968165 0.09622497578226043
1486 0.5917059223883527 0.10622497578226042
1487 0.5905016458539035 0.11622497578226043
1488 0.5894645781748776 0.1262249757822604
1489 0.588595603185756 0.13622497578226042
1490 0.5878954662661735 0.14622497578226043
1491 0.5873647711797492 0.1562249757822604
1492 0.587003977490576 0.16622497578226042
1493 0.5868133985829517 0.17622497578226043
1494 0.5867932003041546 0.18622497578226044
1495 0.5869434002439327 0.19622497578226042
1496 0.5872638676579949 0.20622497578226043
1497 0.58775432403628 0.21622497578226044
1498 0.5884143443102505 0.22622497578226042
1499 0.5892433586870365 0.23622497578226043
1500 0.5902406550920539 0.24622497578226044
1501 0.5914053821958459 0.25622497578226044
1502 0.5927365529954536 0.2662249757822604
1503 0.5942330489157008 0.2762249757822604
1504 0.5958936243914406 0.2862249757822604
1505 0.5977169118881319 0.2962249757822604
1506 0.5997014273151284 0.30622497578226043
1507 0.6018455757837885 0.31622497578226044
1508 0.6041476576609707 0.32622497578226045
1509 0.6066058748676566 0.3362249757822604
1765 0.43540929879662466 0.36673175166253646
1766 0.44330187111422925 0.3767317516625365
1767 0.4512780078711847 0.3867317516625365
1768 0.4593333559006938 0.3967317516625365
1769 0.4674638203089109 0.40673175166253644
1770 0.475665549259782 0.41673175166253645
1771 0.4839349193924927 0.42673175166253646
1772 0.49226852190875137 0.43673175166253647
1773 0.5006631493499748 0.4467317516625365
1774 0.5091157830708488 0.4567317516625365
1775 0.5176235814051093 0.46673175166253644
1776 0.526183868511246 0.47673175166253645
1777 0.5347941238797118 0.48673175166253646
1778 0.5434519724787802 0.49673175166253647
1779 0.5521551755130846 0.5067317516625365
1780 0.56090162176686 0.5167317516625365
1833 0.43046663525732387 0.32565046409077375
1834 0.4374358583681968 0.33565046409077376
1835 0.4445207940050502 0.3456504640907737
1836 0.4517159975243732 0.3556504640907737
1837 0.4590162835194397 0.36565046409077373
1838 0.46641671780989785 0.37565046409077374
1839 0.47391260878891694 0.38565046409077375
1840 0.48149949832339006 0.39565046409077376
1841 0.48917315237269043 0.4056504640907737
1842 0.496929551464586 0.4156504640907737
1843 0.5047648811430465 0.42565046409077373
1869 0.4306110733067793 0.2844263248181384
1870 0.436452161917749 0.2944263248181384
1871 0.4424421802122143 0.3044263248181384
1872 0.448575162062277 0.3144263248181384
1873 0.45484532448675186 0.32442632481813843
1874 0.46124707304840334 0.33442632481813844
1875 0.4677750053006035 0.3444263248181384
1876 0.47442391252153404 0.3544263248181384
1877 0.48118877996115067 0.3644263248181384
1878 0.4880647858110245 0.3744263248181384
1879 0.49504729909072503 0.38442632481813843
1880 0.5021318766273283 0.39442632481813844
1881 0.5093142592874687 0.4044263248181384
1882 0.5165903676045492 0.4144263248181384
1910 0.43234513084803616 0.2947385871967642
1911 0.4385269709845426 0.3047385871967642
1912 0.4448477227026684 0.31473858719676423
1913 0.45130154941748485 0.32473858719676424
1914 0.4578828241149637 0.33473858719676425
1915 0.46458613058545684 0.3447385871967642
1916 0.47140626305262373 0.3547385871967642
1917 0.4783382244375958 0.3647385871967642
1918 0.4853772234777649 0.37473858719676423
1919 0.492518670898735 0.38473858719676424
1920 0.49975817481730983 0.39473858719676425
1921 0.5070915355333798 0.4047385871967642
1922 0.5145147398495726 0.4147385871967642
1923 0.5220239550397527 0.4247385871967642
1924 0.529615522571061 0.4347385871967642
1925 0.5372859516692116 0.44473858719676423
1926 0.5450319128032438 0.45473858719676424
1927 0.5528502311538226 0.4647385871967642
1928 0.560737880118427 0.4747385871967642
1929 0.5686919748972898 0.4847385871967642
1930 0.5767097661956593 0.4947385871967642
1931 0.5847886340707421 0.5047385871967642
1932 0.5929260819454619 0.5147385871967642
1933 0.6011197308058263 0.5247385871967643
1958 0.4285247981916915 0.2232583580780985
1959 0.4329142131843381 0.23325835807809847
1960 0.4374882047424812 0.24325835807809848
1961 0.4422410458116521 0.2532583580780985
1962 0.4471670335706428 0.2632583580780985
1963 0.4522605103523333 0.2732583580780985
1964 0.45751588227725776 0.28325835807809846
1965 0.4629276356491608 0.29325835807809847
1966 0.4684903511914699 0.3032583580780985
1967 0.47419871622695414 0.3132583580780985
1968 0.4800475349203202 0.3232583580780985
1969 0.48603173671568056 0.3332583580780985
1970 0.4921463831083646 0.34325835807809846
1971 0.4983866728940792 0.35325835807809847
1972 0.5047479460386287 0.3632583580780985
1973 0.5112256863088934 0.3732583580780985
1974 0.517815522801107 0.3832583580780985
1975 0.5245132304962081 0.3932583580780985
1976 0.5313147299645973 0.40325835807809846
1977 0.5382160863344179 0.41325835807809846
1978 0.5452135076288207 0.4232583580780985
1979 0.552303342568834 0.4332583580780985
1980 0.5594820779296611 0.4432583580780985
1981 0.5667463355296406 0.4532583580780985
1982 0.574092868922843 0.46325835807809845
1983 0.5815185598584496 0.47325835807809846
1984 0.5890204145627126 0.48325835807809847
1985 0.5965955598924739 0.4932583580780985
1986 0.6042412394029384 0.5032583580780985
1994 0.538013388761787 -0.012823186988932367
1995 0.5358048476700722 0.005176813011067632
1996 0.5341940313093707 0.02317681301106763
1997 0.5331863570894931 0.04117681301106763
1998 0.5327807857860755 0.06017681301106763
1999 0.5330213823127883 0.07817681301106763
2000 0.5338691059636652 0.09617681301106763
2001 0.5353210724436792 0.11417681301106763
2002 0.5373723838289967 0.13217681301106762
2003 0.5401802969551204 0.15117681301106764
2004 0.5434401360944273 0.16917681301106763
2005 0.5472728842343071 0.18717681301106764
2006 0.5516666005097144 0.20517681301106763
2007 0.5566080006770945 0.22317681301106762
2008 0.5646829755276919 0.24917681301106764
2009 0.5701848815229176 0.26517681301106766
2010 0.5756991309417995 0.2801768130110676
2011 0.5819496762037408 0.29617681301106763
2012 0.5881446385741168 0.31117681301106764
2013 0.5950983550220704 0.32717681301106766
2014 0.6019308451971985 0.3421768130110676
2025 0.6047421238359991 -0.016173006381534627
2026 0.6021887959427759 0.0018269936184653716
2027 0.6001646903778539 0.01982699361846537
2028 0.5986751750270596 0.03782699361846537
2029 0.5976872675486374 0.05682699361846537
2030 0.5973024145153212 0.07582699361846537
2031 0.5974702411203648 0.09282699361846537
2032 0.5981747225031848 0.11082699361846537
2033 0.599419142386275 0.12882699361846536
2034 0.6013147369349711 0.14782699361846538
2035 0.6036569576112816 0.16582699361846537
2036 0.6065245519266668 0.18382699361846538
2061 0.591125899233947 0.005392201480225994
2062 0.589448124902215 0.024392201480225993
2063 0.588232401297699 0.04739220148022599
2064 0.5879052824580266 0.066392201480226
2065 0.5882241367392861 0.08639220148022599
2066 0.5891560898847376 0.10539220148022599
2067 0.5907959987583693 0.12539220148022598
2068 0.5929748522108622 0.144392201480226
2069 0.595751994172146 0.16339220148022598
2070 0.599312483151081 0.183392201480226
2071 0.6032899101313643 0.202392201480226
2072 0.6078354866836128 0.22139220148022598
2128 0.5961376293334417 0.07096764012991688
2129 0.5963163471006506 0.08096764012991689
2130 0.5966626337652051 0.09096764012991689
2131 0.5971761978208767 0.1009676401299169
2132 0.5978566081895946 0.11096764012991689
2133 0.5987032960224407 0.1209676401299169
2134 0.5997155570604301 0.13096764012991688
2135 0.6008925545323969 0.1409676401299169
2136 0.6022333225624744 0.1509676401299169
2137 0.6037367700552989 0.16096764012991688
2138 0.6054016850232352 0.1709676401299169
2139 0.6072267393166577 0.1809676401299169
2251 0.524346293269218 0.06260187821800516
2252 0.5247286420985735 0.07760187821800515
2253 0.5255390189244343 0.09260187821800515
2254 0.5267754483510988 0.10760187821800515
2255 0.5284349397598017 0.12260187821800517
2256 0.5305135230438424 0.13760187821800515
2257 0.5330062951840564 0.15260187821800517
2258 0.5359074764166644 0.16760187821800515
2259 0.5392104745391374 0.18260187821800516
2260 0.5429079557587694 0.19760187821800515
2261 0.5469919204152929 0.21260187821800516
2262 0.5514537819011256 0.22760187821800515
2263 0.556284447154959 0.24260187821800516
2264 0.5614743972078713 0.2576018782180052
2265 0.5670137664055315 0.27260187821800513
2266 0.5728924191039979 0.28760187821800515
2267 0.5791000228287639 0.30260187821800516
2268 0.5856261170864214 0.3176018782180052
2269 0.5924601772162945 0.33260187821800513
2270 0.5995916728579603 0.34760187821800514
3017 0.49319710072062484 0.009061953097654934
3018 0.4904100559186712 0.015061953097654932
3019 0.488584129368495 0.019061953097654932
3020 0.48589411836087737 0.02506195309765493
3021 0.4841337860367838 0.029061953097654934
3022 0.4815861967043065 0.03496195309765494
3023 0.4774857010858318 0.04476195309765493
3024 0.4757390728176429 0.04906195309765493
3025 0.47343481786417424 0.05486195309765493
3026 0.46964107291048185 0.06476195309765494
3027 0.46602678888979465 0.07466195309765493
3028 0.46259617222947047 0.08456195309765493
3029 0.46109863440651283 0.08906195309765494
3030 0.45938514173476186 0.09436195309765494
3031 0.4566016563998135 0.10336195309765493
3032 0.4534747508335129 0.11416195309765492
3033 0.45081670359686243 0.12406195309765494
3034 0.44955114936757906 0.12906195309765495
3035 0.44838531435279033 0.13386195309765495
3036 0.4461342855303494 0.14376195309765494
3037 0.44409259318761446 0.15366195309765493
3038 0.4422631365177576 0.16356195309765492
3039 0.44066378545080603 0.17336195309765493
3040 0.4392642512272752 0.18326195309765494
3041 0.43808402505076977 0.19316195309765494
3042 0.43711632812813517 0.20316195309765495
3043 0.43639460753819753 0.21286195309765493
3044 0.4358794146169811 0.22276195309765492
3045 0.43558867602965395 0.23266195309765494
3046 0.43552238125103987 0.24246195309765495
3047 0.43567928016948526 0.2523619530976549
3048 0.4360609427218007 0.26226195309765493
3049 0.43666677955375793 0.27216195309765495
3050 0.4374958593681487 0.2820619530976549
3051 0.4385351945392573 0.29186195309765495
3092 0.4313159359181179 0.38641000471417447
3093 0.43575333443233044 0.39161000471417445
3094 0.4402074287888232 0.3968100047141745
3095 0.44467771728841915 0.4020100047141745
3096 0.449163716416199 0.40721000471417446
3097 0.45366496011570484 0.4124100047141745
3098 0.4581809990917961 0.4176100047141745
3099 0.4627986612109541 0.4229100047141745
3100 0.46734327074498877 0.4281100047141745
3101 0.4719014140714099 0.43331000471417447
3102 0.47647270278009496 0.4385100047141745
3103 0.4810567621253662 0.4437100047141745
3104 0.48565323048293785 0.44891000471417447
3105 0.49026175882938894 0.45411000471417445
3106 0.49977842816515544 0.4645973152506827
3107 0.5044185332644504 0.46979731525068275
3108 0.5091590060472622 0.4750973152506827
3109 0.513820662177439 0.4802973152506827
3110 0.5184925576340397 0.48549731525068274
3111 0.5231744181086398 0.4906973152506827
3112 0.5278659784497765 0.4958973152506827
3113 0.5325669823094236 0.5010973152506827
3114 0.5372771818043196 0.5062973152506828
3115 0.5419963371915145 0.5114973152506828
3116 0.546724216557529 0.5166973152506827
3117 0.551460595520541 0.5218973152506827
3118 0.5562965802072186 0.5271973152506827
3119 0.5610494671521151 0.5323973152506827
3120 0.5658102190956773 0.5375973152506828
3121 0.5705786391677525 0.5427973152506828
3122 0.5753545367127562 0.5479973152506827
3123 0.5801377270591668 0.5531973152506827
3124 0.5849280312985541 0.5583973152506827
3125 0.5897252760737225 0.5635973152506827
3126 0.5945292933755698 0.5687973152506828
3127 0.5993399203482781 0.5739973152506828
3207 0.4312375200305314 0.3624780705395526
3208 0.4352871006827036 0.3676780705395526
3209 0.4392823345077795 0.3727780705395526
3210 0.4433792403228593 0.37797807053955257
3211 0.44749906378443627 0.3831780705395526
3212 0.45156131530258165 0.3882780705395526
3213 0.45572470068723364 0.3934780705395526
3214 0.4598285247854022 0.3985780705395526
3215 0.4640331599627234 0.4037780705395526
3216 0.46825778678379876 0.4089780705395526
3217 0.4724200718359796 0.4140780705395526
3218 0.47668273055795013 0.41927807053955257
3219 0.48088133151748974 0.4243780705395526
3220 0.4851800452828878 0.4295780705395526
3221 0.48949624889203813 0.4347780705395526
3222 0.49374599448423545 0.4398780705395526
3223 0.4980955012925713 0.4450780705395526
3224 0.5023770673485688 0.4501780705395526
3225 0.50675818605763 0.4553780705395526
3256 0.5155490658942086 0.46567299789861527
3257 0.5199737369948807 0.4708729978986153
3258 0.5244126380861275 0.4760729978986153
3259 0.5287796519784064 0.4811729978986153
3260 0.5332456921217789 0.4863729978986153
3261 0.5376386644656315 0.4914729978986153
3262 0.5421305205837597 0.4966729978986153
3263 0.5466349322614211 0.5018729978986153
3264 0.5510646191966977 0.5069729978986153
3265 0.555593000631246 0.5121729978986153
3266 0.5600456300270403 0.5172729978986152
3267 0.5645968433602999 0.5224729978986153
3268 0.5690713319913137 0.5275729978986153
3269 0.5736443050483446 0.5327729978986153
3270 0.5782278759575921 0.5379729978986153
3271 0.5827333540277074 0.5430729978986153
3272 0.5873371857088667 0.5482729978986153
3273 0.5918620743706802 0.5533729978986153
3274 0.5964852411404619 0.5585729978986153
3275 0.6011178343040784 0.5637729978986153
3276 0.6056702866084634 0.5688729978986153
3352 0.4361352683837661 0.32348759720214626
3353 0.43944630076015695 0.32858759720214625
3354 0.44279131673441036 0.33368759720214625
3355 0.4461029975400557 0.33868759720214625
3356 0.4495130736005679 0.34378759720214624
3357 0.45295490091336493 0.34888759720214624
3358 0.45642776119013934 0.35398759720214623
3359 0.4599309514575525 0.3590875972021462
3360 0.4633942321042414 0.36408759720214623
3361 0.4669554724715047 0.3691875972021462
3362 0.47054503737123066 0.37428759720214627
3363 0.4741622835256928 0.37938759720214627
3364 0.4777348693126027 0.38438759720214627
3365 0.4814050937419921 0.38948759720214626
3366 0.48510116800966663 0.39458759720214626
3367 0.48882250575024616 0.39968759720214625
3368 0.4924948490763934 0.40468759720214625
3369 0.49626454164123607 0.40978759720214625
3370 0.5000578308695833 0.41488759720214624
3371 0.503874183837195 0.41998759720214623
3372 0.5076375945262817 0.42498759720214624
3373 0.5114980999965064 0.43008759720214623
3374 0.5153801560243106 0.4351875972021462
3375 0.519283279287182 0.4402875972021462
3376 0.5231298676104046 0.4452875972021462
3377 0.5270733320038931 0.4503875972021463
3411 0.539099596655378 0.46568140044442774
3412 0.5431181281072598 0.47078140044442773
3413 0.5470753640819007 0.47578140044442774
3414 0.5511292044068131 0.48088140044442773
3415 0.555200293511116 0.4859814004444277
3416 0.5592882547305745 0.4910814004444277
3417 0.5633120847151979 0.4960814004444277
3418 0.5674323842987153 0.5011814004444277
3419 0.5715684882108771 0.5062814004444277
3420 0.5757200558261021 0.5113814004444277
3421 0.5798867550178679 0.5164814004444277
3422 0.5839861313008753 0.5214814004444277
3423 0.5881818490199316 0.5265814004444277
3424 0.5923917567634177 0.5316814004444277
3425 0.5966155541435296 0.5367814004444277
3426 0.6007697332194768 0.5417814004444277
3427 0.6050201800909982 0.5468814004444277
3433 0.4708954702889988 0.3180711562805934
3434 0.4736673870840826 0.3230711562805934
3435 0.4764191308527185 0.3279711562805934
3436 0.47926238939731597 0.3329711562805934
3437 0.48214073416295095 0.3379711562805934
3438 0.4850535405370774 0.3429711562805934
3439 0.48800019143020734 0.3479711562805934
3440 0.4909800774820541 0.3529711562805934
3441 0.4939320308905684 0.3578711562805934
3442 0.4969759559456033 0.3628711562805934
3443 0.5000513477998145 0.3678711562805934
3444 0.5031576294609632 0.3728711562805934
3445 0.5062942323719882 0.3778711562805934
3446 0.5093969811341036 0.3827711562805934
3447 0.5125919761729626 0.3877711562805934
3448 0.5158156489340624 0.3927711562805934
3449 0.5190674651079884 0.3977711562805934
3450 0.5223468990833559 0.4027711562805934
3451 0.5255870409717073 0.4076711562805934
3452 0.5289196416146407 0.4126711562805934
3453 0.5322783453552519 0.4176711562805934
3454 0.5356626611800468 0.42267115628059343
3455 0.5390721067082347 0.4276711562805934
3456 0.5424372875146509 0.4325711562805934
3457 0.5458951003028117 0.4375711562805934
3458 0.5493766560229709 0.4425711562805934
3459 0.5528815061397392 0.4475711562805934
3460 0.5564092104554986 0.4525711562805934
3506 0.4282908315722784 0.22846386640408028
3507 0.43029594452080344 0.2334638664040803
3508 0.4323495846340401 0.2384638664040803
3509 0.4344085698120609 0.2433638664040803
3510 0.4365562609656822 0.2483638664040803
3511 0.43875042159582417 0.2533638664040803
3512 0.4409903580722487 0.2583638664040803
3513 0.44327537645899845 0.26336386640408027
3514 0.4455577645690847 0.2682638664040803
3515 0.44793000014508577 0.2732638664040803
3516 0.4503452547681092 0.2782638664040803
3517 0.4528028400466696 0.2832638664040803
3518 0.4553020705163842 0.2882638664040803
3519 0.4577910632695222 0.2931638664040803
3520 0.4603707430665162 0.2981638664040803
3521 0.4629900479856915 0.3031638664040803
3522 0.46564830934512114 0.3081638664040803
3523 0.5636212803895757 0.4625638664040803
3524 0.5672138143329739 0.4675638664040803
3525 0.5707550554862344 0.4724638664040803
3526 0.5743891510337492 0.4774638664040803
3527 0.5780436491195521 0.4824638664040803
3528 0.5817181652223218 0.4874638664040803
3529 0.5854123223949093 0.4924638664040803
3530 0.5890512960725358 0.49736386640408026
3531 0.5927832596041415 0.5023638664040803
3532 0.5965337847340145 0.5073638664040803
3533 0.6003025235589671 0.5123638664040803
3534 0.6040891351890388 0.5173638664040803
3535 0.607817032869575 0.5222638664040803
3578 0.5104053502819148 0.31512414232242536
3579 0.5126950453708755 0.3200241423224254
3580 0.5150211816025473 0.32492414232242534
3581 0.5173347055179536 0.32972414232242536
3582 0.5197315321247958 0.3346241423224253
3583 0.5221633398049192 0.33952414232242534
3584 0.5246296421168628 0.34442414232242535
3585 0.5270785913141713 0.3492241423224253
3586 0.5296117534318618 0.35412414232242534
3587 0.532177975234424 0.35902414232242535
3588 0.5347767807936795 0.36392414232242537
3589 0.5373536873513708 0.36872414232242534
3590 0.5400156046463425 0.37362414232242536
3591 0.542708707515362 0.37852414232242537
3592 0.545376641640489 0.38332414232242534
3593 0.5481301206816667 0.38822414232242536
3594 0.5509134207386296 0.3931241423224254
3595 0.5537260921262229 0.39802414232242533
3596 0.556509411542556 0.40282414232242536
3597 0.5593789172706476 0.4077241423224254
3598 0.5622764809578309 0.41262414232242534
3599 0.5652016710783522 0.41752414232242535
3600 0.5680935389738432 0.4223241423224253
3601 0.5710721644199317 0.42722414232242534
3602 0.5740771593842638 0.43212414232242535
3603 0.5771081119496982 0.43702414232242537
3604 0.5801019849235212 0.44182414232242534
3605 0.5831831280684046 0.44672414232242535
3606 0.4595063332274957 -0.0015842124147678344
3607 0.4586766012181233 0.0033157875852321654
3608 0.4578978038098024 0.008215787585232167
3609 0.45717020130654984 0.013115787585232165
3610 0.4565073220271317 0.017915787585232167
3611 0.45588177117890366 0.022815787585232165
3612 0.4553080973605074 0.027715787585232167
3613 0.4547864968871396 0.03261578758523217
3614 0.45432620423280484 0.03741578758523217
3615 0.45390820005968086 0.04231578758523217
3616 0.4535427524613862 0.04721578758523216
3617 0.4532299885699106 0.052115787585232165
3618 0.4529747947080425 0.056915787585232164
3619 0.4527666273806234 0.061815787585232165
3620 0.45261141512168607 0.06671578758523217
3621 0.45251076804885787 0.07151578758523217
3622 0.4524605280342123 0.07641578758523217
3623 0.4524633506239254 0.08131578758523217
3624 0.4525192348250627 0.08621578758523217
3625 0.45262540802342527 0.09101578758523217
3626 0.4527862566567179 0.09591578758523217
3627 0.45300005347244077 0.10081578758523217
3628 0.45326672354681546 0.10571578758523216
3629 0.4535791273599097 0.11051578758523217
3630 0.45395017238173635 0.11541578758523216
3631 0.4543737594032464 0.12031578758523218
3632 0.45483950503001735 0.12511578758523217
3633 0.4553666539886097 0.13001578758523216
3634 0.4559458562084024 0.13491578758523218
3635 0.4579782247585437 0.14951578758523218
3636 0.45876245332613935 0.15441578758523217
3637 0.45959758790777955 0.15931578758523215
3638 0.46046477054424173 0.16411578758523215
3639 0.46139984735714007 0.16901578758523217
3640 0.46238496230957077 0.17391578758523216
3641 0.4633981824217 0.17871578758523216
3642 0.46448139865937166 0.18361578758523217
3643 0.4656136638130341 0.18851578758523216
3644 0.4667946209611119 0.19341578758523217
3645 0.46799833360808046 0.19821578758523217
3646 0.4692745832545921 0.20311578758523216
3647 0.47059839429985534 0.20801578758523218
3648 0.47196936653392363 0.21291578758523216
3649 0.47335769249917675 0.21771578758523216
3650 0.47482080754425254 0.22261578758523218
3651 0.47632983688386255 0.22751578758523217
3652 0.4778521691982983 0.23231578758523216
3653 0.4794508002249554 0.23721578758523218
3654 0.4810940282992308 0.24211578758523217
3655 0.482781398040575 0.24701578758523218
3656 0.4844766871540096 0.25181578758523215
3657 0.48625007416406124 0.25671578758523217
3658 0.48806621359543634 0.2616157875852322
3659 0.4899246300016127 0.26651578758523214
3660 0.4917856496319602 0.27131578758523217
3661 0.49372634061062615 0.2762157875852322
3662 0.49570787127257826 0.28111578758523215
3663 0.49772975385285345 0.28601578758523216
3664 0.49974902698467966 0.2908157875852322
3665 0.501849344127264 0.29571578758523215
3666 0.5039885498994953 0.30061578758523216
3667 0.5061213298523468 0.3054157875852322
3668 0.5895186041240064 0.45651578758523215
3669 0.5895186041240064 0.45651578758523215
3670 0.5926716787877989 0.46141578758523216
3671 0.5926716787877989 0.46141578758523216
3672 0.5958483641548233 0.4663157875852322
3673 0.5958483641548233 0.4663157875852322
3674 0.5989827503089642 0.47111578758523215
3675 0.5989827503089642 0.47111578758523215
3676 0.6022050725430016 0.47601578758523216
3677 0.6022050725430016 0.47601578758523216
3678 0.6054499018295014 0.4809157875852322
3679 0.6054499018295014 0.4809157875852322
3680 0.6086499862211984 0.48571578758523215
3681 0.6086499862211984 0.48571578758523215
10354 0.6081827321144307 0.1840469237433517
10355 0.6071482749543874 0.19228692374335168
10356 0.6062515358315538 0.20026692374335167
10357 0.6054558703184377 0.2082769237433517
10358 0.6047660545580357 0.21627692374335167
10359 0.6041847157755749 0.22422692374335168
10360 0.6036841523091995 0.2326169237433517
10361 0.6033489182541358 0.2397769237433517
10362 0.6030746943796198 0.2477769237433517
10363 0.6029010208761768 0.2561669237433517
10364 0.6028440771114069 0.26456692374335167
10365 0.6028932795250788 0.27215692374335165
10366 0.6030488127021261 0.28016692374335167
10367 0.6033114486158784 0.2881969237433517
10368 0.603700379630291 0.29659692374335167
10369 0.6041546732445023 0.3042269237433517
10370 0.6047387662616207 0.3122869237433517
