0.000e+00 0.00000e+00 0.00000e+00
1.000e+01 6.53223e-04 5.85901e-04
2.000e+01 7.36372e-04 6.68492e-04
3.000e+01 1.32034e-03 4.09267e-03
4.000e+01 4.56058e-03 7.79092e-03
5.000e+01 7.74721e-03 1.09460e-02
6.000e+01 1.07838e-02 1.34934e-02
7.000e+01 1.32010e-02 1.53585e-02
8.000e+01 1.50470e-02 1.67491e-02
9.000e+01 1.64402e-02 1.77348e-02
1.000e+02 1.75089e-02 1.82599e-02
1.100e+02 1.81428e-02 1.82367e-02
1.200e+02 1.82114e-02 1.76372e-02
1.300e+02 1.77104e-02 1.65268e-02
1.400e+02 1.66706e-02 1.50615e-02
1.500e+02 1.52466e-02 1.34128e-02
1.600e+02 1.36454e-02 1.17179e-02
1.700e+02 1.19726e-02 1.00841e-02
1.800e+02 1.03642e-02 8.58294e-03
1.900e+02 8.89053e-03 7.26380e-03
2.000e+02 7.58592e-03 6.13007e-03
2.100e+02 6.46702e-03 5.17215e-03
2.200e+02 5.50975e-03 4.37448e-03
2.300e+02 4.70678e-03 3.71615e-03
2.400e+02 4.03111e-03 3.17519e-03
2.500e+02 3.46487e-03 2.73352e-03
2.600e+02 2.99245e-03 2.37419e-03
2.700e+02 2.59743e-03 2.08215e-03
2.800e+02 2.26712e-03 1.84456e-03
2.900e+02 1.98988e-03 1.65088e-03
3.000e+02 1.75672e-03 1.49172e-03
3.100e+02 1.56391e-03 1.35684e-03
3.200e+02 1.39946e-03 1.24812e-03
3.300e+02 1.26341e-03 1.15751e-03
3.400e+02 1.15213e-03 1.08206e-03
3.500e+02 1.06363e-03 1.01906e-03
3.600e+02 9.92466e-04 9.66105e-04
3.700e+02 9.32897e-04 9.19552e-04
3.800e+02 8.82566e-04 8.77015e-04
3.900e+02 8.39706e-04 8.37448e-04
4.000e+02 8.02911e-04 8.00172e-04
4.100e+02 7.70967e-04 7.64804e-04
4.200e+02 7.42623e-04 7.31302e-04
4.300e+02 7.16498e-04 6.99258e-04
4.400e+02 6.91188e-04 6.68398e-04
4.500e+02 6.67989e-04 6.38490e-04
4.600e+02 6.46922e-04 6.09668e-04
4.700e+02 6.27416e-04 5.82086e-04
4.800e+02 6.09194e-04 5.55726e-04
4.900e+02 5.92105e-04 5.30558e-04
5.000e+02 5.75909e-04 5.06620e-04
5.100e+02 5.60656e-04 4.83766e-04
5.200e+02 5.46266e-04 4.61963e-04
5.300e+02 5.32672e-04 4.41144e-04
5.400e+02 5.19808e-04 4.21269e-04
5.500e+02 5.07698e-04 4.02253e-04
5.600e+02 4.98292e-04 3.82746e-04
5.700e+02 4.89067e-04 3.64458e-04
5.800e+02 4.78680e-04 3.48186e-04
5.900e+02 4.68806e-04 3.32741e-04
6.000e+02 4.59417e-04 3.18067e-04
6.100e+02 4.50424e-04 3.04143e-04
6.200e+02 4.41785e-04 2.90928e-04
6.300e+02 4.33432e-04 2.78400e-04
6.400e+02 4.25260e-04 2.66562e-04
6.500e+02 4.17348e-04 2.55320e-04
6.600e+02 4.09672e-04 2.44640e-04
6.700e+02 4.02234e-04 2.34481e-04
6.800e+02 3.95002e-04 2.24820e-04
6.900e+02 3.87972e-04 2.15624e-04
7.000e+02 3.81102e-04 2.06883e-04
7.100e+02 3.74371e-04 1.98574e-04
7.200e+02 3.67808e-04 1.90657e-04
7.300e+02 3.61404e-04 1.83109e-04
7.400e+02 3.55146e-04 1.75916e-04
7.500e+02 3.49030e-04 1.69056e-04
7.600e+02 3.43051e-04 1.62512e-04
7.700e+02 3.37171e-04 1.56281e-04
7.800e+02 3.31409e-04 1.50336e-04
7.900e+02 3.25775e-04 1.44660e-04
8.000e+02 3.20240e-04 1.39245e-04
8.100e+02 3.14821e-04 1.34070e-04
8.200e+02 3.09515e-04 1.29123e-04
8.300e+02 3.04375e-04 1.24371e-04
8.400e+02 2.99413e-04 1.19798e-04
8.500e+02 2.94535e-04 1.15428e-04
8.600e+02 2.89745e-04 1.11249e-04
8.700e+02 2.85034e-04 1.07252e-04
8.800e+02 2.80400e-04 1.03429e-04
8.900e+02 2.75856e-04 9.97660e-05
9.000e+02 2.71484e-04 9.62275e-05
9.100e+02 2.67168e-04 9.28431e-05
9.200e+02 2.62921e-04 8.96047e-05
9.300e+02 2.58726e-04 8.65059e-05
9.400e+02 2.54585e-04 8.35388e-05
9.500e+02 2.50510e-04 8.06972e-05
9.600e+02 2.46503e-04 7.79705e-05
9.700e+02 2.42555e-04 7.53567e-05
9.800e+02 2.38662e-04 7.28516e-05
9.900e+02 2.34824e-04 7.04492e-05
1.000e+03 2.31041e-04 6.81449e-05
