2.000e+00 0.00000e+00 0.00000e+00
4.000e+00 1.48276e-03 2.61584e-04
6.000e+00 1.53497e-03 2.76360e-04
8.000e+00 1.55277e-03 2.83385e-04
1.000e+01 1.51000e-03 4.44666e-04
1.200e+01 2.70101e-03 1.26390e-03
1.400e+01 6.96909e-03 3.04146e-03
1.600e+01 1.42577e-02 5.39641e-03
1.800e+01 2.10427e-02 7.59406e-03
2.000e+01 2.56538e-02 9.18591e-03
2.200e+01 2.84811e-02 1.02480e-02
2.400e+01 3.05161e-02 1.09603e-02
2.600e+01 3.20547e-02 1.14751e-02
2.800e+01 3.34610e-02 1.18930e-02
3.000e+01 3.48624e-02 1.22634e-02
3.200e+01 3.62249e-02 1.25987e-02
3.400e+01 3.75432e-02 1.28985e-02
3.600e+01 3.87981e-02 1.31609e-02
3.800e+01 3.98934e-02 1.33694e-02
4.000e+01 4.07965e-02 1.35120e-02
4.200e+01 4.14635e-02 1.35819e-02
4.400e+01 4.18595e-02 1.35708e-02
4.600e+01 4.19869e-02 1.34766e-02
4.800e+01 4.18878e-02 1.33068e-02
5.000e+01 4.15643e-02 1.30724e-02
5.200e+01 4.10586e-02 1.27834e-02
5.400e+01 4.04274e-02 1.24522e-02
5.600e+01 3.97143e-02 1.20946e-02
5.800e+01 3.89380e-02 1.17154e-02
6.000e+01 3.80426e-02 1.13406e-02
6.200e+01 3.70291e-02 1.09567e-02
6.400e+01 3.59309e-02 1.05592e-02
6.600e+01 3.47781e-02 1.01498e-02
6.800e+01 3.35899e-02 9.73633e-03
7.000e+01 3.23826e-02 9.32470e-03
8.000e+01 2.64152e-02 7.40617e-03
9.000e+01 2.15071e-02 5.87567e-03
1.000e+02 1.71677e-02 4.71768e-03
1.100e+02 1.38033e-02 3.78383e-03
1.200e+02 1.14774e-02 3.10635e-03
1.300e+02 9.38046e-03 2.61996e-03
1.400e+02 8.00326e-03 2.22110e-03
1.500e+02 6.93855e-03 1.93280e-03
1.600e+02 6.02335e-03 1.72552e-03
1.700e+02 5.55773e-03 1.56183e-03
1.800e+02 5.04372e-03 1.44500e-03
1.900e+02 4.71733e-03 1.35796e-03
2.000e+02 4.49478e-03 1.28733e-03
2.100e+02 4.27231e-03 1.23345e-03
2.200e+02 4.17591e-03 1.18948e-03
2.300e+02 4.02547e-03 1.15048e-03
2.400e+02 3.93325e-03 1.11370e-03
2.500e+02 3.82464e-03 1.07857e-03
2.600e+02 3.73987e-03 1.04394e-03
2.700e+02 3.65920e-03 1.00959e-03
2.800e+02 3.59635e-03 9.75178e-04
2.900e+02 3.54148e-03 9.40857e-04
3.000e+02 3.50747e-03 9.06624e-04
3.100e+02 3.47836e-03 8.72768e-04
3.200e+02 3.46736e-03 8.39404e-04
3.300e+02 3.46434e-03 8.06788e-04
3.400e+02 3.46440e-03 7.74786e-04
3.500e+02 3.46773e-03 7.43454e-04
3.600e+02 3.46948e-03 7.12896e-04
3.700e+02 3.46428e-03 6.83167e-04
3.800e+02 3.45057e-03 6.54351e-04
3.900e+02 3.43032e-03 6.26482e-04
4.000e+02 3.40536e-03 5.99582e-04
4.100e+02 3.37681e-03 5.73724e-04
4.200e+02 3.33935e-03 5.48918e-04
4.300e+02 3.29375e-03 5.25144e-04
4.400e+02 3.24538e-03 5.02153e-04
4.500e+02 3.19803e-03 4.79807e-04
4.600e+02 3.15308e-03 4.58341e-04
4.700e+02 3.10998e-03 4.37787e-04
4.800e+02 3.06807e-03 4.18281e-04
4.900e+02 3.02690e-03 3.99790e-04
5.000e+02 2.98652e-03 3.82198e-04
5.100e+02 2.94673e-03 3.65475e-04
5.200e+02 2.90731e-03 3.49587e-04
5.300e+02 2.86830e-03 3.34489e-04
5.400e+02 2.82957e-03 3.20144e-04
5.500e+02 2.79107e-03 3.06522e-04
5.600e+02 2.75274e-03 2.93615e-04
5.700e+02 2.71462e-03 2.81354e-04
5.800e+02 2.67679e-03 2.69697e-04
5.900e+02 2.63927e-03 2.58611e-04
6.000e+02 2.60208e-03 2.48060e-04
6.100e+02 2.56525e-03 2.38018e-04
6.200e+02 2.52880e-03 2.28453e-04
6.300e+02 2.49265e-03 2.19365e-04
6.400e+02 2.45691e-03 2.10707e-04
6.500e+02 2.42157e-03 2.02454e-04
6.600e+02 2.38663e-03 1.94586e-04
6.700e+02 2.35209e-03 1.87086e-04
6.800e+02 2.31795e-03 1.79931e-04
6.900e+02 2.28421e-03 1.73106e-04
7.000e+02 2.25082e-03 1.66602e-04
7.100e+02 2.21785e-03 1.60390e-04
7.200e+02 2.18528e-03 1.54455e-04
7.300e+02 2.15314e-03 1.48782e-04
7.400e+02 2.12143e-03 1.43354e-04
7.500e+02 2.09016e-03 1.38160e-04
7.600e+02 2.05931e-03 1.33188e-04
7.700e+02 2.02887e-03 1.28432e-04
7.800e+02 1.99887e-03 1.23876e-04
7.900e+02 1.96930e-03 1.19510e-04
8.000e+02 1.94016e-03 1.15326e-04
8.100e+02 1.91145e-03 1.11313e-04
8.200e+02 1.88316e-03 1.07465e-04
8.300e+02 1.85528e-03 1.03774e-04
8.400e+02 1.82782e-03 1.00232e-04
8.500e+02 1.80075e-03 9.68355e-05
8.600e+02 1.77409e-03 9.35717e-05
8.700e+02 1.74783e-03 9.04389e-05
8.800e+02 1.72198e-03 8.74269e-05
8.900e+02 1.69653e-03 8.45317e-05
9.000e+02 1.67150e-03 8.17457e-05
9.100e+02 1.64690e-03 7.90611e-05
9.200e+02 1.62270e-03 7.64776e-05
9.300e+02 1.59886e-03 7.39934e-05
9.400e+02 1.57540e-03 7.16031e-05
9.500e+02 1.55232e-03 6.93007e-05
9.600e+02 1.52960e-03 6.70855e-05
9.700e+02 1.50725e-03 6.49511e-05
9.800e+02 1.48527e-03 6.28941e-05
9.900e+02 1.46364e-03 6.09131e-05
1.000e+03 1.44236e-03 5.90042e-05
