0.000e+00 0.00000e+00 0.00000e+00
2.000e+00 1.40218e-03 5.03304e-05
4.000e+00 1.77821e-03 8.93721e-05
6.000e+00 6.06388e-03 4.37727e-04
8.000e+00 1.61684e-02 1.28724e-03
1.000e+01 2.90106e-02 2.51921e-03
1.200e+01 3.84096e-02 3.61711e-03
1.400e+01 4.31719e-02 4.29543e-03
1.600e+01 4.52477e-02 4.58726e-03
1.800e+01 4.59414e-02 4.65303e-03
2.000e+01 4.58367e-02 4.58992e-03
2.200e+01 4.55486e-02 4.47085e-03
2.400e+01 4.51772e-02 4.33771e-03
2.600e+01 4.47086e-02 4.20089e-03
2.800e+01 4.41854e-02 4.06323e-03
3.000e+01 4.35742e-02 3.92858e-03
3.200e+01 4.27915e-02 3.79557e-03
3.400e+01 4.18447e-02 3.65965e-03
3.600e+01 4.06919e-02 3.52096e-03
3.800e+01 3.93335e-02 3.37645e-03
4.000e+01 3.78234e-02 3.22432e-03
5.000e+01 2.99557e-02 2.42760e-03
6.000e+01 2.33339e-02 1.86609e-03
7.000e+01 1.79118e-02 1.40951e-03
8.000e+01 1.48026e-02 1.09219e-03
9.000e+01 1.24438e-02 1.01309e-03
9.500e+01 1.14501e-02 9.64279e-04
1.000e+02 1.06480e-02 9.20754e-04
1.050e+02 1.04401e-02 8.82736e-04
1.100e+02 1.04670e-02 8.60183e-04
1.150e+02 1.00045e-02 8.94983e-04
1.200e+02 9.53034e-03 9.21622e-04
1.250e+02 9.17645e-03 9.16790e-04
1.300e+02 9.14062e-03 9.05553e-04
1.350e+02 9.62333e-03 8.92220e-04
1.400e+02 9.69659e-03 8.93109e-04
1.450e+02 9.60328e-03 9.23150e-04
1.500e+02 9.53652e-03 9.42999e-04
1.550e+02 9.64809e-03 9.46035e-04
1.600e+02 1.02601e-02 9.40277e-04
1.650e+02 1.05240e-02 9.36521e-04
1.700e+02 1.05884e-02 9.39118e-04
1.750e+02 1.06259e-02 9.51026e-04
1.800e+02 1.07973e-02 9.55337e-04
1.850e+02 1.13337e-02 9.51851e-04
1.900e+02 1.15882e-02 9.48348e-04
1.950e+02 1.16982e-02 9.44800e-04
2.000e+02 1.17948e-02 9.42855e-04
2.050e+02 1.20395e-02 9.39880e-04
2.100e+02 1.24341e-02 9.33639e-04
2.200e+02 1.27604e-02 9.20631e-04
2.300e+02 1.32016e-02 9.05130e-04
2.400e+02 1.36159e-02 8.87573e-04
2.500e+02 1.40038e-02 8.68080e-04
2.600e+02 1.44401e-02 8.46905e-04
2.700e+02 1.48518e-02 8.24676e-04
2.800e+02 1.52945e-02 8.01262e-04
2.900e+02 1.57592e-02 7.76952e-04
3.000e+02 1.61994e-02 7.52192e-04
3.100e+02 1.66988e-02 7.26886e-04
3.200e+02 1.71494e-02 7.01639e-04
3.300e+02 1.75819e-02 6.76480e-04
3.400e+02 1.79999e-02 6.51564e-04
3.500e+02 1.83655e-02 6.27126e-04
3.600e+02 1.86643e-02 6.03458e-04
3.700e+02 1.88916e-02 5.80505e-04
3.800e+02 1.90740e-02 5.58161e-04
3.900e+02 1.92275e-02 5.36432e-04
4.000e+02 1.93557e-02 5.15351e-04
4.100e+02 1.94262e-02 4.94987e-04
4.200e+02 1.94254e-02 4.75385e-04
4.300e+02 1.93768e-02 4.56451e-04
4.400e+02 1.92837e-02 4.37832e-04
4.500e+02 1.91672e-02 4.19621e-04
4.600e+02 1.90451e-02 4.01950e-04
4.700e+02 1.89181e-02 3.84836e-04
4.800e+02 1.87846e-02 3.68385e-04
4.900e+02 1.86440e-02 3.52689e-04
5.000e+02 1.84973e-02 3.37740e-04
5.100e+02 1.83437e-02 3.23507e-04
5.200e+02 1.81846e-02 3.09965e-04
5.300e+02 1.80202e-02 2.97105e-04
5.400e+02 1.78506e-02 2.84885e-04
5.500e+02 1.76773e-02 2.73263e-04
5.600e+02 1.75001e-02 2.62213e-04
5.700e+02 1.73199e-02 2.51702e-04
5.800e+02 1.71373e-02 2.41695e-04
5.900e+02 1.69526e-02 2.32165e-04
6.000e+02 1.67664e-02 2.23084e-04
6.100e+02 1.65790e-02 2.14428e-04
6.200e+02 1.63908e-02 2.06175e-04
6.300e+02 1.62022e-02 1.98303e-04
6.400e+02 1.60134e-02 1.90788e-04
6.500e+02 1.58247e-02 1.83615e-04
6.600e+02 1.56363e-02 1.76762e-04
6.700e+02 1.54483e-02 1.70214e-04
6.800e+02 1.52610e-02 1.63951e-04
6.900e+02 1.50746e-02 1.57957e-04
7.000e+02 1.48891e-02 1.52215e-04
7.100e+02 1.47047e-02 1.46713e-04
7.200e+02 1.45215e-02 1.41438e-04
7.300e+02 1.43395e-02 1.36380e-04
7.400e+02 1.41588e-02 1.31528e-04
7.500e+02 1.39769e-02 1.27045e-04
7.600e+02 1.37981e-02 1.22640e-04
7.700e+02 1.36214e-02 1.18367e-04
7.800e+02 1.34466e-02 1.14249e-04
7.900e+02 1.32736e-02 1.10285e-04
8.000e+02 1.31023e-02 1.06471e-04
8.100e+02 1.29327e-02 1.02804e-04
8.200e+02 1.27450e-02 1.00421e-04
8.300e+02 1.25732e-02 9.73251e-05
8.400e+02 1.24066e-02 9.41643e-05
8.500e+02 1.22428e-02 9.10635e-05
8.600e+02 1.20815e-02 8.80513e-05
8.700e+02 1.19222e-02 8.51396e-05
8.800e+02 1.17649e-02 8.23295e-05
8.900e+02 1.16096e-02 7.96200e-05
9.000e+02 1.14561e-02 7.70100e-05
9.100e+02 1.13045e-02 7.44964e-05
9.200e+02 1.11548e-02 7.20765e-05
9.300e+02 1.10069e-02 6.97458e-05
9.400e+02 1.08608e-02 6.75021e-05
9.500e+02 1.07165e-02 6.53414e-05
9.600e+02 1.05741e-02 6.32611e-05
9.700e+02 1.04335e-02 6.12571e-05
9.800e+02 1.02946e-02 5.93271e-05
9.900e+02 1.01576e-02 5.74679e-05
1.000e+03 1.00223e-02 5.56764e-05
