1.000e+01 0.00000e+00 0.00000e+00
2.000e+01 1.44835e-04 5.57044e-04
3.000e+01 1.85157e-04 6.01148e-04
4.000e+01 1.89012e-04 8.64915e-04
5.000e+01 3.10911e-04 1.44852e-03
6.000e+01 6.19342e-04 2.43225e-03
7.000e+01 1.17221e-03 3.83440e-03
8.000e+01 2.00047e-03 5.58387e-03
9.000e+01 3.08959e-03 7.49298e-03
1.000e+02 4.31288e-03 9.32711e-03
1.100e+02 5.51212e-03 1.09252e-02
1.200e+02 6.57795e-03 1.22155e-02
1.300e+02 7.45809e-03 1.32149e-02
1.400e+02 8.16669e-03 1.39763e-02
1.500e+02 8.73712e-03 1.45314e-02
1.600e+02 9.18699e-03 1.48876e-02
1.700e+02 9.50946e-03 1.50078e-02
1.800e+02 9.67226e-03 1.48732e-02
1.900e+02 9.65959e-03 1.44725e-02
2.000e+02 9.45262e-03 1.38149e-02
2.100e+02 9.06171e-03 1.29468e-02
2.200e+02 8.51957e-03 1.19307e-02
2.300e+02 7.87395e-03 1.08330e-02
2.400e+02 7.16973e-03 9.71190e-03
2.500e+02 6.44372e-03 8.61086e-03
2.600e+02 5.72815e-03 7.56781e-03
2.700e+02 5.04809e-03 6.60722e-03
2.800e+02 4.42101e-03 5.74505e-03
2.900e+02 3.85462e-03 4.98405e-03
3.000e+02 3.34991e-03 4.31829e-03
3.100e+02 2.90323e-03 3.74441e-03
3.200e+02 2.51236e-03 3.25277e-03
3.300e+02 2.17110e-03 2.83413e-03
3.400e+02 1.87407e-03 2.47752e-03
3.500e+02 1.61674e-03 2.17531e-03
3.600e+02 1.39448e-03 1.91936e-03
3.700e+02 1.20388e-03 1.70376e-03
3.800e+02 1.03997e-03 1.52169e-03
3.900e+02 9.00346e-04 1.36758e-03
4.000e+02 7.81101e-04 1.23737e-03
4.100e+02 6.79528e-04 1.12643e-03
4.200e+02 5.94078e-04 1.03158e-03
4.300e+02 5.22062e-04 9.50229e-04
4.400e+02 4.62833e-04 8.78572e-04
4.500e+02 4.12655e-04 8.17977e-04
4.600e+02 3.72377e-04 7.65401e-04
4.700e+02 3.40944e-04 7.19920e-04
4.800e+02 3.16319e-04 6.80663e-04
4.900e+02 2.95395e-04 6.46637e-04
5.000e+02 2.77138e-04 6.16263e-04
5.100e+02 2.61334e-04 5.88319e-04
5.200e+02 2.47568e-04 5.62336e-04
5.300e+02 2.35497e-04 5.37927e-04
5.400e+02 2.24826e-04 5.14822e-04
5.500e+02 2.15385e-04 4.92860e-04
5.600e+02 2.06973e-04 4.71913e-04
5.700e+02 1.99459e-04 4.51887e-04
5.800e+02 1.92728e-04 4.32735e-04
5.900e+02 1.86587e-04 4.14455e-04
6.000e+02 1.80955e-04 3.97009e-04
6.100e+02 1.75840e-04 3.80284e-04
6.200e+02 1.71147e-04 3.64260e-04
6.300e+02 1.66814e-04 3.48913e-04
6.400e+02 1.62777e-04 3.34222e-04
6.500e+02 1.59002e-04 3.20149e-04
6.600e+02 1.55367e-04 3.06734e-04
6.700e+02 1.51909e-04 2.93899e-04
6.800e+02 1.50510e-04 2.80246e-04
6.900e+02 1.47298e-04 2.68567e-04
7.000e+02 1.44265e-04 2.57385e-04
7.100e+02 1.41403e-04 2.46690e-04
7.200e+02 1.38732e-04 2.36455e-04
7.300e+02 1.36218e-04 2.26683e-04
7.400e+02 1.33853e-04 2.17351e-04
7.500e+02 1.31615e-04 2.08444e-04
7.600e+02 1.29477e-04 1.99951e-04
7.700e+02 1.27426e-04 1.91852e-04
7.800e+02 1.25441e-04 1.84135e-04
7.900e+02 1.23604e-04 1.76728e-04
8.000e+02 1.21950e-04 1.69593e-04
8.100e+02 1.20319e-04 1.62806e-04
8.200e+02 1.18702e-04 1.56346e-04
8.300e+02 1.17108e-04 1.50192e-04
8.400e+02 1.15533e-04 1.44329e-04
8.500e+02 1.13986e-04 1.38735e-04
8.600e+02 1.12653e-04 1.33298e-04
8.700e+02 1.11323e-04 1.28117e-04
8.800e+02 1.09997e-04 1.23177e-04
8.900e+02 1.08669e-04 1.18470e-04
9.000e+02 1.07338e-04 1.13983e-04
9.100e+02 1.06009e-04 1.09703e-04
9.200e+02 1.04700e-04 1.05609e-04
9.300e+02 1.03405e-04 1.01697e-04
9.400e+02 1.02101e-04 9.79667e-05
9.500e+02 1.00796e-04 9.44050e-05
9.600e+02 9.94870e-05 9.10052e-05
9.700e+02 9.81751e-05 8.77587e-05
9.800e+02 9.68691e-05 8.46539e-05
9.900e+02 9.55657e-05 8.16852e-05
1.000e+03 9.42637e-05 7.88465e-05
