6.000e+01 1.50667e-06 5.09688e-04
7.000e+01 1.42117e-05 6.16234e-04
8.000e+01 5.47792e-05 8.27605e-04
9.000e+01 1.36917e-04 1.18340e-03
1.000e+02 2.83356e-04 1.71248e-03
1.100e+02 5.07179e-04 2.43092e-03
1.200e+02 8.22711e-04 3.33812e-03
1.300e+02 1.23517e-03 4.40729e-03
1.400e+02 1.73934e-03 5.56555e-03
1.500e+02 2.29864e-03 6.71958e-03
1.600e+02 2.86722e-03 7.79215e-03
1.700e+02 3.40806e-03 8.73043e-03
1.800e+02 3.89392e-03 9.50900e-03
1.900e+02 4.30991e-03 1.01306e-02
2.000e+02 4.66087e-03 1.06163e-02
2.100e+02 4.95384e-03 1.09841e-02
2.200e+02 5.19292e-03 1.12412e-02
2.300e+02 5.38120e-03 1.13929e-02
2.400e+02 5.51065e-03 1.14244e-02
2.500e+02 5.57358e-03 1.13306e-02
2.600e+02 5.56354e-03 1.11066e-02
2.700e+02 5.47475e-03 1.07503e-02
2.800e+02 5.30753e-03 1.02717e-02
2.900e+02 5.07155e-03 9.69355e-03
3.000e+02 4.78026e-03 9.04214e-03
3.100e+02 4.45038e-03 8.34680e-03
3.200e+02 4.09637e-03 7.63288e-03
3.300e+02 3.73125e-03 6.92238e-03
3.400e+02 3.36696e-03 6.23198e-03
3.500e+02 3.01371e-03 5.57706e-03
3.600e+02 2.67920e-03 4.96732e-03
3.700e+02 2.36913e-03 4.40975e-03
3.800e+02 2.08498e-03 3.90703e-03
3.900e+02 1.82656e-03 3.45714e-03
4.000e+02 1.59446e-03 3.05765e-03
4.100e+02 1.38656e-03 2.70595e-03
4.200e+02 1.20245e-03 2.39756e-03
4.300e+02 1.03852e-03 2.12878e-03
4.400e+02 8.93413e-04 1.89409e-03
4.500e+02 7.65998e-04 1.68932e-03
4.600e+02 6.54257e-04 1.51118e-03
4.700e+02 5.57547e-04 1.35641e-03
4.800e+02 4.73823e-04 1.22236e-03
4.900e+02 4.01061e-04 1.10633e-03
5.000e+02 3.38972e-04 1.00545e-03
5.100e+02 2.85862e-04 9.17775e-04
5.200e+02 2.40230e-04 8.41569e-04
5.300e+02 2.02032e-04 7.74691e-04
5.400e+02 1.70601e-04 7.15506e-04
5.500e+02 1.43715e-04 6.64325e-04
5.600e+02 1.21720e-04 6.19256e-04
5.700e+02 1.04341e-04 5.79360e-04
5.800e+02 9.10007e-05 5.44057e-04
5.900e+02 8.12370e-05 5.12827e-04
6.000e+02 7.44968e-05 4.85169e-04
6.100e+02 6.93418e-05 4.60708e-04
6.200e+02 6.45069e-05 4.39197e-04
6.300e+02 5.99281e-05 4.19954e-04
6.400e+02 5.58610e-05 4.02252e-04
6.500e+02 5.23745e-05 3.85672e-04
6.600e+02 4.94151e-05 3.70015e-04
6.700e+02 4.69148e-05 3.55153e-04
6.800e+02 4.47896e-05 3.41010e-04
6.900e+02 4.29559e-05 3.27543e-04
7.000e+02 4.14196e-05 3.14655e-04
7.100e+02 4.01574e-05 3.02282e-04
7.200e+02 3.91179e-05 2.90401e-04
7.300e+02 3.82612e-05 2.78991e-04
7.400e+02 3.76029e-05 2.67984e-04
7.500e+02 3.75210e-05 2.57042e-04
7.600e+02 3.78836e-05 2.46248e-04
7.700e+02 3.77724e-05 2.36294e-04
7.800e+02 3.76799e-05 2.26755e-04
7.900e+02 3.75932e-05 2.17619e-04
8.000e+02 3.75084e-05 2.08863e-04
8.100e+02 3.74011e-05 2.00487e-04
8.200e+02 3.74813e-05 1.92323e-04
8.300e+02 3.76403e-05 1.84442e-04
8.400e+02 3.77809e-05 1.76908e-04
8.500e+02 3.79121e-05 1.69706e-04
8.600e+02 3.80428e-05 1.62823e-04
8.700e+02 3.81861e-05 1.56241e-04
8.800e+02 3.83517e-05 1.49941e-04
8.900e+02 3.85600e-05 1.43897e-04
9.000e+02 3.87562e-05 1.38130e-04
9.100e+02 3.89329e-05 1.32629e-04
9.200e+02 3.90824e-05 1.27387e-04
9.300e+02 3.91963e-05 1.22394e-04
9.400e+02 3.92828e-05 1.17635e-04
9.500e+02 3.93493e-05 1.13091e-04
9.600e+02 3.93776e-05 1.08763e-04
9.700e+02 3.93732e-05 1.04639e-04
9.800e+02 3.93305e-05 1.00709e-04
9.900e+02 3.92513e-05 9.69633e-05
1.000e+03 3.91470e-05 9.33896e-05
