   0.0000000000000000       -0.0000000000000000        0.0000000000000000        0.0000000000000000        0.0000000000000000        0.0000000000000000        0.0000000000000000     
   1.0000000000000000E-002  -0.0000000000000000        0.0000000000000000        0.0000000000000000        0.0000000000000000        0.0000000000000000        0.0000000000000000     
   2.0000000000000000E-002  -0.0000000000000000        0.0000000000000000        0.0000000000000000        0.0000000000000000        0.0000000000000000        0.0000000000000000     
   2.9999999999999999E-002  -0.0000000000000000        0.0000000000000000        0.0000000000000000        0.0000000000000000        0.0000000000000000        0.0000000000000000     
   4.0000000000000001E-002  -5.2968786307942570E-044   3.5343491960762620E-042   0.0000000000000000        0.0000000000000000        0.0000000000000000        0.0000000000000000     
   5.0000000000000003E-002  -5.4783279931589847E-043   9.8727552072855565E-042   0.0000000000000000        0.0000000000000000        0.0000000000000000        0.0000000000000000     
   6.0000000000000005E-002  -2.0388728572321514E-042   1.7571825783048775E-041   0.0000000000000000        0.0000000000000000        0.0000000000000000        0.0000000000000000     
   7.0000000000000007E-002  -3.7950444918867572E-042   2.7671254333751812E-041   0.0000000000000000        0.0000000000000000        0.0000000000000000        0.0000000000000000     
   8.0000000000000002E-002  -6.0491413137471645E-042   4.1538462836527689E-041   0.0000000000000000        0.0000000000000000        0.0000000000000000        0.0000000000000000     
   8.9999999999999997E-002  -9.0992254103335454E-042   6.1053715121186015E-041   0.0000000000000000        0.0000000000000000        0.0000000000000000        0.0000000000000000     
   9.9999999999999992E-002  -1.3348014949733636E-041   8.8865018906468077E-041   0.0000000000000000        0.0000000000000000        0.0000000000000000        0.0000000000000000     
  0.10999999999999999       -1.9356022030644466E-041   1.2874737176274296E-040   0.0000000000000000        0.0000000000000000        0.0000000000000000        0.0000000000000000     
  0.11999999999999998       -2.7915448315980828E-041   1.8611508721876310E-040   0.0000000000000000        0.0000000000000000        0.0000000000000000        0.0000000000000000     
  0.12999999999999998       -4.0154575100315702E-041   2.6875673060143929E-040   0.0000000000000000        0.0000000000000000        0.0000000000000000        0.0000000000000000     
  0.13999999999999999       -5.7686395889187328E-041   3.8789242471949422E-040   0.0000000000000000        0.0000000000000000        0.0000000000000000        0.0000000000000000     
  0.14999999999999999       -8.2821060750361758E-041   5.5969705917757209E-040   0.0000000000000000        0.0000000000000000        0.0000000000000000        0.0000000000000000     
  0.16000000000000000       -1.1887009820689255E-040   8.0749619896542475E-040   0.0000000000000000        0.0000000000000000        6.5101257687559737E-046   4.3712834258045938E-045
  0.17000000000000001       -1.7058245663164017E-040   1.1649328297151445E-039   0.0000000000000000        0.0000000000000000        2.0941404003603046E-044   1.3610536419336422E-043
  0.18000000000000002       -2.4476975129876163E-040   1.6805349042694833E-039   0.0000000000000000        0.0000000000000000        9.6339513066549393E-044   6.1651689501016352E-043
  0.19000000000000003       -3.5120299657602176E-040   2.4243038729198098E-039   0.0000000000000000        0.0000000000000000        2.9377013364089597E-043   1.8556039417888816E-042
  0.20000000000000004       -5.0389881903828061E-040   3.4972188248936680E-039   0.0000000000000000        0.0000000000000000        7.3641024045052574E-043   4.5880534871391247E-042
  0.21000000000000005       -7.2296438349325282E-040   5.0449468212649746E-039   0.0000000000000000        0.0000000000000000        1.6448619649989505E-042   1.0092211411486516E-041
  0.22000000000000006       -1.0372437575601662E-039   7.2776212480551094E-039   0.0000000000000000        0.0000000000000000        3.4060516723718229E-042   2.0546386493752416E-041
  0.23000000000000007       -1.4881138553052372E-039   1.0498374170254903E-038   0.0000000000000000        0.0000000000000000        6.6823850127870216E-042   3.9578529948347650E-041
  0.24000000000000007       -2.1349292968131480E-039   1.5144497696800198E-038   0.0000000000000000        0.0000000000000000        1.2584048556754208E-041   7.3129017159459406E-041
  0.25000000000000006       -3.0628323770690214E-039   2.1846824833836735E-038   0.0000000000000000        0.0000000000000000        2.2915527907452156E-041   1.3069601920946689E-040
  0.26000000000000006       -4.3939553637408302E-039   3.1515395318538677E-038   0.0000000000000000        0.0000000000000000        4.0496524792950194E-041   2.2704316850051741E-040
  0.27000000000000007       -6.3034884268466358E-039   4.5463042838378955E-038   0.0000000000000000        0.0000000000000000        6.9570535052630984E-041   3.8463062031267339E-040
  0.28000000000000008       -9.0427262824821298E-039   6.5583692173165578E-038   0.0000000000000000        0.0000000000000000        1.1603165423288339E-040   6.3547186291627780E-040
  0.29000000000000009       -1.2972124203259629E-038   9.4609588436736125E-038   0.0000000000000000        0.0000000000000000        1.8817607381882780E-040   1.0265317218447491E-039
  0.30000000000000010       -1.8608710012536972E-038   1.3648240622784017E-037   0.0000000000000000        0.0000000000000000        2.9690524217669746E-040   1.6220390965098779E-039
  0.31000000000000011       -2.6694085994381196E-038   1.9688866224290455E-037   0.0000000000000000        0.0000000000000000        4.5850051987815027E-040   2.5202306766669682E-039
  0.32000000000000012       -3.8291961351095770E-038   2.8403218484003705E-037   0.0000000000000000        0.0000000000000000        6.9574871159315915E-040   3.8611559171760572E-039
  0.33000000000000013       -5.4928037624563548E-038   4.0974861445398152E-037   0.0000000000000000        0.0000000000000000        1.0412339585423988E-039   5.8437261454138350E-039
  0.34000000000000014       -7.8790636460119453E-038   5.9111340121362945E-037   0.0000000000000000        0.0000000000000000        1.5441325948732835E-039   8.7690676318487322E-039
  0.35000000000000014       -1.1301844272829944E-037   8.5276185364638257E-037   0.0000000000000000        0.0000000000000000        2.2760103313318785E-039   1.3075425996907386E-038
  0.36000000000000015       -1.6211318531602282E-037   1.2302365999404625E-036   0.0000000000000000        0.0000000000000000        3.3412764256346455E-039   1.9403346248456435E-038
  0.37000000000000016       -2.3253149711374012E-037   1.7748175196736967E-036   0.0000000000000000        0.0000000000000000        4.8923470968006694E-039   2.8689320108437832E-038
  0.38000000000000017       -3.3353374196197280E-037   2.5604907943187181E-036   0.0000000000000000        0.0000000000000000        7.1530774041724663E-039   4.2301485759165012E-038
  0.39000000000000018       -4.7840136282746222E-037   3.6940046378052155E-036   0.0000000000000000        0.0000000000000000        1.0448094246723866E-038   6.2216120472528114E-038
  0.40000000000000019       -6.8618272786796079E-037   5.3293790904830579E-036   0.0000000000000000        0.0000000000000000        1.5253640524239163E-038   9.1389591984224634E-038
  0.41000000000000020       -9.8419688976367289E-037   7.6888431257172129E-036   0.0000000000000000        0.0000000000000000        2.2256301887807347E-038   1.3400088104465931E-037
  0.42000000000000021       -1.4116242491993063E-036   1.1093046691863934E-035   0.0000000000000000        0.0000000000000000        3.2464680136861070E-038   1.9624440549060461E-037
  0.43000000000000022       -2.0246559036582214E-036   1.6004657218086711E-035   0.0000000000000000        0.0000000000000000        4.7342319109748251E-038   2.8709127024639023E-037
  0.44000000000000022       -2.9038782202450200E-036   2.3091271349088619E-035   0.0000000000000000        0.0000000000000000        6.9024607808058144E-038   4.1961349992528031E-037
  0.45000000000000023       -4.1648627849772479E-036   3.3316201219691720E-035   0.0000000000000000        0.0000000000000000        1.0062522618098626E-037   6.1285653144144626E-037
  0.46000000000000024       -5.9733529058841955E-036   4.8069488381735074E-035   0.0000000000000000        0.0000000000000000        1.4666951232904454E-037   8.9445849888617360E-037
  0.47000000000000025       -8.5670415652329578E-036   6.9356974246341996E-035   0.0000000000000000        0.0000000000000000        2.1377736939883045E-037   1.3046987717557755E-036
  0.48000000000000026       -1.2286801391904604E-035   1.0007315946620975E-034   0.0000000000000000        0.0000000000000000        3.1156854274765368E-037   1.9024634689179722E-036
  0.49000000000000027       -1.7621468508533795E-035   1.4439499275601942E-034   0.0000000000000000        0.0000000000000000        4.5406522409008010E-037   2.7727099744557631E-036
  0.50000000000000022       -2.5272061949462697E-035   2.0835019656084693E-034   0.0000000000000000        0.0000000000000000        6.6168050725079440E-037   4.0392902578153623E-036
  0.51000000000000023       -3.6243872376825894E-035   3.0063750661854873E-034   0.0000000000000000        0.0000000000000000        9.6431331103893713E-037   5.8838925220134814E-036
  0.52000000000000024       -5.1978513011470118E-035   4.3381051426550769E-034   0.0000000000000000        0.0000000000000000        1.4052219915821910E-036   8.5676843377231102E-036
  0.53000000000000025       -7.4543272293763490E-035   6.2598633112916609E-034   0.0000000000000000        0.0000000000000000        2.0476710314439299E-036   1.2472750010439375E-035
  0.54000000000000026       -1.0690263033139093E-034   9.0331179780337632E-034   0.0000000000000000        0.0000000000000000        2.9837545864258609E-036   1.8154013165428943E-035
  0.55000000000000027       -1.5330758681063378E-034   1.3035231799083432E-033   0.0000000000000000        0.0000000000000000        4.3480236931475242E-036   2.6420463459746545E-035
  0.56000000000000028       -2.1985391194748257E-034   1.8810843120199031E-033   0.0000000000000000        0.0000000000000000        6.3363444490421911E-036   3.8446740141706289E-035
  0.57000000000000028       -3.1528260310225161E-034   2.7146032853126906E-033   0.0000000000000000        0.0000000000000000        9.2335647941519849E-036   5.5939438590410433E-035
  0.58000000000000029       -4.5212761645269536E-034   3.9175383728361586E-033   0.0000000000000000        0.0000000000000000        1.3456942682292302E-035   8.1386999291580757E-035
  0.59000000000000030       -6.4836151525761174E-034   5.6536523187813713E-033   0.0000000000000000        0.0000000000000000        1.9608195649357526E-035   1.1837902775396853E-034
  0.60000000000000031       -9.2975501109320386E-034   8.1593215687269509E-033   0.0000000000000000        0.0000000000000000        2.8572911882354488E-035   1.7217309655054996E-034
  0.61000000000000032       -1.3332600405931860E-033   1.1775741837293528E-032   0.0000000000000000        0.0000000000000000        4.1637016865748478E-035   2.5038942824153301E-034
  0.62000000000000033       -1.9118603005520184E-033   1.6995421181337853E-032   0.0000000000000000        0.0000000000000000        6.0680778722805681E-035   3.6414050970466453E-034
  0.63000000000000034       -2.7415256656159805E-033   2.4529300713697920E-032   0.0000000000000000        0.0000000000000000        8.8425031022036504E-035   5.2947395166348454E-034
  0.64000000000000035       -3.9311828730818747E-033   3.5403657326550245E-032   0.0000000000000000        0.0000000000000000        1.2886206380266075E-034   7.6986183649093355E-034
  0.65000000000000036       -5.6370104539960079E-033   5.1100006549387775E-032   0.0000000000000000        0.0000000000000000        1.8779400683144589E-034   1.1193277101201418E-033
  0.66000000000000036       -8.0829329705972665E-033   7.3757091891099255E-032   0.0000000000000000        0.0000000000000000        2.7400183700329884E-034   1.6289671858867945E-033
  0.67000000000000037       -1.1590002506598044E-032   1.0646252119283683E-031   0.0000000000000000        0.0000000000000000        3.9888090071680947E-034   2.3660038838047928E-033
  0.68000000000000038       -1.6618520568329758E-032   1.5367384822719998E-031   0.0000000000000000        0.0000000000000000        5.8135213965703798E-034   3.4396769403484615E-033
  0.69000000000000039       -2.3828423757826705E-032   2.2182657094939457E-031   0.0000000000000000        0.0000000000000000        8.4731507795918327E-034   5.0004379652124738E-033
  0.70000000000000040       -3.4165850572422071E-032   3.2021204132706908E-031   0.0000000000000000        0.0000000000000000        1.2349711097102194E-033   7.2691384569846615E-033
  0.71000000000000041       -4.8987238038841595E-032   4.6224514364189473E-031   0.0000000000000000        0.0000000000000000        1.8002338575212084E-033   1.0567886588496734E-032
  0.72000000000000042       -7.0237214977642930E-032   6.6729483694939940E-031   0.0000000000000000        0.0000000000000000        2.6236327507353967E-033   1.5360007169034677E-032
  0.73000000000000043       -1.0070360749098065E-031   9.6332755089327858E-031   0.0000000000000000        0.0000000000000000        3.8237465630300714E-033   2.2324159269259297E-032
  0.74000000000000044       -1.4438297458779305E-031   1.3907244854180073E-030   0.0000000000000000        0.0000000000000000        5.5756184208620682E-033   3.2459377494466416E-032
  0.75000000000000044       -2.0700457005014289E-031   2.0077942810160763E-030   0.0000000000000000        0.0000000000000000        8.1271075538564521E-033   4.7179053198867188E-032
  0.76000000000000045       -2.9678137548262528E-031   2.8987342360756853E-030   0.0000000000000000        0.0000000000000000        1.1846871873377314E-032   6.8574551983147169E-032
  0.77000000000000046       -4.2548658388813297E-031   4.1851279458375923E-030   0.0000000000000000        0.0000000000000000        1.7273885316593444E-032   9.9687354987276060E-032
  0.78000000000000047       -6.0999652296075813E-031   6.0425507114147897E-030   0.0000000000000000        0.0000000000000000        2.5185435329472990E-032   1.4490849434423675E-031
  0.79000000000000048       -8.7450206570081837E-031   8.7245524680757417E-030   0.0000000000000000        0.0000000000000000        3.6719614788690438E-032   2.1062632648119726E-031
  0.80000000000000049       -1.2536780673386477E-030   1.2597296881352905E-029   0.0000000000000000        0.0000000000000000        5.3537308062444137E-032   3.0614340615126103E-031
  0.81000000000000050       -1.7972257303257645E-030   1.8189592739049825E-029   0.0000000000000000        0.0000000000000000        7.8068334805372083E-032   4.4501270992238527E-031
  0.82000000000000051       -2.5763824192163685E-030   2.6265159331297208E-029   0.0000000000000000        0.0000000000000000        1.1383669870182505E-031   6.4683490841674252E-031
  0.83000000000000052       -3.6932507968005123E-030   3.7927009416675617E-029   0.0000000000000000        0.0000000000000000        1.6598001171076462E-031   9.4008347461210610E-031
  0.84000000000000052       -5.2941678531783752E-030   5.4768228123626645E-029   0.0000000000000000        0.0000000000000000        2.4204201814440742E-031   1.3664091504574437E-030
  0.85000000000000053       -7.5888626069555889E-030   7.9089775554646631E-029   0.0000000000000000        0.0000000000000000        3.5302991488852841E-031   1.9863098672383181E-030
  0.86000000000000054       -1.0877907943801992E-029   1.1421511456186751E-028   0.0000000000000000        0.0000000000000000        5.1478385908847663E-031   2.8867475577892142E-030
  0.87000000000000055       -1.5592056000273611E-029   1.6494471974739093E-028   0.0000000000000000        0.0000000000000000        7.5080809572863981E-031   4.1959387329584588E-030
  0.88000000000000056       -2.2348599157646050E-029   2.3821267504969857E-028   0.0000000000000000        0.0000000000000000        1.0950296254166532E-030   6.0985819648758338E-030
  0.89000000000000057       -3.2032122647370272E-029   3.4403523933012599E-028   0.0000000000000000        0.0000000000000000        1.5970946479359865E-030   8.8637619067041334E-030
  0.90000000000000058       -4.5910200040510435E-029   4.9688124416229121E-028   0.0000000000000000        0.0000000000000000        2.3299802312725382E-030   1.2885270835065340E-029
  0.91000000000000059       -6.5799144799519692E-029   7.1765196550381434E-028   0.0000000000000000        0.0000000000000000        3.3992042642091133E-030   1.8730125409728281E-029
  0.92000000000000060       -9.4301464203090729E-029   1.0365416005524581E-027   0.0000000000000000        0.0000000000000000        4.9576990946170599E-030   2.7220374567101926E-029
  0.93000000000000060       -1.3514601753679821E-028   1.4971701280630288E-027   0.0000000000000000        0.0000000000000000        7.2322657409700534E-030   3.9563967497959648E-029
  0.94000000000000061       -1.9367527700559672E-028   2.1625546756718985E-027   0.0000000000000000        0.0000000000000000        1.0550300124079128E-029   5.7502233056073007E-029
  0.95000000000000062       -2.7754327157474436E-028   3.1237374672988465E-027   0.0000000000000000        0.0000000000000000        1.5391824161318503E-029   8.3577078720371684E-029
  0.96000000000000063       -3.9771525734297882E-028   4.5122525284172961E-027   0.0000000000000000        0.0000000000000000        2.2453471319617746E-029   1.2146228573168370E-028
  0.97000000000000064       -5.6989947596034320E-028   6.5181395238940720E-027   0.0000000000000000        0.0000000000000000        3.2766150520932203E-029   1.7656852598840891E-028
  0.98000000000000065       -8.1659764797509770E-028   9.4159735681101985E-027   0.0000000000000000        0.0000000000000000        4.7808664802036619E-029   2.5663599907572178E-028
  0.99000000000000066       -1.1700414170953959E-027   1.3602478900800319E-026   0.0000000000000000        0.0000000000000000        6.9761298380080238E-029   3.7301592916381745E-028
   1.0000000000000007       -1.6763972822810608E-027   1.9650882748432189E-026   0.0000000000000000        0.0000000000000000        1.0179145550287118E-028   5.4214649729047734E-028
   1.0100000000000007       -2.4017876036741500E-027   2.8389461435058883E-026   0.0000000000000000        0.0000000000000000        1.4854507651305689E-028   7.8800493355996625E-028
   1.0200000000000007       -3.4409114696675781E-027   4.1015048894017485E-026   0.0000000000000000        0.0000000000000000        2.1679338164174277E-028   1.1454247011340380E-027
   1.0300000000000007       -4.9293872104355246E-027   5.9257073518196447E-026   0.0000000000000000        0.0000000000000000        3.1639523796212688E-028   1.6648842081333730E-027
   1.0400000000000007       -7.0614219668201704E-027   8.5614620977640130E-026   0.0000000000000000        0.0000000000000000        4.6173511957847852E-028   2.4197484128435645E-027
   1.0500000000000007       -1.0115105651173034E-026   1.2369903966206200E-025   0.0000000000000000        0.0000000000000000        6.7392397358326305E-028   3.5171422896232985E-027
   1.0600000000000007       -1.4488616493772372E-026   1.7872908707995601E-025   0.0000000000000000        0.0000000000000000        9.8368013629606587E-028   5.1122483555706640E-027
   1.0700000000000007       -2.0752041296426895E-026   2.5824654791178508E-025   0.0000000000000000        0.0000000000000000        1.4358137756429215E-027   7.4306691184895510E-027
   1.0800000000000007       -2.9721538702306520E-026   3.7315051127723163E-025   0.0000000000000000        0.0000000000000000        2.0959086145885833E-027   1.0800833875481960E-026
   1.0900000000000007       -4.2565470087362455E-026   5.3919223038139370E-025   0.0000000000000000        0.0000000000000000        3.0597166012868752E-027   1.5699852404771714E-026
   1.1000000000000008       -6.0956264322612616E-026   7.7913570729478793E-025   0.0000000000000000        0.0000000000000000        4.4662471509702365E-027   2.2818540152687174E-026
   1.1100000000000008       -8.7287704443198281E-026   1.1258805302398413E-024   0.0000000000000000        0.0000000000000000        6.5205086025699265E-027   3.3168476041248879E-026
   1.1200000000000008       -1.2498579031605645E-025   1.6269755895972754E-024   0.0000000000000000        0.0000000000000000        9.5203388282477350E-027   4.8214843040232029E-026
   1.1300000000000008       -1.7895343336601450E-025   2.3511432529364973E-024   0.0000000000000000        0.0000000000000000        1.3899604348336692E-026   7.0081651344408085E-026
   1.1400000000000008       -2.5620653660235025E-025   3.3977096133420672E-024   0.0000000000000000        0.0000000000000000        2.0294894501865206E-026   1.0186947802199614E-025
   1.1500000000000008       -3.6678373254500270E-025   4.9102354495178052E-024   0.0000000000000000        0.0000000000000000        2.9622437670508829E-026   1.4804917214404300E-025
   1.1600000000000008       -5.2504737316240971E-025   7.0962193539161478E-024   0.0000000000000000        0.0000000000000000        4.3277373535373286E-026   2.1528023482312355E-025
   1.1700000000000008       -7.5154382968263656E-025   1.0255578320266397E-023   0.0000000000000000        0.0000000000000000        6.3183478520711820E-026   3.1282038053311508E-025
   1.1800000000000008       -1.0756632469055876E-024   1.4821816460293888E-023   0.0000000000000000        0.0000000000000000        9.2249566373348768E-026   4.5468709034614473E-025
   1.1900000000000008       -1.5394418557990648E-024   2.1421534999270093E-023   0.0000000000000000        0.0000000000000000        1.3473806002834062E-025   6.6101014104286811E-025
   1.2000000000000008       -2.2029969779482412E-024   3.0960455610322510E-023   0.0000000000000000        0.0000000000000000        1.9679269865539009E-025   9.6092764171132684E-025
   1.2100000000000009       -3.1522947851943141E-024   4.4747770457450413E-023   0.0000000000000000        0.0000000000000000        2.8740448911854541E-025   1.3967762603730704E-024
   1.2200000000000009       -4.5102505651228905E-024   6.4675896149270008E-023   0.0000000000000000        0.0000000000000000        4.1971060791620007E-025   2.0301609781720210E-024
   1.2300000000000009       -6.4525889886947502E-024   9.3480318114595417E-023   0.0000000000000000        0.0000000000000000        6.1312562355240634E-025   2.9514752994001954E-024
   1.2400000000000009       -9.2305022878650253E-024   1.3511521175685627E-022   0.0000000000000000        0.0000000000000000        8.9552227376645038E-025   4.2902370559514607E-024
   1.2500000000000009       -1.3203015168155146E-023   1.9529642778401984E-022   0.0000000000000000        0.0000000000000000        1.3078534701334209E-024   6.2355101588755435E-024
   1.2600000000000009       -1.8883207633154886E-023   2.8228641499924796E-022   0.0000000000000000        0.0000000000000000        1.9105067342512725E-024   9.0645072232039175E-024
   1.2700000000000009       -2.7004218731766166E-023   4.0802888099948983E-022   0.0000000000000000        0.0000000000000000        2.7905550727294546E-024   1.3175080295606208E-023
   1.2800000000000009       -3.8613480675276204E-023   5.8978902212026161E-022   0.0000000000000000        0.0000000000000000        4.0778585715782667E-024   1.9157351437338290E-023
   1.2900000000000009       -5.5207234385463778E-023   8.5252458325882737E-022   0.0000000000000000        0.0000000000000000        5.9575469048723470E-024   2.7848987341378567E-023
   1.3000000000000009       -7.8922510705960462E-023   1.2323133677793791E-021   0.0000000000000000        0.0000000000000000        8.7031772917159415E-024   4.0481297573453983E-023
   1.3100000000000009       -1.1281107576455875E-022   1.7813078844903693E-021   0.0000000000000000        0.0000000000000000        1.2716090720962755E-023   5.8848246572902030E-023
   1.3200000000000010       -1.6123025845927228E-022   2.5748975047256807E-021   0.0000000000000000        0.0000000000000000        1.8578819838701107E-023   8.5546655686812282E-023
   1.3300000000000010       -2.3040041722068516E-022   3.7220615862328327E-021   0.0000000000000000        0.0000000000000000        2.7142321206440249E-023   1.2434582407318935E-022
   1.3400000000000010       -3.2919993111394483E-022   5.3803350932547088E-021   0.0000000000000000        0.0000000000000000        3.9663332876518489E-023   1.8077731920884342E-022
   1.3500000000000010       -4.7029867367811512E-022   7.7774414110238032E-021   0.0000000000000000        0.0000000000000000        5.7958051713775991E-023   2.6280271632551784E-022
   1.3600000000000010       -6.7177372162524196E-022   1.1242562180536636E-020   0.0000000000000000        0.0000000000000000        8.4711809681883557E-023   3.8212388301481499E-022
   1.3700000000000010       -9.5941192663726387E-022   1.6251536589024386E-020   0.0000000000000000        0.0000000000000000        1.2375219641775669E-022   5.5534422644046611E-022
   1.3800000000000010       -1.3699905503617169E-021   2.3492194025939783E-020   0.0000000000000000        0.0000000000000000        1.8083472900124965E-022   8.0726886940606630E-022
   1.3900000000000010       -1.9559502360234860E-021   3.3958786443379843E-020   0.0000000000000000        0.0000000000000000        2.6423975020890582E-022   1.1734260094038255E-021
   1.4000000000000010       -2.7920494951582437E-021   4.9088478833795241E-020   0.0000000000000000        0.0000000000000000        3.8620281950842213E-022   1.7059529988046772E-021
   1.4100000000000010       -3.9848383649399741E-021   7.0958625093926663E-020   0.0000000000000000        0.0000000000000000        5.6372233604486030E-022   2.4773446252310382E-021
   1.4200000000000010       -5.6861417564320875E-021   1.0257189265332101E-019   0.0000000000000000        0.0000000000000000        8.2474383949866561E-022   3.6046008724316008E-021
   1.4300000000000010       -8.1122439271517111E-021   1.4826834457114759E-019   0.0000000000000000        0.0000000000000000        1.2054862556918091E-021   5.2404005136605421E-021
   1.4400000000000011       -1.1571176300282439E-020   2.1432099199812789E-019   0.0000000000000000        0.0000000000000000        1.7617116359619883E-021   7.6173076249090318E-021
   1.4500000000000011       -1.6501519027219642E-020   3.0979647586273086E-019   0.0000000000000000        0.0000000000000000        2.5750913147526075E-021   1.1073987508012431E-020
   1.4600000000000011       -2.3527556041986365E-020   4.4779886622021146E-019   0.0000000000000000        0.0000000000000000        3.7623816834871943E-021   1.6093106702315259E-020
   1.4700000000000011       -3.3537648904212270E-020   6.4726705194348505E-019   0.0000000000000000        0.0000000000000000        5.5005365718347946E-021   2.3398571149616835E-020
   1.4800000000000011       -4.7795563768558672E-020   9.3557201147579672E-019   0.0000000000000000        0.0000000000000000        8.0396062876811991E-021   3.4012708677741526E-020
   1.4900000000000011       -6.8098547558470429E-020   1.3522697744748877E-018   0.0000000000000000        0.0000000000000000        1.1746614283381741E-020   4.9426685510686779E-020
   1.5000000000000011       -9.7001696648461519E-020   1.9545240743620666E-018   0.0000000000000000        0.0000000000000000        1.7175402478995765E-020   7.1865909547270053E-020
   1.5100000000000011       -1.3813628899818978E-019   2.8249411674580412E-018   0.0000000000000000        0.0000000000000000        2.5103930031049124E-020   1.0446080951768056E-019
   1.5200000000000011       -1.9666123800376614E-019   4.0828892607488048E-018   0.0000000000000000        0.0000000000000000        3.6695423160150626E-020   1.5184588926787872E-019
   1.5300000000000011       -2.7990305224313017E-019   5.9008514949172595E-018   0.0000000000000000        0.0000000000000000        5.3640522902676535E-020   2.2072565231316698E-019
   1.5400000000000011       -3.9826258985579151E-019   8.5280494960941780E-018   0.0000000000000000        0.0000000000000000        7.8391503569774827E-020   3.2078067110767800E-019
   1.5500000000000012       -5.6649920677779775E-019   1.2324567988502764E-017   0.0000000000000000        0.0000000000000000        1.1458444556904172E-019   4.6625646156861360E-019
   1.5600000000000012       -8.0554844487474303E-019   1.7810645290674337E-017   0.0000000000000000        0.0000000000000000        1.6756619741719684E-019   6.7795542546408586E-019
   1.5700000000000012       -1.1450935638494561E-018   2.5737865140008503E-017   0.0000000000000000        0.0000000000000000        2.4486192235775401E-019   9.8512352311226284E-019
   1.5800000000000012       -1.6272015234962020E-018   3.7191974191670681E-017   0.0000000000000000        0.0000000000000000        3.5783363857814232E-019   1.4315313197243255E-018
   1.5900000000000012       -2.3114610195040495E-018   5.3741363531523315E-017   0.0000000000000000        0.0000000000000000        5.2309913917760606E-019   2.0807931525106803E-018
   1.6000000000000012       -3.2822386207351652E-018   7.7651478451347770E-017   0.0000000000000000        0.0000000000000000        7.6460934885120060E-019   3.0241157058762393E-018
   1.6100000000000012       -4.6589195589984129E-018   1.1219440493104054E-016   0.0000000000000000        0.0000000000000000        1.1175707891615137E-018   4.3947980854310855E-018
   1.6200000000000012       -6.6103510370175606E-018   1.6209584431517828E-016   0.0000000000000000        0.0000000000000000        1.6335093026511660E-018   6.3869896890448673E-018
   1.6300000000000012       -9.3751981039039977E-018   2.3418038948542009E-016   0.0000000000000000        0.0000000000000000        2.3876789854389279E-018   9.2819840159320295E-018
   1.6400000000000012       -1.3290610921926338E-017   3.3830299368355434E-016   0.0000000000000000        0.0000000000000000        3.4894529541768924E-018   1.3487401330951466E-017
   1.6500000000000012       -1.8832565001032557E-017   4.8869343443075051E-016   0.0000000000000000        0.0000000000000000        5.0999485691345398E-018   1.9599010394057546E-017
   1.6600000000000013       -2.6672579997749119E-017   7.0589669091632574E-016   0.0000000000000000        0.0000000000000000        7.4389861774373041E-018   2.8431184888121377E-017
   1.6700000000000013       -3.7757396428155937E-017   1.0195730696146747E-015   0.0000000000000000        0.0000000000000000        1.0896954458488111E-017   4.1388732839318682E-017
   1.6800000000000013       -5.3420798154664589E-017   1.4725385734739053E-015   0.0000000000000000        0.0000000000000000        1.5921433440572591E-017   6.0126347159299573E-017
   1.6900000000000013       -7.5540394271790819E-017   2.1265941792613325E-015   0.0000000000000000        0.0000000000000000        2.3269917447988776E-017   8.7364649781591660E-017
   1.7000000000000013       -1.0675720533717820E-016   3.0709350700501438E-015   0.0000000000000000        0.0000000000000000        3.4007865427310914E-017   1.2693163717418866E-016
   1.7100000000000013       -1.5078286806817624E-016   4.4342801588458183E-015   0.0000000000000000        0.0000000000000000        4.9694132570183730E-017   1.8439827713262101E-016
   1.7200000000000013       -2.1282890718828676E-016   6.4023655026667892E-015   0.0000000000000000        0.0000000000000000        7.2609589731761073E-017   2.6785957418842765E-016
   1.7300000000000013       -3.0020581418390497E-016   9.2431701916575347E-015   0.0000000000000000        0.0000000000000000        1.0606952684247369E-016   3.8901601116778456E-016
   1.7400000000000013       -4.2315796557264338E-016   1.3343287497623192E-014   0.0000000000000000        0.0000000000000000        1.5503767804881053E-016   5.6523782458907366E-016
   1.7500000000000013       -5.9602552627054515E-016   1.9260357746398940E-014   0.0000000000000000        0.0000000000000000        2.2654845906545811E-016   8.2108450452902361E-016
   1.7600000000000013       -8.3885886319127338E-016   2.7798644296160740E-014   0.0000000000000000        0.0000000000000000        3.3107491195525947E-016   1.1928061869847195E-015
   1.7700000000000014       -1.1796579140680708E-015   4.0117950295770851E-014   0.0000000000000000        0.0000000000000000        4.8352183635003928E-016   1.7318932954689887E-015
   1.7800000000000014       -1.6574727704656825E-015   5.7890558688170239E-014   0.0000000000000000        0.0000000000000000        7.0628727730972732E-016   2.5149406982198341E-015
   1.7900000000000014       -2.3266881903571401E-015   8.3527330750326135E-014   0.0000000000000000        0.0000000000000000        1.0317598040496311E-015   3.6521524481523508E-015
   1.8000000000000014       -3.2629313789037363E-015   1.2050338080736434E-013   0.0000000000000000        0.0000000000000000        1.5068168917775232E-015   5.3024047370289347E-015
   1.8100000000000014       -4.5711989136008124E-015   1.7382709415626121E-013   0.0000000000000000        0.0000000000000000        2.2011996289873551E-015   7.6998855345375593E-015
   1.8200000000000014       -6.3970076081243253E-015   2.5071544889098411E-013   0.0000000000000000        0.0000000000000000        3.2149763465764836E-015   1.1179157169952171E-014
   1.8300000000000014       -8.9416510954880519E-015   3.6156619168895699E-013   0.0000000000000000        0.0000000000000000        4.6918130329618779E-015   1.6220964693778342E-014
   1.8400000000000014       -1.2483008292489377E-014   5.2135706454026828E-013   0.0000000000000000        0.0000000000000000        6.8542171759162668E-015   2.3554340085152681E-014
   1.8500000000000014       -1.7403824816133587E-014   7.5165923762085916E-013   0.0000000000000000        0.0000000000000000        1.0007773240989405E-014   3.4187723128874455E-014
   1.8600000000000014       -2.4230000408852068E-014   1.0835339081505940E-012   0.0000000000000000        0.0000000000000000        1.4609647451340785E-014   4.9615646807464665E-014
   1.8700000000000014       -3.3682193006737413E-014   1.5616984794649721E-012   0.0000000000000000        0.0000000000000000        2.1326810444044596E-014   7.1997556100200084E-014
   1.8800000000000014       -4.6745020356417704E-014   2.2505173220335951E-012   0.0000000000000000        0.0000000000000000        3.1131947654328786E-014   1.0447779014540279E-013
   1.8900000000000015       -6.4759322053941591E-014   3.2426140211220448E-012   0.0000000000000000        0.0000000000000000        4.5435966471067343E-014   1.5158167148748613E-013
   1.9000000000000015       -8.9544337203887713E-014   4.6712490013511783E-012   0.0000000000000000        0.0000000000000000        6.6302648492244227E-014   2.1989023045222993E-013
   1.9100000000000015       -1.2355821255721416E-013   6.7281039613446898E-012   0.0000000000000000        0.0000000000000000        9.6684076373076363E-014   3.1882846754560503E-013
   1.9200000000000015       -1.7010686226560199E-013   9.6888277218108766E-012   0.0000000000000000        0.0000000000000000        1.4115750779137989E-013   4.6263830043117745E-013
   1.9300000000000015       -2.3361259552652136E-013   1.3949719955474620E-011   0.0000000000000000        0.0000000000000000        2.0590060958821472E-013   6.7086830564171254E-013
   1.9400000000000015       -3.1995462149626185E-013   2.0080392879616354E-011   0.0000000000000000        0.0000000000000000        3.0031725064935466E-013   9.7275969476064872E-013
   1.9500000000000015       -4.3689265452519785E-013   2.8899346478961681E-011   0.0000000000000000        0.0000000000000000        4.3802169976727609E-013   1.4104420208975757E-012
   1.9600000000000015       -5.9458087108864838E-013   4.1582391744191195E-011   0.0000000000000000        0.0000000000000000        6.3893207672840578E-013   2.0451468734605319E-012
   1.9700000000000015       -8.0616989991837926E-013   5.9818146427319187E-011   0.0000000000000000        0.0000000000000000        9.3114602263132091E-013   2.9633580378059963E-012
   1.9800000000000015       -1.0884752523640676E-012   8.6030962075450697E-011   0.0000000000000000        0.0000000000000000        1.3573024713168641E-012   4.2944135011283015E-012
   1.9900000000000015       -1.4626550174488977E-012   1.2370040845089584E-010   0.0000000000000000        0.0000000000000000        1.9779217034367843E-012   6.2217791178697339E-012
   2.0000000000000013       -1.9547772720956638E-012   1.7781896622708656E-010   0.0000000000000000        0.0000000000000000        2.8829189171068905E-012   9.0153150902561468E-012
   2.0100000000000011       -2.5960520233929920E-012   2.5554746268730955E-010   0.0000000000000000        0.0000000000000000        4.1999077914707258E-012   1.3057576644729617E-011
   2.0200000000000009       -3.4223279647108810E-012   3.6715330812848864E-010   0.0000000000000000        0.0000000000000000        6.1179025841505966E-012   1.8910461988251257E-011
   2.0300000000000007       -4.4721712664237460E-012   5.2735299657375573E-010   0.0000000000000000        0.0000000000000000        8.9093796125779504E-012   2.7380872467247043E-011
   2.0400000000000005       -5.7823912047696662E-012   7.5723223472046538E-010   0.0000000000000000        0.0000000000000000        1.2974145968202162E-011   3.9642593855903460E-011
   2.0500000000000003       -7.3791628164953234E-012   1.0869910084955441E-009   0.0000000000000000        0.0000000000000000        1.8885282059034833E-011   5.7373398824721238E-011
   2.0600000000000001       -9.2617789873682541E-012   1.5598661844308945E-009   0.0000000000000000        0.0000000000000000        2.7486842479574920E-011   8.3030013331680760E-011
   2.0699999999999998       -1.1374330418878918E-011   2.2377340559919735E-009   0.0000000000000000        0.0000000000000000        3.9999406748542940E-011   1.2013288773454455E-010
   2.0799999999999996       -1.3557941257972629E-011   3.2091082547876343E-009   0.0000000000000000        0.0000000000000000        5.8187485264147880E-011   1.7376930998589614E-010
   2.0899999999999994       -1.5472100523736032E-011   4.6005510681969727E-009   0.0000000000000000        0.0000000000000000        8.4624803962118057E-011   2.5129030967859448E-010
   2.0999999999999992       -1.6467407823269801E-011   6.5929457578973919E-009   0.0000000000000000        0.0000000000000000        1.2302770168480750E-010   3.6328326892478447E-010
   2.1099999999999990       -1.5382629744145210E-011   9.4446866059364210E-009   0.0000000000000000        0.0000000000000000        1.7883586435555755E-010   5.2511014692368636E-010
   2.1199999999999988       -1.0224760024961283E-011   1.3524706276357702E-008   0.0000000000000000        0.0000000000000000        2.5993011792554576E-010   7.5894026838895774E-010
   2.1299999999999986        2.3305427413472617E-012   1.9359480913750893E-008   0.0000000000000000        0.0000000000000000        3.7748572831367012E-010   1.0961682492165340E-009
   2.1399999999999983        2.7712638605244081E-011   2.7699878454136755E-008   0.0000000000000000        0.0000000000000000        5.4835498567081840E-010   1.5835332230133951E-009
   2.1499999999999981        7.4645677499752736E-011   3.9616149609090804E-008   0.0000000000000000        0.0000000000000000        7.9700155243857551E-010   2.2883191329435746E-009
   2.1599999999999979        1.5696685866946067E-010   5.6632789701608551E-008   0.0000000000000000        0.0000000000000000        1.1558051392379905E-009   3.3007488168191786E-009
   2.1699999999999977        2.9638971405023791E-010   8.0919820816921080E-008   0.0000000000000000        0.0000000000000000        1.6721329776834786E-009   4.7526129326386224E-009
   2.1799999999999975        5.2668236305038562E-010   1.1556380949269503E-007   0.0000000000000000        0.0000000000000000        2.4317516683476052E-009   6.8692787977480948E-009
   2.1899999999999973        8.9995587636974108E-010   1.6495140804545282E-007   0.0000000000000000        0.0000000000000000        3.5240892676771613E-009   9.9036766608110232E-009
   2.1999999999999971        1.4960872166903790E-009   2.3531143653871513E-007   0.0000000000000000        0.0000000000000000        5.1074743762193189E-009   1.4276939565159217E-008
   2.2099999999999969        2.4367809978259161E-009   3.3547994204184516E-007   0.0000000000000000        0.0000000000000000        7.3977393376013748E-009   2.0569871099624237E-008
   2.2199999999999966        3.9064703899212656E-009   4.7797823141289800E-007   0.0000000000000000        0.0000000000000000        1.0712336881366480E-008   2.9630662074806327E-008
   2.2299999999999964        6.1832629709133917E-009   6.8052919980507858E-007   0.0000000000000000        0.0000000000000000        1.5503281067344347E-008   4.2660920968519079E-008
   2.2399999999999962        9.6845826657452362E-009   9.6818587208116153E-007   0.0000000000000000        0.0000000000000000        2.2429278718378385E-008   6.1400741718923709E-008
   2.2499999999999960        1.5034225323848565E-008   1.3763125484402829E-006   0.0000000000000000        0.0000000000000000        3.2424845785203044E-008   8.8314096964839332E-008
   2.2599999999999958        2.3160481689797624E-008   1.9547492634402883E-006   0.0000000000000000        0.0000000000000000        4.6865382248327593E-008   1.2700216241406609E-007
   2.2699999999999956        3.5439124024811544E-008   2.7736119706651699E-006   0.0000000000000000        0.0000000000000000        6.7669293986697073E-008   1.8247373143539910E-007
   2.2799999999999954        5.3900848287724491E-008   3.9313431865531088E-006   0.0000000000000000        0.0000000000000000        9.7712759121577268E-008   2.6217865802134993E-007
   2.2899999999999952        8.1530791493459280E-008   5.5658415440472611E-006   0.0000000000000000        0.0000000000000000        1.4092846340783510E-007   3.7632108452206763E-007
   2.2999999999999949        1.2269872848507128E-007   7.8697754643210208E-006   0.0000000000000000        0.0000000000000000        2.0319048835066423E-007   5.3995297439177942E-007
   2.3099999999999947        1.8377335721314005E-007   1.1111536810590800E-005   0.0000000000000000        0.0000000000000000        2.9263672536726352E-007   7.7404233864398419E-007
   2.3199999999999945        2.7399365563229178E-007   1.5663721685579988E-005   0.0000000000000000        0.0000000000000000        4.2134150243359562E-007   1.1092856146849627E-006
   2.3299999999999943        4.0669553248326417E-007   2.2041534074758944E-005   0.0000000000000000        0.0000000000000000        6.0587489468001031E-007   1.5879701136023905E-006
   2.3399999999999941        6.0102345479358750E-007   3.0954070159047777E-005   0.0000000000000000        0.0000000000000000        8.7072922931692418E-007   2.2719557060506891E-006
   2.3499999999999939        8.8429410844722128E-007   4.3371997038164834E-005   0.0000000000000000        0.0000000000000000        1.2498754437530473E-006   3.2473726303281855E-006
   2.3599999999999937        1.2952203836325526E-006   6.0615570364739510E-005   0.0000000000000000        0.0000000000000000        1.7930161068518937E-006   4.6384132343199699E-006
   2.3699999999999934        1.8882439331840647E-006   8.4467032520592355E-005   0.0000000000000000        0.0000000000000000        2.5675820410864386E-006   6.6160014904257772E-006
   2.3799999999999932        2.7392531250143541E-006   1.1731086438075384E-004   0.0000000000000000        0.0000000000000000        3.6724260966024297E-006   9.4261885586392810E-006
   2.3899999999999930        3.9529630815218988E-006   1.6230364699721235E-004   0.0000000000000000        0.0000000000000000        5.2446553771886937E-006   1.3412654888355965E-005
   2.3999999999999928        5.6721790935396989E-006   2.2357179707188703E-004   0.0000000000000000        0.0000000000000000        7.4797151762213921E-006   1.9061644352805361E-005
   2.4099999999999926        8.0890177310060775E-006   3.0642947907013717E-004   0.0000000000000000        0.0000000000000000        1.0640447123256776E-005   2.7034543710844599E-005
   2.4199999999999924        1.1457879106790340E-005   4.1760002565466298E-004   0.0000000000000000        0.0000000000000000        1.5120132716960110E-005   3.8296634875647185E-005
   2.4299999999999922        1.6109511930441321E-005   5.6541224111688454E-004   0.0000000000000000        0.0000000000000000        2.1427876362503240E-005   5.4128988023759745E-005
   2.4399999999999920        2.2464881026662317E-005   7.5992923328994445E-004   0.0000000000000000        0.0000000000000000        3.0286247022033726E-005   7.6331321448357283E-005
   2.4499999999999917        3.1046787718567370E-005   1.0129550156355326E-003   0.0000000000000000        0.0000000000000000        4.2670425985016985E-005   1.0734977188796466E-004
   2.4599999999999915        4.2486459170963011E-005   1.3378583918017160E-003   0.0000000000000000        0.0000000000000000        5.9917700922204503E-005   1.5054284013392405E-004
   2.4699999999999913        5.7521883493747671E-005   1.7491615390470992E-003   0.0000000000000000        0.0000000000000000        8.3794079111563726E-005   2.1038023859841587E-004
   2.4799999999999911        7.6984874631053015E-005   2.2618684608715646E-003   0.0000000000000000        0.0000000000000000        1.1667213174562467E-004   2.9291280554988324E-004
   2.4899999999999909        1.0177501561425097E-004   2.8905574569347797E-003   0.0000000000000000        0.0000000000000000        1.6161721095781878E-004   4.0606127088176471E-004
   2.4999999999999907        1.3282082172433063E-004   3.6483241532755846E-003   0.0000000000000000        0.0000000000000000        2.2263063888721822E-004   5.6023320053986438E-004
   2.5099999999999905        1.7103132687673513E-004   4.5457191030406508E-003   0.0000000000000000        0.0000000000000000        3.0449845241582724E-004   7.6839022762413003E-004
   2.5199999999999902        2.1724400345920374E-004   5.5898525182502979E-003   0.0000000000000000        0.0000000000000000        4.1380943506860848E-004   1.0481499903610852E-003
   2.5299999999999900        2.7217643561036815E-004   6.7838198527126565E-003   0.0000000000000000        0.0000000000000000        5.5766841358450333E-004   1.4198145428640403E-003
   2.5399999999999898        3.3638869871502553E-004   8.1265347037927944E-003   0.0000000000000000        0.0000000000000000        7.4523626240024371E-004   1.9096979387970151E-003
   2.5499999999999896        4.1026089877690974E-004   9.6129604118670459E-003   0.0000000000000000        0.0000000000000000        9.8676655472707008E-004   2.5488113119229400E-003
   2.5599999999999894        4.9398658655628474E-004   1.1234642559856152E-002   0.0000000000000000        0.0000000000000000        1.2944756670171629E-003   3.3749039309904669E-003
   2.5699999999999892        5.8757907624054835E-004   1.2980391551445173E-002   0.0000000000000000        0.0000000000000000        1.6799737408694025E-003   4.4291224555718794E-003
   2.5799999999999890        6.9088524596738093E-004   1.4836960196990007E-002   0.0000000000000000        0.0000000000000000        2.1586166194603562E-003   5.7629476517066774E-003
   2.5899999999999888        8.0360074092497081E-004   1.6789597777279182E-002   0.0000000000000000        0.0000000000000000        2.7456690366064605E-003   7.4330798050407810E-003
   2.5999999999999885        9.2528146912091813E-004   1.8822418789231191E-002   0.0000000000000000        0.0000000000000000        3.4563367099908491E-003   9.5009776329211173E-003
   2.6099999999999883        1.0553482225656643E-003   2.0918580124607889E-002   0.0000000000000000        0.0000000000000000        4.3085119689790429E-003   1.2038970353292244E-002
   2.6199999999999881        1.1930834263174435E-003   2.3060300943142886E-002   0.0000000000000000        0.0000000000000000        5.3225105312909027E-003   1.5127671847986149E-002
   2.6299999999999879        1.3376208685350896E-003   2.5228780680712395E-002   0.0000000000000000        0.0000000000000000        6.5188815701621924E-003   1.8855236220306774E-002
   2.6399999999999877        1.4879305503628173E-003   2.7404075173576684E-002   0.0000000000000000        0.0000000000000000        7.9201785069588151E-003   2.3314872240688504E-002
   2.6499999999999875        1.6428015133078653E-003   2.9564984502277843E-002   0.0000000000000000        0.0000000000000000        9.5573270899231878E-003   2.8620889088491322E-002
   2.6599999999999873        1.8008257784019755E-003   3.1688994542670969E-002   0.0000000000000000        0.0000000000000000        1.1449865162195771E-002   3.4880366138131114E-002
   2.6699999999999871        1.9603865129891951E-003   3.3752301510939386E-002   0.0000000000000000        0.0000000000000000        1.3649262844219773E-002   4.2228956062004670E-002
   2.6799999999999868        2.1196533383178373E-003   3.5729937399994090E-002   0.0000000000000000        0.0000000000000000        1.6194628232962159E-002   5.0822292410706293E-002
   2.6899999999999866        2.2765873625161695E-003   3.7596005145302903E-002   0.0000000000000000        0.0000000000000000        1.9121656378202553E-002   6.0786662509574797E-002
   2.6999999999999864        2.4289580842031320E-003   3.9324025770107671E-002   0.0000000000000000        0.0000000000000000        2.2489304585786241E-002   7.2296872135782106E-002
   2.7099999999999862        2.5743737532909605E-003   4.0887395275313508E-002   0.0000000000000000        0.0000000000000000        2.6353723654579969E-002   8.5526892974075217E-002
   2.7199999999999860        2.7103260838598274E-003   4.2259945970082743E-002   0.0000000000000000        0.0000000000000000        3.0775378403473799E-002  0.10064982197930966     
   2.7299999999999858        2.8342493848297397E-003   4.3416604350749358E-002   0.0000000000000000        0.0000000000000000        3.5822819196716316E-002  0.11785952385897451     
   2.7399999999999856        2.9435932206390062E-003   4.4334134414278900E-002   0.0000000000000000        0.0000000000000000        4.1578251566767074E-002  0.13737350123192701     
   2.7499999999999853        3.0359066706290589E-003   4.4991950309880339E-002   0.0000000000000000        0.0000000000000000        4.8113461970543690E-002  0.15937536961399035     
   2.7599999999999851        3.1089311778231292E-003   4.5372974657605515E-002   0.0000000000000000        0.0000000000000000        5.5520587539043015E-002  0.18408477624151348     
   2.7699999999999849        3.1606979389603245E-003   4.5464508576787833E-002   0.0000000000000000        0.0000000000000000        6.3890003128358908E-002  0.21171223619880514     
   2.7799999999999847        3.1896248748405523E-003   4.5259067428655285E-002   0.0000000000000000        0.0000000000000000        7.3325522388120498E-002  0.24246303017641996     
   2.7899999999999845        3.1946075264914376E-003   4.4755124626696313E-002   0.0000000000000000        0.0000000000000000        8.3949743945021582E-002  0.27655303630819422     
   2.7999999999999843        3.1750978399701485E-003   4.3957697600844087E-002   0.0000000000000000        0.0000000000000000        9.5880711924954204E-002  0.31416665825110951     
   2.8099999999999841        3.1311648116334008E-003   4.2878708210797825E-002   0.0000000000000000        0.0000000000000000       0.10926874183381367       0.35550182132657765     
   2.8199999999999839        3.0635314270306443E-003   4.1537056817482487E-002   0.0000000000000000        0.0000000000000000       0.12427064478875405       0.40072639694329421     
   2.8299999999999836        2.9735832710511704E-003   3.9958365404774633E-002   0.0000000000000000        0.0000000000000000       0.14109587130028839       0.44999871528099711     
   2.8399999999999834        2.8633456072509199E-003   3.8174369206066268E-002   0.0000000000000000        0.0000000000000000       0.15994694301057896       0.50351614307692505     
   2.8499999999999832        2.7354275684980840E-003   3.6221965216199366E-002   0.0000000000000000        0.0000000000000000       0.18108901832157945       0.56136616042661336     
   2.8599999999999830        2.5929342696153395E-003   3.4141955904831843E-002   0.0000000000000000        0.0000000000000000       0.20481814702426318       0.62370114282970668     
   2.8699999999999828        2.4393499996008474E-003   3.1977553606004683E-002   0.0000000000000000        0.0000000000000000       0.23147531936909560       0.69064395468509698     
   2.8799999999999826        2.2783979906891103E-003   2.9772732418770733E-002   0.0000000000000000        0.0000000000000000       0.26149362957012745       0.76241340772771704     
   2.8899999999999824        2.1138843814328010E-003   2.7570528082873868E-002   0.0000000000000000        0.0000000000000000       0.29529819581143679       0.83906577634201351     
   2.8999999999999821        1.9495356701419292E-003   2.5411391332127248E-002   0.0000000000000000        0.0000000000000000       0.33339110503663805       0.92066186177009868     
   2.9099999999999819        1.7888399871601572E-003   2.3331696682310856E-002   0.0000000000000000        0.0000000000000000       0.37642139707853040        1.0075000576257587     
   2.9199999999999817        1.6349027340477977E-003   2.1362497115891780E-002   0.0000000000000000        0.0000000000000000       0.42498015681241741        1.0995355578700476     
   2.9299999999999815        1.4903264456374216E-003   1.9528596783247726E-002   0.0000000000000000        0.0000000000000000       0.47985512745186304        1.1969713885259703     
   2.9399999999999813        1.3571231161263811E-003   1.7847990137315292E-002   0.0000000000000000        0.0000000000000000       0.54192248858100245        1.3000397495893434     
   2.9499999999999811        1.2366647837939594E-003   1.6331688700907447E-002   0.0000000000000000        0.0000000000000000       0.61211502518444583        1.4088411212343395     
   2.9599999999999809        1.1296750856276594E-003   1.4983928093571760E-002   0.0000000000000000        0.0000000000000000       0.69146567461347552        1.5234106443598197     
   2.9699999999999807        1.0362610603225095E-003   1.3802720391857483E-002   0.0000000000000000        0.0000000000000000       0.78132819596718683        1.6442835685636088     
   2.9799999999999804        9.5598104827520855E-004   1.2780692772742606E-002   0.0000000000000000        0.0000000000000000       0.88293391085641060        1.7712899673871318     
   2.9899999999999802        8.8794148799467272E-004   1.1906134896418365E-002   0.0000000000000000        0.0000000000000000       0.99790138069913614        1.9048580468176808     
   2.9999999999999800        8.3091309355706907E-004   1.1164166343734280E-002   0.0000000000000000        0.0000000000000000        1.1279899952643222        2.0452195195499980     
   3.0099999999999798        7.8345559595064502E-004   1.0537932628083533E-002   0.0000000000000000        0.0000000000000000        1.2751606065011940        2.1925684186189485     
   3.0199999999999796        7.4404010068423109E-004   1.0009743938841726E-002   0.0000000000000000        0.0000000000000000        1.4416915401902766        2.3472486244256405     
   3.0299999999999794        7.1115916245480953E-004   9.5620839671788620E-003   0.0000000000000000        0.0000000000000000        1.6301580996931868        2.5095816979567021     
   3.0399999999999792        6.8341675328657283E-004   9.1784351571426379E-003   0.0000000000000000        0.0000000000000000        1.8434831934170395        2.6799790732039801     
   3.0499999999999790        6.5959310959166656E-004   8.8438890983651933E-003   0.0000000000000000        0.0000000000000000        2.0849900597940318        2.8587027126497802     
   3.0599999999999787        6.3868259248500410E-004   8.5455337897254145E-003   0.0000000000000000        0.0000000000000000        2.3585084156512797        3.0463411144290591     
   3.0699999999999785        6.1990575249646750E-004   8.2726304821420984E-003   0.0000000000000000        0.0000000000000000        2.6684634713324882        3.2433189227029988     
   3.0799999999999783        6.0269935447537554E-004   8.0166095321374652E-003   0.0000000000000000        0.0000000000000000        3.0198442949419020        3.4499286946479812     
   3.0899999999999781        5.8668988827519509E-004   7.7709257025732658E-003   0.0000000000000000        0.0000000000000000        3.4185194402344599        3.6667590387178604     
   3.0999999999999779        5.7165690804460146E-004   7.5308180976034955E-003   0.0000000000000000        0.0000000000000000        3.8712349517805253        3.8943961628974293     
   3.1099999999999777        5.5749241442137009E-004   7.2930188118559263E-003   0.0000000000000000        0.0000000000000000        4.3858579784076737        4.1332542451829584     
   3.1199999999999775        5.4416157796334530E-004   7.0554485792454222E-003   0.0000000000000000        0.0000000000000000        4.9715981442895130        4.3839041419251235     
   3.1299999999999772        5.3166866641329261E-004   6.8169288863106012E-003   0.0000000000000000        0.0000000000000000        5.6392533103379563        4.6468595555161842     
   3.1399999999999770        5.2003039845094248E-004   6.5769299799377885E-003   0.0000000000000000        0.0000000000000000        6.4015079969465711        4.9223728091353882     
   3.1499999999999768        5.0925740002361411E-004   6.3353645835763760E-003   0.0000000000000000        0.0000000000000000        7.2736039164562163        5.2113938562165840     
   3.1599999999999766        4.9934321083569186E-004   6.0924291491192308E-003   0.0000000000000000        0.0000000000000000        8.2729420585915676        5.5140839408511164     
   3.1699999999999764        4.9025949782778404E-004   5.8484887747319988E-003   0.0000000000000000        0.0000000000000000        9.4213219334429166        5.8313953132485681     
   3.1799999999999762        4.8195579029531595E-004   5.6039986318176579E-003   0.0000000000000000        0.0000000000000000        10.744377773344301        6.1630521334595496     
   3.1899999999999760        4.7436208099424146E-004   5.3594535591615783E-003   0.0000000000000000        0.0000000000000000        12.272980042246893        6.5097419916495314     
   3.1999999999999758        4.6739291240870866E-004   5.1153578381378725E-003   0.0000000000000000        0.0000000000000000        14.044470113078352        6.8718552685158008     
   3.2099999999999755        4.6095195143745017E-004   4.8722084272741660E-003   0.0000000000000000        0.0000000000000000        16.104538668595534        7.2498521871121087     
   3.2199999999999753        4.5493643703652456E-004   4.6304865485490149E-003   0.0000000000000000        0.0000000000000000        18.508848326557647        7.6439419220162410     
   3.2299999999999751        4.4924119351226672E-004   4.3906540796882429E-003   0.0000000000000000        0.0000000000000000        21.326020511635541        8.0544569481712021     
   3.2399999999999749        4.4376211045124803E-004   4.1531524921313307E-003   0.0000000000000000        0.0000000000000000        24.640868320101998        8.4816348016436951     
   3.2499999999999747        4.3839910543833625E-004   3.9184030095272254E-003   0.0000000000000000        0.0000000000000000        28.558939175621173        8.9256984936414980     
   3.2599999999999745        4.3305863260069259E-004   3.6868072727747206E-003   0.0000000000000000        0.0000000000000000        33.212382961448952        9.3868847261729513     
   3.2699999999999743        4.2765580735807534E-004   3.4587481586701302E-003   0.0000000000000000        0.0000000000000000        38.767942226064726        9.8652786783456907     
   3.2799999999999740        4.2211620894018015E-004   3.2345905923420264E-003   0.0000000000000000        0.0000000000000000        45.437359270672083        10.361067630335553     
   3.2899999999999738        4.1637741186213901E-004   3.0146822872075818E-003   0.0000000000000000        0.0000000000000000        53.492051920870701        10.874251135113147     
   3.2999999999999736        4.1039029239026381E-004   2.7993543876195302E-003   0.0000000000000000        0.0000000000000000        63.282614380405775        11.404821457250112     
   3.3099999999999734        4.0412015791775884E-004   2.5889220072777084E-003   0.0000000000000000        0.0000000000000000        75.266234498677420        11.952567286405623     
   3.3199999999999732        3.9754775604500725E-004   2.3836846663216459E-003   0.0000000000000000        0.0000000000000000        90.045832312496401        12.517185303884409     
   3.3299999999999730        3.9067023625620365E-004   2.1839266398674868E-003   0.0000000000000000        0.0000000000000000        108.42439111261093        13.098136979916218     
   3.3399999999999728        3.8350216229549717E-004   1.9899172456092377E-003   0.0000000000000000        0.0000000000000000        131.48496142014210        13.694516595452958     
   3.3499999999999726        3.7607671228715052E-004   1.8019111228396170E-003   0.0000000000000000        0.0000000000000000        160.70742134517639        14.304932903820379     
   3.3599999999999723        3.6844726523771703E-004   1.6201485969170252E-003   0.0000000000000000        0.0000000000000000        198.14207745978879        14.927405071855372     
   3.3699999999999721        3.6068967320024200E-004   1.4448562937477139E-003   0.0000000000000000        0.0000000000000000        246.67610673446214        15.558657042300412     
   3.3799999999999719        3.5290568860617716E-004   1.2762482895665034E-003   0.0000000000000000        0.0000000000000000        310.43754237327971        16.194303633598796     
   3.3899999999999717        3.4522831502367744E-004   1.1145282914229071E-003   0.0000000000000000        0.0000000000000000        395.44255976682666        16.827465825407138     
   3.3999999999999715        3.3783039606684849E-004   9.5989371802012759E-004   0.0000000000000000        0.0000000000000000        510.62544738914346        17.448029785473381     
   3.4099999999999713        3.3093880581474812E-004   8.1254323668696852E-004   0.0000000000000000        0.0000000000000000        669.51748492363311        18.040800775597521     
   3.4199999999999711        3.2485873386058767E-004   6.7269061614359880E-004   0.0000000000000000        0.0000000000000000        893.02324935988031        18.581285177971097     
   3.4299999999999708        3.2001719001875927E-004   5.4059034514493203E-004   0.0000000000000000        0.0000000000000000        1213.9521440209351        19.027633239828031     
   3.4399999999999706        3.1704581229783448E-004   4.1658590922187284E-004   0.0000000000000000        0.0000000000000000        1684.3214144665837        19.307393757088608     
   3.4499999999999704        3.1695189718224082E-004   3.0120390507517621E-004   0.0000000000000000        0.0000000000000000        2385.9491540853669        19.305419969767343     
   3.4599999999999702        3.2151378729610542E-004   1.9534772386426864E-004   0.0000000000000000        0.0000000000000000        3440.6215488595903        18.843147455365003     
   3.4699999999999700        3.3435664007026649E-004   1.0073159468367597E-004   0.0000000000000000        0.0000000000000000        4995.2702744789158        17.553986426331111     
   3.4799999999999698        3.6473629804154473E-004   2.1001687683293307E-005   0.0000000000000000        0.0000000000000000        6968.5638374760965        14.543252457603341     
   3.4899999999999696        4.4925204971767087E-004  -3.4441561085617649E-005   0.0000000000000000        0.0000000000000000        7925.2527155263533        8.8345241362558529     
   3.4999999999999694        191.49333778438370       -1.6579616918495677E-010   0.0000000000000000        0.0000000000000000                            NaN                       NaN
