8.500e+01 1.28926e-06 6.49674e-04
9.000e+01 2.29282e-05 7.55645e-04
9.500e+01 5.34661e-05 8.94497e-04
1.000e+02 9.52140e-05 1.07221e-03
1.050e+02 1.51959e-04 1.29297e-03
1.100e+02 2.26419e-04 1.55967e-03
1.150e+02 3.19437e-04 1.87680e-03
1.200e+02 4.34404e-04 2.24726e-03
1.250e+02 5.73842e-04 2.67226e-03
1.300e+02 7.39747e-04 3.15163e-03
1.350e+02 9.33386e-04 3.68348e-03
1.400e+02 1.15709e-03 4.26050e-03
1.450e+02 1.41013e-03 4.87103e-03
1.500e+02 1.68882e-03 5.50113e-03
1.550e+02 1.98668e-03 6.13684e-03
1.600e+02 2.29814e-03 6.76484e-03
1.650e+02 2.61574e-03 7.37378e-03
1.700e+02 2.93440e-03 7.95398e-03
1.750e+02 3.24780e-03 8.49667e-03
1.800e+02 3.55190e-03 8.99670e-03
1.850e+02 3.84248e-03 9.45105e-03
1.900e+02 4.11661e-03 9.86102e-03
1.950e+02 4.37422e-03 1.02293e-02
2.000e+02 4.61645e-03 1.05586e-02
2.050e+02 4.84426e-03 1.08519e-02
2.100e+02 5.05861e-03 1.11087e-02
2.150e+02 5.25780e-03 1.13294e-02
2.200e+02 5.44289e-03 1.15153e-02
2.250e+02 5.61283e-03 1.16598e-02
2.300e+02 5.76296e-03 1.17566e-02
2.350e+02 5.88979e-03 1.18022e-02
2.400e+02 5.98971e-03 1.17920e-02
2.450e+02 6.05944e-03 1.17212e-02
2.500e+02 6.09431e-03 1.15850e-02
2.550e+02 6.09033e-03 1.13806e-02
2.600e+02 6.04603e-03 1.11083e-02
2.650e+02 5.96033e-03 1.07744e-02
2.700e+02 5.83521e-03 1.03818e-02
2.750e+02 5.67453e-03 9.94115e-03
2.800e+02 5.48245e-03 9.46115e-03
2.850e+02 5.26263e-03 8.95071e-03
2.900e+02 5.02126e-03 8.42008e-03
2.950e+02 4.76269e-03 7.87690e-03
3.000e+02 4.49155e-03 7.32962e-03
3.050e+02 4.21404e-03 6.78655e-03
3.100e+02 3.93390e-03 6.25642e-03
3.150e+02 3.65629e-03 5.74499e-03
3.200e+02 3.38578e-03 5.25829e-03
3.250e+02 3.12480e-03 4.79985e-03
3.300e+02 2.87463e-03 4.37140e-03
3.350e+02 2.63738e-03 3.97339e-03
3.400e+02 2.41362e-03 3.60668e-03
3.450e+02 2.20392e-03 3.27091e-03
3.500e+02 2.00919e-03 2.96555e-03
3.550e+02 1.82823e-03 2.68912e-03
3.600e+02 1.66097e-03 2.43865e-03
3.650e+02 1.50683e-03 2.21421e-03
3.700e+02 1.36539e-03 2.01336e-03
3.750e+02 1.23683e-03 1.83403e-03
3.800e+02 1.12094e-03 1.67509e-03
3.850e+02 1.01612e-03 1.53464e-03
3.900e+02 9.22376e-04 1.41048e-03
3.950e+02 8.39276e-04 1.30142e-03
4.000e+02 7.65287e-04 1.20575e-03
4.050e+02 7.00480e-04 1.12150e-03
4.100e+02 6.45988e-04 1.04583e-03
4.150e+02 5.97668e-04 9.81312e-04
4.200e+02 5.57335e-04 9.24770e-04
4.250e+02 5.24897e-04 8.75529e-04
4.300e+02 4.99964e-04 8.32938e-04
4.350e+02 4.82456e-04 7.96489e-04
4.400e+02 4.70424e-04 7.65685e-04
4.450e+02 4.61398e-04 7.39199e-04
4.500e+02 4.55347e-04 7.15169e-04
4.550e+02 4.52159e-04 6.92672e-04
4.600e+02 4.51584e-04 6.71276e-04
4.650e+02 4.55906e-04 6.48239e-04
4.700e+02 4.59618e-04 6.28487e-04
4.750e+02 4.65324e-04 6.09232e-04
4.800e+02 4.72867e-04 5.90401e-04
4.850e+02 4.82123e-04 5.71969e-04
4.900e+02 4.93124e-04 5.53875e-04
4.950e+02 5.05830e-04 5.36118e-04
5.000e+02 5.20290e-04 5.18711e-04
5.050e+02 5.36589e-04 5.01636e-04
5.100e+02 5.54851e-04 4.84925e-04
5.150e+02 5.75278e-04 4.68560e-04
5.200e+02 6.02461e-04 4.49469e-04
5.250e+02 6.28054e-04 4.33887e-04
5.300e+02 6.56778e-04 4.18707e-04
5.350e+02 6.89330e-04 4.03900e-04
5.400e+02 7.26432e-04 3.89513e-04
5.450e+02 7.68789e-04 3.75602e-04
5.500e+02 8.17199e-04 3.62224e-04
5.550e+02 8.72748e-04 3.49387e-04
5.600e+02 9.36929e-04 3.37076e-04
5.650e+02 1.01171e-03 3.25239e-04
5.700e+02 1.09968e-03 3.13842e-04
5.750e+02 1.20935e-03 3.00692e-04
5.800e+02 1.33845e-03 2.88917e-04
5.850e+02 1.49214e-03 2.78881e-04
5.900e+02 1.68271e-03 2.69234e-04
5.950e+02 1.92356e-03 2.59979e-04
6.000e+02 2.23527e-03 2.51086e-04
6.050e+02 2.65041e-03 2.42513e-04
6.100e+02 3.22296e-03 2.34231e-04
6.150e+02 4.04808e-03 2.26232e-04
6.200e+02 5.30729e-03 2.18514e-04
6.250e+02 7.38502e-03 2.11074e-04
6.300e+02 1.12489e-02 2.00676e-04
6.350e+02 1.97039e-02 1.93629e-04
6.400e+02 4.52913e-02 1.87548e-04
