0.000e+00 0.00000e+00 0.00000e+00
5.000e+00 1.15163e-03 4.12154e-04
1.000e+01 1.31373e-03 4.74568e-04
1.500e+01 1.19184e-03 8.76562e-04
2.000e+01 5.51115e-03 5.48453e-03
2.500e+01 1.52990e-02 1.02161e-02
3.000e+01 1.97070e-02 1.23028e-02
3.500e+01 2.24689e-02 1.37252e-02
4.000e+01 2.49998e-02 1.51047e-02
4.500e+01 2.74152e-02 1.63647e-02
5.000e+01 2.95170e-02 1.72843e-02
5.500e+01 3.11119e-02 1.77350e-02
6.000e+01 3.21901e-02 1.77309e-02
6.500e+01 3.27918e-02 1.73728e-02
7.000e+01 3.26470e-02 1.66678e-02
7.500e+01 3.18449e-02 1.56784e-02
8.000e+01 3.05054e-02 1.45025e-02
8.500e+01 2.87620e-02 1.32248e-02
9.000e+01 2.69023e-02 1.19149e-02
9.500e+01 2.48238e-02 1.06629e-02
1.000e+02 2.25816e-02 9.46548e-03
1.050e+02 2.03456e-02 8.34136e-03
1.100e+02 1.82106e-02 7.31538e-03
1.150e+02 1.63395e-02 6.39160e-03
1.200e+02 1.47002e-02 5.57838e-03
1.250e+02 1.30917e-02 4.88765e-03
1.300e+02 1.16351e-02 4.27077e-03
1.350e+02 1.03447e-02 3.73757e-03
1.400e+02 9.28587e-03 3.27855e-03
1.450e+02 8.46197e-03 2.88564e-03
1.500e+02 7.66083e-03 2.55998e-03
1.550e+02 6.94324e-03 2.29056e-03
1.600e+02 6.33267e-03 2.06337e-03
1.650e+02 5.89895e-03 1.87211e-03
1.700e+02 5.60643e-03 1.71266e-03
1.750e+02 5.29945e-03 1.58247e-03
1.800e+02 5.03196e-03 1.47885e-03
1.850e+02 4.83060e-03 1.39510e-03
1.900e+02 4.78702e-03 1.32206e-03
1.950e+02 4.78781e-03 1.26383e-03
2.000e+02 4.78788e-03 1.21947e-03
2.050e+02 4.82650e-03 1.18142e-03
2.100e+02 4.94110e-03 1.14703e-03
2.150e+02 5.15881e-03 1.11464e-03
2.200e+02 5.37254e-03 1.08472e-03
2.250e+02 5.62841e-03 1.05620e-03
2.300e+02 5.97253e-03 1.02850e-03
2.350e+02 6.47153e-03 1.00101e-03
2.400e+02 7.06399e-03 9.74140e-04
2.450e+02 7.81065e-03 9.47631e-04
2.500e+02 8.82928e-03 9.12580e-04
2.550e+02 1.02369e-02 8.85278e-04
2.600e+02 1.21461e-02 8.59790e-04
2.650e+02 1.48864e-02 8.34851e-04
2.700e+02 1.91202e-02 8.10256e-04
2.750e+02 2.60265e-02 7.86420e-04
2.800e+02 4.07423e-02 1.75087e-04
2.850e+02 6.79502e-02 1.36807e-04
2.900e+02 1.43650e-01 7.35195e-05

