2.000e+00 0.00000e+00 0.00000e+00
4.000e+00 1.46958e-03 2.68490e-04
6.000e+00 1.52712e-03 2.84403e-04
8.000e+00 1.54830e-03 2.92092e-04
1.000e+01 1.50206e-03 4.13091e-04
1.200e+01 2.37177e-03 1.15678e-03
1.400e+01 6.16198e-03 2.84868e-03
1.600e+01 1.31422e-02 5.20840e-03
1.800e+01 2.00410e-02 7.46207e-03
2.000e+01 2.48695e-02 9.12925e-03
2.200e+01 2.78180e-02 1.02412e-02
2.400e+01 2.99359e-02 1.09851e-02
2.600e+01 3.15432e-02 1.15167e-02
2.800e+01 3.30020e-02 1.19447e-02
3.000e+01 3.44638e-02 1.23203e-02
3.200e+01 3.58970e-02 1.26565e-02
3.400e+01 3.72928e-02 1.29519e-02
3.600e+01 3.86316e-02 1.32038e-02
3.800e+01 3.98131e-02 1.33943e-02
4.000e+01 4.07965e-02 1.35120e-02
4.200e+01 4.15329e-02 1.35478e-02
4.400e+01 4.19814e-02 1.34939e-02
4.600e+01 4.21407e-02 1.33485e-02
4.800e+01 4.20450e-02 1.31206e-02
5.000e+01 4.17124e-02 1.28224e-02
5.200e+01 4.11711e-02 1.24649e-02
5.400e+01 4.04919e-02 1.20531e-02
5.600e+01 3.97111e-02 1.16208e-02
5.800e+01 3.88408e-02 1.11764e-02
6.000e+01 3.78332e-02 1.07278e-02
6.200e+01 3.66939e-02 1.02692e-02
6.400e+01 3.54614e-02 9.79865e-03
6.600e+01 3.41675e-02 9.32051e-03
6.800e+01 3.28355e-02 8.84254e-03
7.000e+01 3.14838e-02 8.37027e-03
7.200e+01 3.01267e-02 7.90946e-03
7.400e+01 2.87762e-02 7.46353e-03
7.600e+01 2.74425e-02 7.03473e-03
7.800e+01 2.61343e-02 6.62410e-03
8.000e+01 2.48724e-02 6.23153e-03
8.200e+01 2.37063e-02 5.85703e-03
8.400e+01 2.26479e-02 5.50294e-03
8.600e+01 2.16348e-02 5.17689e-03
8.800e+01 2.06173e-02 4.88291e-03
9.000e+01 1.96000e-02 4.61413e-03
9.200e+01 1.86107e-02 4.36020e-03
9.400e+01 1.76607e-02 4.11456e-03
9.600e+01 1.67576e-02 3.87817e-03
9.800e+01 1.59048e-02 3.65237e-03
1.000e+02 1.51005e-02 3.43914e-03
1.020e+02 1.43426e-02 3.23908e-03
1.040e+02 1.36277e-02 3.05224e-03
1.060e+02 1.29619e-02 2.87805e-03
1.080e+02 1.23893e-02 2.71557e-03
1.100e+02 1.19263e-02 2.56409e-03
1.120e+02 1.15174e-02 2.42410e-03
1.140e+02 1.10991e-02 2.30069e-03
1.160e+02 1.06596e-02 2.18884e-03
1.180e+02 1.02132e-02 2.09492e-03
1.200e+02 9.77522e-03 2.01492e-03
1.220e+02 9.36593e-03 1.93751e-03
1.240e+02 8.98792e-03 1.85994e-03
1.260e+02 8.63961e-03 1.78310e-03
1.280e+02 8.32013e-03 1.70936e-03
1.300e+02 8.02643e-03 1.64020e-03
1.320e+02 7.77529e-03 1.57561e-03
1.340e+02 7.60672e-03 1.51489e-03
1.360e+02 7.52223e-03 1.45786e-03
1.380e+02 7.45373e-03 1.40526e-03
1.400e+02 7.35818e-03 1.35757e-03
1.420e+02 7.24135e-03 1.31638e-03
1.440e+02 7.11863e-03 1.28337e-03
1.460e+02 6.99703e-03 1.25840e-03
1.480e+02 6.88630e-03 1.23782e-03
1.500e+02 6.79212e-03 1.21855e-03
1.520e+02 6.71650e-03 1.19961e-03
1.540e+02 6.65997e-03 1.18132e-03
1.560e+02 6.63382e-03 1.16371e-03
1.580e+02 6.68298e-03 1.14628e-03
1.600e+02 6.82622e-03 1.12879e-03
1.620e+02 7.00088e-03 1.11194e-03
1.640e+02 7.15039e-03 1.09626e-03
1.660e+02 7.27382e-03 1.08164e-03
1.680e+02 7.39167e-03 1.06798e-03
1.700e+02 7.51059e-03 1.05620e-03
1.720e+02 7.63949e-03 1.04709e-03
1.740e+02 7.78352e-03 1.04019e-03
1.760e+02 7.94707e-03 1.03456e-03
1.780e+02 8.14884e-03 1.01777e-03
1.800e+02 8.39911e-03 1.00849e-03
1.820e+02 8.75395e-03 9.99506e-04
1.840e+02 9.21175e-03 9.89782e-04
1.860e+02 9.68881e-03 9.80203e-04
1.880e+02 1.01529e-02 9.71085e-04
1.900e+02 1.06290e-02 9.62277e-04
1.920e+02 1.11405e-02 9.53649e-04
1.940e+02 1.17055e-02 9.45189e-04
1.960e+02 1.23442e-02 9.37247e-04
1.980e+02 1.30742e-02 9.30260e-04
2.000e+02 1.39186e-02 9.24404e-04
2.020e+02 1.49385e-02 9.19419e-04
2.040e+02 1.62195e-02 9.16721e-04
2.060e+02 1.77645e-02 9.31253e-04
2.080e+02 2.08701e-02 2.93631e-04
2.100e+02 2.30417e-02 2.84862e-04
2.120e+02 2.56060e-02 2.75770e-04
2.140e+02 2.87175e-02 2.66158e-04
2.160e+02 3.25806e-02 2.55831e-04
2.180e+02 3.74922e-02 2.44534e-04
2.200e+02 4.38830e-02 2.32082e-04
2.220e+02 5.24750e-02 2.18143e-04
2.240e+02 6.45362e-02 2.01879e-04
2.260e+02 8.21612e-02 1.81950e-04
2.280e+02 1.08950e-01 1.56958e-04
2.300e+02 1.52493e-01 1.24244e-04
2.320e+02 2.31268e-01 7.58618e-05

