14.4	5.24	14.4	1.19
14.4	5.64	14.6	1.25
14.5	6.34	14.7	1.5
14.7	6.9	14.9	1.84
14.8	7.39	15	2.15
15	8.06	15.2	2.14
15.1	8.18	15.4	1.88
15.3	8.57	15.6	1.71
15.4	9.04	15.7	2.05
15.5	9.56	15.8	3.1
15.6	10.88	15.9	3.88
15.7	12.65	16	4.79
15.7	13.24	16.2	5.42
15.8	13.77	16.3	5.37
15.9	14.85	16.5	4.26
16	15.96	16.5	3.51
16.1	15.4	16.6	2.61
16.2	14.74	16.7	2.24
16.2	14.01	16.9	2.04
16.2	13.59	17	1.98
16.2	12.84	17.2	2.4
16.3	12.07	17.3	2.83
16.3	11.41	17.5	3.23
16.4	10.67	17.6	3.47
16.4	9.93	17.8	3.55
16.4	9.14	18	3.5
16.5	8.08	18.1	3.43
16.5	7.28	18.3	3.45
16.6	6.69	18.5	3.16
16.8	6.05	18.6	2.96
16.9	5.93	18.8	3
17	5.42	18.9	3.48
17.2	4.79	19.1	4.23
17.4	4.32	19.1	4.95
17.5	4.3	19.2	5.62
17.7	4.61	19.3	6.46
17.8	5.04	19.4	7.25
17.9	5.73	19.5	7.97
18.1	6.23	19.6	8.34
18.2	6.8	19.8	8.15
18.3	7.57	19.9	7.16
18.5	7.98	20	6.36
18.6	8.16	20.1	5.42
18.8	8.15	20.2	4.69
19	7.3	20.4	4.51
19.1	6.75	20.6	4.42
19.4	6.22	20.7	4.48
19.4	6.73	20.9	4.24
19.5	7.67	21	3.61
19.6	8.26	21.3	3.06
19.8	8.88	21.5	2.97
19.9	9.33	21.6	3.12
20.1	8.57	21.8	3.38
20.4	7.95	21.9	3.47
20.5	8.21	22.1	3.56
20.6	8.48	22.3	3.59
20.8	8.85	22.4	3.7
20.9	9.82	22.6	3.96
21	10.37	22.8	4.21
21.2	11.14	22.9	4.29
21.2	11.93	23.1	3.94
21.4	12.87	23.2	3.26
21.4	13.64	23.4	2.75
21.5	14.63	23.6	2.63
21.6	15.15	23.8	3.02
21.8	15.67	24	3.35
22	16.02	24.1	3.52
22	15.52	24.3	3.6
22.2	14.82	24.4	3.31
22.3	14.23	24.6	3.27
22.4	13.73	24.8	3.44
22.5	13.03	24.9	3.57
22.6	11.9	25.1	3.66
22.7	10.93	25.3	3.62
22.8	10.2	25.4	3.48
23	9.35	25.6	3.4
23.1	9.73	25.8	3.17
23.2	10.17	25.9	2.99
23.4	10.75	26.1	3.11
23.5	11.43	26.2	3.35
23.6	12.1	26.4	3.58
23.8	12.37	26.6	3.65
23.9	12.57	26.7	3.65
24	12.55	26.9	3.7
24.2	11.83	27.1	3.9
24.3	11.24	27.3	3.94
24.4	10.87	27.4	3.7
24.6	10.07	27.6	3.35
24.8	9.76	27.7	3.18
24.8	9.36	27.9	3.19
24.9	10.27	28	3.28
25.1	10.88	28.2	3.46
25.2	11.34	28.4	3.66
25.3	11.92	28.5	3.85
25.5	12.55	28.7	3.9
25.6	13.08	28.9	3.84
25.8	13.71	29.1	3.59
25.9	13.81	29.2	3.5
26.2	13.26	29.4	3.64
26.3	12.66	29.5	3.78
26.5	12.82	29.7	3.9
26.7	12.96	29.9	3.98
26.8	12.9	30	3.93
27	12.76	30.2	3.84
27.2	12.06	30.4	3.95
27.3	12.14	30.5	3.89
27.5	12.17	30.7	3.88
27.5	11.98	30.9	3.85
27.7	12.18	31.1	3.8
27.8	12.2	31.2	3.74
28	11.89	31.4	3.72
28.2	11.78	31.5	3.68
28.3	11.38	31.7	3.65
28.5	11.3	31.9	3.69
28.6	11.35	32	3.73
28.8	11.49	32.2	3.7
29	11.76	32.3	3.72
29.2	11.95	32.5	3.71
29.3	11.49	32.7	3.83
29.5	11.2	32.9	3.87
29.6	11.05	33.1	3.89
29.8	10.94	33.2	3.92
30	10.95	33.4	3.96
30.2	10.94	33.5	3.96
30.4	10.71	33.7	4.02
30.6	10.68	33.9	3.96
30.8	10.47	34.1	4.01
30.9	10.38	34.3	3.79
31.1	10.37	34.4	3.86
31.2	10.35	34.6	3.92
31.4	10.48	34.7	3.91
31.6	10.52	34.9	3.88
31.8	10.39	35.1	3.85
32	10.32	35.2	3.8
32.2	10.33	35.4	3.9
32.4	10.3	35.6	3.92
32.6	10.32	35.7	3.85
32.8	10.21	35.9	3.67
33	10.5	36	3.77
33.1	10.66	36.2	3.75
33.3	10.72	36.4	4.01
33.4	10.7	36.5	4.18
33.6	10.37	36.7	4.18
33.8	10.36	36.9	4.22
34	10.56	37.1	4.04
34.2	10.83	37.2	3.9
34.4	10.64	37.4	3.97
34.6	10.04	37.5	3.98
34.7	9.79	37.7	3.98
34.8	9.65	37.9	3.97
35	9.54	38	3.97
35.2	9.74	38.2	4.04
35.4	9.88	38.3	4.15
35.6	10.23	38.5	4.16
35.8	10.46	38.7	4.15
36	10.31	38.8	4.17
36.2	10.61	39.1	4.06
36.3	10.56	39.3	4.13
36.4	10.43	39.5	4.13
36.6	10.3	39.6	4.12
36.8	9.76	39.8	4.21
37	9.78	39.9	4.15
37.2	10.04	40.1	4.18
37.3	10.54	40.3	4.25
37.5	10.65	-20.0  0.0	
37.6	10.52		-20.0  0.0	
37.8	10.29		-20.0  0.0	
38	10.38		-20.0  0.0	
38.2	9.99		-20.0  0.0	
38.3	9.93		-20.0  0.0	
38.5	9.83		-20.0  0.0	
38.6	9.64		-20.0  0.0	
38.8	9.83		-20.0  0.0	
39	10.03		-20.0  0.0	
39.2	10.11			-20.0  0.0
39.4	9.99			-20.0  0.0
39.5	10.04			-20.0  0.0
39.6	10			-20.0  0.0
39.8	9.82			-20.0  0.0
40	9.68			-20.0  0.0
40.2	9.46			-20.0  0.0
